1.250000000000000000e+02 7.000000000000000666e-02 1.027730779265342426e-01 6.744066216926091784e+01 9.379938769813215913e+03 1.731999999999999886e+02
1.250000000000000000e+02 7.000000000000000666e-02 -5.440404615362555429e-03 5.619997622915322211e+01 5.467344002183405792e+03 1.731999999999999886e+02
1.250000000000000000e+02 7.000000000000000666e-02 -4.041476323474575694e-03 1.053036155060921431e+02 9.587407200969217229e+03 1.731999999999999886e+02
1.250000000000000000e+02 7.000000000000000666e-02 3.389203377656264948e-02 6.373531299827495644e+01 2.387681366660933691e+03 1.731999999999999886e+02
1.250000000000000000e+02 7.000000000000000666e-02 3.754711104385611287e-01 3.046091498492209482e+01 5.522816548348106153e+03 1.731999999999999886e+02
1.250000000000000000e+02 7.000000000000000666e-02 -2.218689883664828055e-01 7.350992277953778853e+01 9.321807158287248967e+03 1.731999999999999886e+02
1.250000000000000000e+02 7.000000000000000666e-02 3.274878040989202543e-01 3.634278636258611783e+01 8.265905144749001920e+03 1.731999999999999886e+02
1.250000000000000000e+02 7.000000000000000666e-02 -2.939974765960117198e-01 4.049542807391356547e+01 5.821264028820720341e+03 1.731999999999999886e+02
1.250000000000000000e+02 7.000000000000000666e-02 2.674862431570917617e-02 9.186164799979530926e+01 7.876581599202580946e+03 1.731999999999999886e+02
1.250000000000000000e+02 7.000000000000000666e-02 2.541413990237282317e-01 4.477930001119865011e+01 4.008424428124563747e+03 1.731999999999999886e+02
1.250000000000000000e+02 7.000000000000000666e-02 -3.751393420493943226e-02 6.397451455069516157e+01 8.668965163594939440e+03 1.731999999999999886e+02
1.250000000000000000e+02 7.000000000000000666e-02 2.815821057674373629e-01 4.226264559887945893e+01 2.556092427448870239e+03 1.731999999999999886e+02
1.250000000000000000e+02 7.000000000000000666e-02 2.071799912569262381e-01 7.350082539808525439e+01 2.843371000740222371e+03 1.731999999999999886e+02
1.250000000000000000e+02 7.000000000000000666e-02 4.040561276234162086e-02 5.328365228009370469e+01 5.682372323858488926e+03 1.731999999999999886e+02
1.250000000000000000e+02 7.000000000000000666e-02 3.870811668986487986e-01 3.054315958636784600e+01 8.338329791690499405e+03 1.731999999999999886e+02
1.250000000000000000e+02 7.000000000000000666e-02 4.564743036850876963e-03 1.068856434766633896e+02 6.800991796325825817e+03 1.731999999999999886e+02
1.250000000000000000e+02 7.000000000000000666e-02 -3.709372644913939698e-01 3.384799410035125788e+01 8.228608538442800636e+03 1.731999999999999886e+02
1.250000000000000000e+02 7.000000000000000666e-02 2.734553930860175730e-01 4.174846718517533617e+01 2.363420840260226669e+03 1.731999999999999886e+02
1.250000000000000000e+02 7.000000000000000666e-02 -1.024244208604063178e-01 5.233322108944497586e+01 7.973792598744257702e+03 1.731999999999999886e+02
1.250000000000000000e+02 7.000000000000000666e-02 2.482195826463741151e-01 4.476609266231246664e+01 9.442346434362632863e+03 1.731999999999999886e+02
1.250000000000000000e+02 7.000000000000000666e-02 -4.634224679116548118e-01 1.951085432188363811e+01 2.147327431214036551e+03 1.731999999999999886e+02
1.250000000000000000e+02 7.000000000000000666e-02 3.176305745205003361e-02 8.917677370984351626e+01 9.237738445825460076e+03 1.731999999999999886e+02
1.250000000000000000e+02 7.000000000000000666e-02 3.675263294836573769e-01 3.256351573284752021e+01 4.082589814360424043e+03 1.731999999999999886e+02
1.250000000000000000e+02 7.000000000000000666e-02 -4.156883511984727636e-02 9.927537148960541913e+01 1.227708312489478658e+03 1.731999999999999886e+02
1.250000000000000000e+02 7.000000000000000666e-02 -4.655712787793867685e-03 5.658517131127782562e+01 2.208813073935492866e+03 1.731999999999999886e+02
1.250000000000000000e+02 7.000000000000000666e-02 -9.567325124471479786e-03 5.509399047647764291e+01 5.906042932430777000e+03 1.731999999999999886e+02
1.250000000000000000e+02 7.000000000000000666e-02 4.424150592189923792e-02 9.128773203578448658e+01 2.681443576266719901e+03 1.731999999999999886e+02
1.250000000000000000e+02 7.000000000000000666e-02 4.082220195834340704e-02 8.695168527607393116e+01 7.943380550766562919e+03 1.731999999999999886e+02
1.250000000000000000e+02 7.000000000000000666e-02 4.784331277955240075e-02 8.598567761870977222e+01 4.125884817883135838e+03 1.731999999999999886e+02
1.250000000000000000e+02 7.000000000000000666e-02 1.449195997754881490e-02 9.529757273543887663e+01 9.708785667242409545e+03 1.731999999999999886e+02
1.250000000000000000e+02 7.000000000000000666e-02 -4.733696534637562570e-01 1.649380271096270789e+01 3.781130211004072407e+03 1.731999999999999886e+02
1.250000000000000000e+02 7.000000000000000666e-02 -4.491069433132113820e-01 1.989077322892630306e+01 9.289020312869282861e+03 1.731999999999999886e+02
1.250000000000000000e+02 7.000000000000000666e-02 -9.668322212857852899e-03 5.510382418394962656e+01 1.281402975582913086e+03 1.731999999999999886e+02
1.250000000000000000e+02 7.000000000000000666e-02 1.905001457955203190e-02 6.311296450485500031e+01 5.016668490849348018e+03 1.731999999999999886e+02
1.250000000000000000e+02 7.000000000000000666e-02 2.344880685876754023e-01 4.537814432838354151e+01 4.929359038690966372e+03 1.731999999999999886e+02
1.250000000000000000e+02 7.000000000000000666e-02 -1.136318205821588989e-02 1.044068618856836679e+02 3.583599129507892940e+03 1.731999999999999886e+02
1.250000000000000000e+02 7.000000000000000666e-02 -4.013605868892354545e-02 8.667926706358866795e+01 6.991478812153694889e+03 1.731999999999999886e+02
1.250000000000000000e+02 7.000000000000000666e-02 4.856005655917670222e-02 8.720446230011799571e+01 2.261768494345117688e+03 1.731999999999999886e+02
1.250000000000000000e+02 7.000000000000000666e-02 -1.875394838696729793e-02 9.568385949521139366e+01 7.414692772719202367e+03 1.731999999999999886e+02
1.250000000000000000e+02 7.000000000000000666e-02 -3.463309591199988380e-01 3.408481421804398082e+01 5.219638425585745608e+03 1.731999999999999886e+02
1.250000000000000000e+02 7.000000000000000666e-02 1.129480373404291929e-02 1.005866068920035161e+02 6.330081536999196032e+03 1.731999999999999886e+02
1.250000000000000000e+02 7.000000000000000666e-02 2.103840579973194347e-01 7.369271021122692389e+01 1.876512296840112867e+03 1.731999999999999886e+02
1.250000000000000000e+02 7.000000000000000666e-02 -2.397830665159043830e-03 2.548176229876032437e+02 9.269753613720124122e+03 1.731999999999999886e+02
1.250000000000000000e+02 7.000000000000000666e-02 3.114279507024977738e-03 5.739247388377412307e+01 3.234584424586223122e+03 1.731999999999999886e+02
1.250000000000000000e+02 7.000000000000000666e-02 -4.162528416799599063e-01 2.384133349701921034e+01 8.142293988367882775e+03 1.731999999999999886e+02
1.250000000000000000e+02 7.000000000000000666e-02 1.958648405203176068e-01 4.906001615250886516e+01 3.050677434882073157e+03 1.731999999999999886e+02
1.250000000000000000e+02 7.000000000000000666e-02 -4.759370639058994601e-01 1.910748554250467990e+01 3.591634574328732469e+03 1.731999999999999886e+02
1.250000000000000000e+02 7.000000000000000666e-02 1.263626854930870571e-03 5.927715597838607664e+01 9.065362930392097041e+03 1.731999999999999886e+02
1.250000000000000000e+02 7.000000000000000666e-02 -3.532854976731653659e-03 1.100330833207094656e+02 5.778257108686832908e+03 1.731999999999999886e+02
1.250000000000000000e+02 7.000000000000000666e-02 -4.095960160888093005e-02 6.406201425733820543e+01 1.363696331602746568e+03 1.731999999999999886e+02
1.250000000000000000e+02 7.000000000000000666e-02 -4.436633208264775113e-02 8.842516085898412825e+01 4.555268427743360917e+03 1.731999999999999886e+02
1.250000000000000000e+02 7.000000000000000666e-02 3.412740060401849851e-01 3.567051044222553458e+01 2.066926837617249475e+03 1.731999999999999886e+02
1.250000000000000000e+02 7.000000000000000666e-02 -8.421069440960925537e-04 1.632836318040694721e+02 7.205448734788205002e+03 1.731999999999999886e+02
1.250000000000000000e+02 7.000000000000000666e-02 -2.530056539641467039e-01 4.483216215072604882e+01 9.490230465329948856e+03 1.731999999999999886e+02
1.250000000000000000e+02 7.000000000000000666e-02 -4.939949690836082513e-02 8.137130519966548547e+01 9.623494285392707752e+03 1.731999999999999886e+02
1.250000000000000000e+02 7.000000000000000666e-02 -3.668607519208588394e-03 5.709913343960104015e+01 7.199090785759977734e+03 1.731999999999999886e+02
1.250000000000000000e+02 7.000000000000000666e-02 3.404272664631373124e-01 3.553959917313758865e+01 3.097725542447464704e+03 1.731999999999999886e+02
1.250000000000000000e+02 7.000000000000000666e-02 2.062774387424368971e-01 7.444462804611670492e+01 3.827772049383206195e+03 1.731999999999999886e+02
1.250000000000000000e+02 7.000000000000000666e-02 -3.436348306711264206e-02 8.849915588570956970e+01 8.441349431065176759e+03 1.731999999999999886e+02
1.250000000000000000e+02 7.000000000000000666e-02 -1.691445933338354621e-02 1.003824209100462923e+02 4.295688230917030523e+03 1.731999999999999886e+02
1.250000000000000000e+02 7.000000000000000666e-02 -5.475220283403335782e-03 1.024614246555795205e+02 9.648663052530107962e+03 1.731999999999999886e+02
1.250000000000000000e+02 7.000000000000000666e-02 1.528052487459607284e-02 9.927782913269884091e+01 5.336936297753956751e+03 1.731999999999999886e+02
1.250000000000000000e+02 7.000000000000000666e-02 -1.286495854010341611e-02 1.014223377722164798e+02 4.759245755210367861e+03 1.731999999999999886e+02
1.250000000000000000e+02 7.000000000000000666e-02 1.180737667130982577e-01 7.786876766560314422e+01 6.155214824808749654e+03 1.731999999999999886e+02
1.250000000000000000e+02 7.000000000000000666e-02 -3.247194158204116943e-02 9.510360545338319582e+01 3.407624538641908657e+03 1.731999999999999886e+02
1.250000000000000000e+02 7.000000000000000666e-02 -3.820652696341069743e-01 3.240055530798353089e+01 5.908693347642430126e+03 1.731999999999999886e+02
1.250000000000000000e+02 7.000000000000000666e-02 -3.657025340182277762e-01 3.168628410632609871e+01 7.721592587724353507e+03 1.731999999999999886e+02
1.250000000000000000e+02 7.000000000000000666e-02 -1.226440252412597381e-01 6.816163010173403336e+01 4.485431660303664103e+03 1.731999999999999886e+02
1.250000000000000000e+02 7.000000000000000666e-02 -9.527387941537214522e-02 6.684811668741097890e+01 7.052398463693210033e+03 1.731999999999999886e+02
1.250000000000000000e+02 7.000000000000000666e-02 -3.934697808167515465e-01 2.979365374120319032e+01 9.657365005650977764e+03 1.731999999999999886e+02
1.250000000000000000e+02 7.000000000000000666e-02 -1.157189949186683206e-02 9.959366121452316634e+01 6.800653794094065233e+03 1.731999999999999886e+02
1.250000000000000000e+02 7.000000000000000666e-02 -1.930920509306112143e-01 7.197603176023021376e+01 9.773165724342768954e+03 1.731999999999999886e+02
1.250000000000000000e+02 7.000000000000000666e-02 2.262933126908253309e-02 1.053773481981730242e+02 1.550935313679354749e+03 1.731999999999999886e+02
1.250000000000000000e+02 7.000000000000000666e-02 1.175356244154633911e-01 6.781148948918979613e+01 9.764182640818444270e+03 1.731999999999999886e+02
1.250000000000000000e+02 7.000000000000000666e-02 1.854836013641404657e-01 7.573408247611351385e+01 5.452978797393783680e+03 1.731999999999999886e+02
1.250000000000000000e+02 7.000000000000000666e-02 2.562967866505402870e-01 4.356221638098654125e+01 1.861061718295289666e+03 1.731999999999999886e+02
1.250000000000000000e+02 7.000000000000000666e-02 3.194562515729651225e-04 6.220477766754468263e+01 2.094215833851400930e+03 1.731999999999999886e+02
1.250000000000000000e+02 7.000000000000000666e-02 -2.418163237996509285e-01 4.594669641441880970e+01 3.331310158054066051e+03 1.731999999999999886e+02
1.250000000000000000e+02 7.000000000000000666e-02 -2.637981992811941345e-01 4.325365738200876109e+01 3.883642933502270353e+03 1.731999999999999886e+02
1.250000000000000000e+02 7.000000000000000666e-02 -4.180524669745357136e-02 6.416684919786536057e+01 6.582114213382327762e+03 1.731999999999999886e+02
1.250000000000000000e+02 7.000000000000000666e-02 -3.577809458485865513e-01 3.339756986072777067e+01 9.021746449222780939e+03 1.731999999999999886e+02
1.250000000000000000e+02 7.000000000000000666e-02 -3.346934128404063236e-01 3.560943503334646465e+01 4.242843943921638129e+03 1.731999999999999886e+02
1.250000000000000000e+02 7.000000000000000666e-02 -2.043917080525909646e-01 7.210380764680790833e+01 3.010743898867036478e+03 1.731999999999999886e+02
1.250000000000000000e+02 7.000000000000000666e-02 4.777552092310927701e-01 1.207496142639123526e+01 7.239666367251669726e+03 1.731999999999999886e+02
1.250000000000000000e+02 7.000000000000000666e-02 -4.526671180088492896e-02 8.545340993153487830e+01 4.362053060382933836e+03 1.731999999999999886e+02
1.250000000000000000e+02 7.000000000000000666e-02 2.863081264559569003e-02 9.476359818117143163e+01 4.377309372426338996e+03 1.731999999999999886e+02
1.250000000000000000e+02 7.000000000000000666e-02 -1.946544974567010200e-01 7.182293269558712723e+01 4.127413765299785155e+03 1.731999999999999886e+02
1.250000000000000000e+02 7.000000000000000666e-02 1.569503146463843424e-01 5.047158973143366723e+01 4.157390601287324898e+03 1.731999999999999886e+02
1.250000000000000000e+02 7.000000000000000666e-02 9.190766557513493917e-02 6.677018237893591390e+01 7.795363703678091042e+03 1.731999999999999886e+02
1.250000000000000000e+02 7.000000000000000666e-02 -5.469763154774681668e-02 5.316616076592704587e+01 1.650354013981524076e+03 1.731999999999999886e+02
1.250000000000000000e+02 7.000000000000000666e-02 1.254215593478522350e-01 5.187860180253647968e+01 3.023908080125102515e+03 1.731999999999999886e+02
1.250000000000000000e+02 7.000000000000000666e-02 -3.677642796005630710e-01 3.471665340895945207e+01 5.941670548870433777e+03 1.731999999999999886e+02
1.250000000000000000e+02 7.000000000000000666e-02 -1.853346863189118130e-03 5.856038798139827861e+01 2.472761535355791239e+03 1.731999999999999886e+02
1.250000000000000000e+02 7.000000000000000666e-02 2.428220304867332591e-01 4.493145162457273756e+01 6.103257732474087788e+03 1.731999999999999886e+02
1.250000000000000000e+02 7.000000000000000666e-02 -6.616643767610749446e-03 5.586343756040760411e+01 8.349019633036263258e+03 1.731999999999999886e+02
1.250000000000000000e+02 7.000000000000000666e-02 -9.346533474662866922e-03 9.864638824877891921e+01 9.474944154829079707e+03 1.731999999999999886e+02
1.250000000000000000e+02 7.000000000000000666e-02 3.419118620670636988e-01 3.475469658916039606e+01 2.693718245393148209e+03 1.731999999999999886e+02
1.250000000000000000e+02 7.000000000000000666e-02 4.604648294718766133e-01 2.034834366461169353e+01 8.388829232787444198e+03 1.731999999999999886e+02
1.250000000000000000e+02 7.000000000000000666e-02 -3.912908761839374860e-01 2.999609437720297578e+01 5.312940628383860712e+03 1.731999999999999886e+02
1.250000000000000000e+02 7.000000000000000666e-02 5.861020035987599824e-04 1.252856675921072309e+02 6.256418269868588141e+03 1.731999999999999886e+02
1.250000000000000000e+02 7.000000000000000666e-02 -3.128119569174409725e-02 6.361499765537522677e+01 4.844453570288098490e+03 1.731999999999999886e+02
1.250000000000000000e+02 7.000000000000000666e-02 -1.142619991385133982e-02 9.710733954254467903e+01 9.985877277899435285e+03 1.731999999999999886e+02
1.250000000000000000e+02 7.000000000000000666e-02 -4.575025372110659849e-01 1.608272457710924286e+01 4.428975418646239632e+03 1.731999999999999886e+02
1.250000000000000000e+02 7.000000000000000666e-02 -3.402958468418256777e-01 3.651509769587889309e+01 7.981272429358026784e+03 1.731999999999999886e+02
1.250000000000000000e+02 7.000000000000000666e-02 1.466665634239169153e-02 6.291070997875175408e+01 6.524179636331484289e+03 1.731999999999999886e+02
1.250000000000000000e+02 7.000000000000000666e-02 -2.339733549398594625e-01 4.577209136693485192e+01 1.908497964008681038e+03 1.731999999999999886e+02
1.250000000000000000e+02 7.000000000000000666e-02 1.962743889696350399e-02 9.436209371281849201e+01 8.095905275371854259e+03 1.731999999999999886e+02
1.250000000000000000e+02 7.000000000000000666e-02 4.782913562092881710e-02 8.593034765859250967e+01 2.684678006707566510e+03 1.731999999999999886e+02
1.250000000000000000e+02 7.000000000000000666e-02 -1.669986137154022207e-02 5.420368242201332976e+01 8.895666355153252880e+03 1.731999999999999886e+02
1.250000000000000000e+02 7.000000000000000666e-02 -2.809144065737786597e-04 6.238748776948352770e+01 5.389269654623323731e+03 1.731999999999999886e+02
1.250000000000000000e+02 7.000000000000000666e-02 1.491398586470073576e-02 9.619297456419720049e+01 8.949694246439139533e+03 1.731999999999999886e+02
1.250000000000000000e+02 7.000000000000000666e-02 -3.390903130945747967e-02 1.013726759882277690e+02 1.464179336357822194e+03 1.731999999999999886e+02
1.250000000000000000e+02 7.000000000000000666e-02 -1.494715473763537491e-03 1.428580188812480571e+02 2.619015178288239440e+03 1.731999999999999886e+02
1.250000000000000000e+02 7.000000000000000666e-02 7.697246576589945877e-02 6.601836554348402331e+01 7.071721752071033734e+03 1.731999999999999886e+02
1.250000000000000000e+02 7.000000000000000666e-02 -1.187094269085920729e-02 9.815259502158903615e+01 8.608529155112426452e+03 1.731999999999999886e+02
1.250000000000000000e+02 7.000000000000000666e-02 2.820377492995373991e-01 4.210832942839105897e+01 9.680509514180677797e+03 1.731999999999999886e+02
1.250000000000000000e+02 7.000000000000000666e-02 -3.706153395686272861e-02 8.956409225517644757e+01 5.887046545707306905e+03 1.731999999999999886e+02
1.250000000000000000e+02 7.000000000000000666e-02 -1.876336294034937624e-01 7.144914164686622371e+01 1.561695273922651268e+03 1.731999999999999886e+02
1.250000000000000000e+02 7.000000000000000666e-02 -1.346224400800067646e-03 1.224731565791854564e+02 3.983100922033438110e+03 1.731999999999999886e+02
1.250000000000000000e+02 7.000000000000000666e-02 2.387069493961424815e-01 4.481270946324891469e+01 4.232867326957553814e+03 1.731999999999999886e+02
1.250000000000000000e+02 7.000000000000000666e-02 4.843527937176017595e-01 1.295774572766280919e+01 8.267371168121106166e+03 1.731999999999999886e+02
1.250000000000000000e+02 7.000000000000000666e-02 4.795344707996448963e-01 1.331122972730149989e+01 6.373259331334731542e+03 1.731999999999999886e+02
1.250000000000000000e+02 7.000000000000000666e-02 2.602770583517930239e-02 5.376787142447952306e+01 5.570913921507049963e+03 1.731999999999999886e+02
1.250000000000000000e+02 7.000000000000000666e-02 3.393396182592612331e-01 3.706601524059297503e+01 4.915253361348299222e+03 1.731999999999999886e+02
1.250000000000000000e+02 7.000000000000000666e-02 5.393539592261110266e-02 5.314314656799322023e+01 2.582017813080011365e+03 1.731999999999999886e+02
1.250000000000000000e+02 7.000000000000000666e-02 2.810578318627537930e-01 4.241275276751372303e+01 4.585399856985404767e+03 1.731999999999999886e+02
1.250000000000000000e+02 7.000000000000000666e-02 2.879446513179687028e-01 4.151472858811934685e+01 5.361679035117540479e+03 1.731999999999999886e+02
1.250000000000000000e+02 7.000000000000000666e-02 5.036353678503836806e-02 6.463155570660909177e+01 5.907148629405318388e+03 1.731999999999999886e+02
1.250000000000000000e+02 7.000000000000000666e-02 -4.482311081160482713e-01 2.273447069455045622e+01 9.663671767164179983e+03 1.731999999999999886e+02
1.250000000000000000e+02 7.000000000000000666e-02 -1.716868153360929794e-01 7.659561869116544131e+01 4.119417268294097994e+03 1.731999999999999886e+02
1.250000000000000000e+02 7.000000000000000666e-02 6.035922097782812435e-04 1.521218285574437061e+02 7.633590940108653740e+03 1.731999999999999886e+02
1.250000000000000000e+02 7.000000000000000666e-02 -1.133336327649673292e-01 7.788889507459622052e+01 8.709241736528452748e+03 1.731999999999999886e+02
1.250000000000000000e+02 7.000000000000000666e-02 1.852142662248182081e-01 7.107376464271371219e+01 4.223182952174550337e+03 1.731999999999999886e+02
1.250000000000000000e+02 7.000000000000000666e-02 4.818864327729916602e-02 8.426244492403041875e+01 1.388770460611064209e+03 1.731999999999999886e+02
1.250000000000000000e+02 7.000000000000000666e-02 4.637217725843049976e-02 8.951854524760821619e+01 2.670488510819922340e+03 1.731999999999999886e+02
1.250000000000000000e+02 7.000000000000000666e-02 1.487199465267057506e-02 9.804979407955110560e+01 6.481335480883451964e+03 1.731999999999999886e+02
1.250000000000000000e+02 7.000000000000000666e-02 3.460861557421620986e-03 1.125369866985937222e+02 4.568768802233237693e+03 1.731999999999999886e+02
1.250000000000000000e+02 7.000000000000000666e-02 3.864744828995777537e-01 2.955921586903954790e+01 4.370072552026753328e+03 1.731999999999999886e+02
1.250000000000000000e+02 7.000000000000000666e-02 -1.154184967037498108e-02 1.017741687037512435e+02 5.398605970826758494e+03 1.731999999999999886e+02
1.250000000000000000e+02 7.000000000000000666e-02 1.810359485523781219e-03 1.685647042106111542e+02 3.423419795426315886e+03 1.731999999999999886e+02
1.250000000000000000e+02 7.000000000000000666e-02 4.257905664696252646e-01 2.363226827568129806e+01 4.302762459744881198e+03 1.731999999999999886e+02
1.250000000000000000e+02 7.000000000000000666e-02 2.747761726451851058e-02 9.732915268630407013e+01 3.413429725048066302e+03 1.731999999999999886e+02
1.250000000000000000e+02 7.000000000000000666e-02 3.325505077460166881e-01 3.714500650513061686e+01 3.034675967601604043e+03 1.731999999999999886e+02
1.250000000000000000e+02 7.000000000000000666e-02 -4.431393220268425859e-01 1.826596985833603881e+01 2.966198609009327811e+03 1.731999999999999886e+02
1.250000000000000000e+02 7.000000000000000666e-02 -4.727500604708254062e-02 5.307377264412359352e+01 3.579981295242509532e+03 1.731999999999999886e+02
1.250000000000000000e+02 7.000000000000000666e-02 -3.543765377445241005e-01 3.600049592412258193e+01 4.223534855814192269e+03 1.731999999999999886e+02
1.250000000000000000e+02 7.000000000000000666e-02 -1.004773975398078403e-02 5.508644324640045653e+01 4.431851479714531706e+03 1.731999999999999886e+02
1.250000000000000000e+02 7.000000000000000666e-02 1.511548354902182700e-01 6.943294141010274245e+01 9.132643546865248936e+03 1.731999999999999886e+02
1.250000000000000000e+02 7.000000000000000666e-02 -2.371893760015473043e-02 5.377031775107660394e+01 9.284919165218194394e+03 1.731999999999999886e+02
1.250000000000000000e+02 7.000000000000000666e-02 -3.006132572549979898e-02 1.020593718016119738e+02 1.535827008397240661e+03 1.731999999999999886e+02
1.250000000000000000e+02 7.000000000000000666e-02 -4.168654814817344262e-02 9.584078331619724622e+01 1.499745983206558776e+03 1.731999999999999886e+02
1.250000000000000000e+02 7.000000000000000666e-02 -3.366640349601801030e-01 3.702789204234434095e+01 2.966277967539876499e+03 1.731999999999999886e+02
1.250000000000000000e+02 7.000000000000000666e-02 -3.852741088962766819e-02 8.895006676570845627e+01 5.673526882096935879e+03 1.731999999999999886e+02
1.250000000000000000e+02 7.000000000000000666e-02 -3.877827325690774707e-01 2.972736068366956630e+01 6.977718277230284002e+03 1.731999999999999886e+02
1.250000000000000000e+02 7.000000000000000666e-02 -1.624509853525963341e-03 1.253737156368473080e+02 2.375432997545129183e+03 1.731999999999999886e+02
1.250000000000000000e+02 7.000000000000000666e-02 -5.315092166395167603e-04 1.306440393204918280e+02 6.480342206089153478e+03 1.731999999999999886e+02
1.250000000000000000e+02 7.000000000000000666e-02 -1.200164991054915743e-03 5.937757931964686975e+01 8.664942290751343535e+03 1.731999999999999886e+02
1.250000000000000000e+02 7.000000000000000666e-02 3.303050856757179521e-02 1.004340445253788232e+02 1.685018583305588436e+03 1.731999999999999886e+02
1.250000000000000000e+02 7.000000000000000666e-02 -2.086465012637319164e-03 1.842289416362484360e+02 4.019170903820336662e+03 1.731999999999999886e+02
1.250000000000000000e+02 7.000000000000000666e-02 -3.980086102371245271e-01 2.741049192960632297e+01 1.043531364271295388e+03 1.731999999999999886e+02
1.250000000000000000e+02 7.000000000000000666e-02 1.955346656411815001e-02 5.393239424147086680e+01 5.682191129043246292e+03 1.731999999999999886e+02
1.250000000000000000e+02 7.000000000000000666e-02 -1.263984965907916048e-03 5.925364020770400231e+01 9.147964806115693136e+03 1.731999999999999886e+02
1.250000000000000000e+02 7.000000000000000666e-02 -1.799006173228216154e-01 7.125610981590887150e+01 9.552969737085642919e+03 1.731999999999999886e+02
1.250000000000000000e+02 7.000000000000000666e-02 4.940837561067771243e-03 5.627518339905704892e+01 2.037882126924202566e+03 1.731999999999999886e+02
1.250000000000000000e+02 7.000000000000000666e-02 -1.370013614334885700e-02 5.455141822392522499e+01 1.684890423677847139e+03 1.731999999999999886e+02
1.250000000000000000e+02 7.000000000000000666e-02 4.679122232524680208e-02 8.189567142340521855e+01 4.171979841437801952e+03 1.731999999999999886e+02
1.250000000000000000e+02 7.000000000000000666e-02 8.292455248083540481e-03 5.543231901943279638e+01 9.721843306166305410e+03 1.731999999999999886e+02
1.250000000000000000e+02 7.000000000000000666e-02 1.635182470812761605e-03 1.986937817939497393e+02 6.389961063832347463e+03 1.731999999999999886e+02
1.250000000000000000e+02 7.000000000000000666e-02 -1.818347263830957621e-03 5.844331254014892352e+01 8.764707873989542350e+03 1.731999999999999886e+02
1.250000000000000000e+02 7.000000000000000666e-02 -2.869624246289380065e-01 4.183554696611081880e+01 7.786935960211411839e+03 1.731999999999999886e+02
1.250000000000000000e+02 7.000000000000000666e-02 8.775297203203642760e-04 1.353995564578877975e+02 4.069168984238073335e+03 1.731999999999999886e+02
1.250000000000000000e+02 7.000000000000000666e-02 4.560475807165035450e-02 8.335037893260331998e+01 6.185034221125001750e+03 1.731999999999999886e+02
1.250000000000000000e+02 7.000000000000000666e-02 1.642077254441506092e-03 1.189602028142700334e+02 4.832060212987025807e+03 1.731999999999999886e+02
1.250000000000000000e+02 7.000000000000000666e-02 -4.608492976019330500e-01 1.825212058389961811e+01 6.059700943033387375e+03 1.731999999999999886e+02
1.250000000000000000e+02 7.000000000000000666e-02 2.706516773629613279e-02 9.562696438385121667e+01 4.108023108099747333e+03 1.731999999999999886e+02
1.250000000000000000e+02 7.000000000000000666e-02 -4.538757916869375075e-02 8.655262597914843070e+01 4.799698512065557225e+03 1.731999999999999886e+02
1.250000000000000000e+02 7.000000000000000666e-02 4.169940222596121293e-01 2.879020408107071205e+01 7.791358095078302540e+03 1.731999999999999886e+02
1.250000000000000000e+02 7.000000000000000666e-02 -4.076434291746297567e-02 9.312550513909494043e+01 2.073637909340570786e+03 1.731999999999999886e+02
1.250000000000000000e+02 7.000000000000000666e-02 4.098994825036734180e-01 2.829019537300279197e+01 8.338609605586561884e+03 1.731999999999999886e+02
1.250000000000000000e+02 7.000000000000000666e-02 -8.257432281074501227e-04 1.193460215159217199e+02 9.000236000329259696e+03 1.731999999999999886e+02
1.250000000000000000e+02 7.000000000000000666e-02 -1.386646166776330132e-02 5.449294103175380855e+01 3.006769917075977901e+03 1.731999999999999886e+02
1.250000000000000000e+02 7.000000000000000666e-02 5.373982984609858293e-02 6.471740609340278638e+01 5.492009791240696359e+03 1.731999999999999886e+02
1.250000000000000000e+02 7.000000000000000666e-02 -3.500950613583330151e-01 3.555631624784348332e+01 8.628521818735589477e+03 1.731999999999999886e+02
1.250000000000000000e+02 7.000000000000000666e-02 -4.162536372645864735e-01 2.808286955629898785e+01 2.659622924943688304e+03 1.731999999999999886e+02
1.250000000000000000e+02 7.000000000000000666e-02 4.671706220276293162e-04 6.156775528178767587e+01 8.374964820186745783e+03 1.731999999999999886e+02
1.250000000000000000e+02 7.000000000000000666e-02 8.215514668524666331e-02 6.634712671399486794e+01 1.562116824836897194e+03 1.731999999999999886e+02
1.250000000000000000e+02 7.000000000000000666e-02 -3.814611669638533903e-02 8.668640698633919328e+01 8.926143999436717422e+03 1.731999999999999886e+02
1.250000000000000000e+02 7.000000000000000666e-02 -2.010655352937706225e-02 9.392460743843767546e+01 9.094956653958714014e+03 1.731999999999999886e+02
1.250000000000000000e+02 7.000000000000000666e-02 4.209239680144911955e-02 8.845744327689392605e+01 5.773040377516399531e+03 1.731999999999999886e+02
1.250000000000000000e+02 7.000000000000000666e-02 1.030467932337218867e-01 5.245110077459080600e+01 9.436653276308907152e+03 1.731999999999999886e+02
1.250000000000000000e+02 7.000000000000000666e-02 -1.943011857633104023e-01 4.912383257669481651e+01 3.848424065462018461e+03 1.731999999999999886e+02
1.250000000000000000e+02 7.000000000000000666e-02 8.490073177884926081e-04 1.420575029480691285e+02 4.743608075001943689e+03 1.731999999999999886e+02
1.250000000000000000e+02 7.000000000000000666e-02 1.010043736757138336e-02 5.496368209576458952e+01 4.505615965547078304e+03 1.731999999999999886e+02
1.250000000000000000e+02 7.000000000000000666e-02 3.147449058720402926e-01 3.753381070912817563e+01 4.663714410192867035e+03 1.731999999999999886e+02
1.250000000000000000e+02 7.000000000000000666e-02 -4.577859228432268335e-02 8.449943067742376002e+01 3.065808951028703632e+03 1.731999999999999886e+02
1.250000000000000000e+02 7.000000000000000666e-02 2.070528209981143120e-01 4.832392893113443222e+01 6.812837897607360901e+03 1.731999999999999886e+02
1.250000000000000000e+02 7.000000000000000666e-02 4.959529810462421501e-02 8.066518475621984408e+01 9.574531139901786446e+03 1.731999999999999886e+02
1.250000000000000000e+02 7.000000000000000666e-02 -4.482846899865136625e-02 9.081474758410213610e+01 2.844672442689627132e+03 1.731999999999999886e+02
1.250000000000000000e+02 7.000000000000000666e-02 1.104481388022449453e-02 5.483329356934707732e+01 6.183349894525757009e+03 1.731999999999999886e+02
1.250000000000000000e+02 7.000000000000000666e-02 -4.240281114816907282e-01 2.306898652431711838e+01 4.867841158894019827e+03 1.731999999999999886e+02
1.250000000000000000e+02 7.000000000000000666e-02 -1.907784960888750337e-03 1.240288599776909422e+02 2.317578362203028519e+03 1.731999999999999886e+02
1.250000000000000000e+02 7.000000000000000666e-02 3.986630427471885008e-02 6.399593141707293853e+01 7.603140674866458539e+03 1.731999999999999886e+02
1.250000000000000000e+02 7.000000000000000666e-02 1.763679740081617042e-01 4.946540679312810340e+01 8.069974570361761835e+03 1.731999999999999886e+02
1.250000000000000000e+02 7.000000000000000666e-02 4.424351165043886175e-02 9.503193218734314485e+01 1.410810817932227337e+03 1.731999999999999886e+02
1.250000000000000000e+02 7.000000000000000666e-02 -4.732631642925345244e-02 8.755764082350914634e+01 1.523456924895769816e+03 1.731999999999999886e+02
1.250000000000000000e+02 7.000000000000000666e-02 -6.043676761779422741e-04 6.102099185847892926e+01 8.749051166739751352e+03 1.731999999999999886e+02
1.250000000000000000e+02 7.000000000000000666e-02 1.935645112901334397e-01 4.857448810589765031e+01 4.702644011438738744e+03 1.731999999999999886e+02
1.250000000000000000e+02 7.000000000000000666e-02 3.521615393945436850e-02 8.807832849531675379e+01 8.523642802912283514e+03 1.731999999999999886e+02
1.250000000000000000e+02 7.000000000000000666e-02 7.406391870681839143e-03 1.828478197018066851e+02 1.068591324621457261e+03 1.731999999999999886e+02
1.250000000000000000e+02 7.000000000000000666e-02 -1.420987342559577871e-01 5.137211144238349902e+01 2.804051748582705841e+03 1.731999999999999886e+02
1.250000000000000000e+02 7.000000000000000666e-02 4.279526871094940614e-03 1.216975489859873392e+02 1.296373457056477264e+03 1.731999999999999886e+02
1.250000000000000000e+02 7.000000000000000666e-02 1.579490050124559251e-03 1.228496985971239468e+02 3.091703982231069858e+03 1.731999999999999886e+02
1.250000000000000000e+02 7.000000000000000666e-02 1.622645826704236238e-01 7.002561480009102013e+01 6.303453334861117582e+03 1.731999999999999886e+02
1.250000000000000000e+02 7.000000000000000666e-02 -5.386202624448494305e-03 1.914764894175722247e+02 1.720753450081288065e+03 1.731999999999999886e+02
1.250000000000000000e+02 7.000000000000000666e-02 1.087533896681469742e-01 5.211590125239365534e+01 9.119442672513112484e+03 1.731999999999999886e+02
1.250000000000000000e+02 7.000000000000000666e-02 9.302749975150498675e-04 6.007769975268934814e+01 3.438081021961301758e+03 1.731999999999999886e+02
1.250000000000000000e+02 7.000000000000000666e-02 -2.936070957263285930e-01 4.138133035855206288e+01 7.412772611709146986e+03 1.731999999999999886e+02
1.250000000000000000e+02 7.000000000000000666e-02 -1.818776451845950312e-02 6.303026185302643825e+01 2.290629494467446420e+03 1.731999999999999886e+02
1.250000000000000000e+02 7.000000000000000666e-02 -1.827413440968965117e-02 9.585064987763020383e+01 7.351389747491225535e+03 1.731999999999999886e+02
1.250000000000000000e+02 7.000000000000000666e-02 1.257477694253777457e-02 1.050635070955444803e+02 3.060778914754660946e+03 1.731999999999999886e+02
1.250000000000000000e+02 7.000000000000000666e-02 -5.707219972814057268e-02 8.028417041674769905e+01 2.664184036090522568e+03 1.731999999999999886e+02
1.250000000000000000e+02 7.000000000000000666e-02 -1.165974286752757133e-02 2.409702552580956194e+02 1.597109520132126363e+03 1.731999999999999886e+02
1.250000000000000000e+02 7.000000000000000666e-02 2.010205803359330912e-01 7.290459732131816395e+01 4.529917229751854393e+03 1.731999999999999886e+02
1.250000000000000000e+02 7.000000000000000666e-02 -2.693655246191775654e-02 6.340489375527383231e+01 6.556860148078597376e+03 1.731999999999999886e+02
1.250000000000000000e+02 7.000000000000000666e-02 3.108140514313307290e-01 3.823103598746278919e+01 6.934226595850377635e+03 1.731999999999999886e+02
1.250000000000000000e+02 7.000000000000000666e-02 4.118860136009720729e-02 8.554094863299923190e+01 7.835827615585469175e+03 1.731999999999999886e+02
1.250000000000000000e+02 7.000000000000000666e-02 -3.376803929939749174e-03 1.159458746921645371e+02 3.066477766215326483e+03 1.731999999999999886e+02
1.250000000000000000e+02 7.000000000000000666e-02 4.754867217014894848e-04 1.503558349932835085e+02 9.528994822440927237e+03 1.731999999999999886e+02
1.250000000000000000e+02 7.000000000000000666e-02 -4.147549854911676548e-03 1.141884766290248052e+02 3.241568065965508140e+03 1.731999999999999886e+02
1.250000000000000000e+02 7.000000000000000666e-02 -2.515098669807518950e-01 4.453698873470232655e+01 9.703048864779277210e+03 1.731999999999999886e+02
1.250000000000000000e+02 7.000000000000000666e-02 -2.135270772505131476e-01 4.769870519061429803e+01 2.485341042299924993e+03 1.731999999999999886e+02
1.250000000000000000e+02 7.000000000000000666e-02 -3.705788266170606526e-01 3.316793490002252298e+01 9.346955142119892116e+03 1.731999999999999886e+02
1.250000000000000000e+02 7.000000000000000666e-02 4.673012511498929045e-01 1.580655094960376594e+01 2.270863220490740332e+03 1.731999999999999886e+02
1.250000000000000000e+02 7.000000000000000666e-02 9.373763595731950116e-03 5.506048250899731755e+01 4.712148285088978810e+03 1.731999999999999886e+02
1.250000000000000000e+02 7.000000000000000666e-02 -1.982575036801987114e-03 1.824889827820374819e+02 4.019244484707919582e+03 1.731999999999999886e+02
1.250000000000000000e+02 7.000000000000000666e-02 -3.792911727342239414e-02 9.074536159578372008e+01 4.469196152293950945e+03 1.731999999999999886e+02
1.250000000000000000e+02 7.000000000000000666e-02 -4.422708929685270629e-01 2.539857841014455886e+01 2.463221425058115983e+03 1.731999999999999886e+02
1.250000000000000000e+02 7.000000000000000666e-02 -4.377898800193559259e-01 2.515637311628799822e+01 7.202700378714417639e+03 1.731999999999999886e+02
1.250000000000000000e+02 7.000000000000000666e-02 -5.735074135963122433e-02 6.491397953620531780e+01 4.848101678853860903e+03 1.731999999999999886e+02
1.250000000000000000e+02 7.000000000000000666e-02 3.424563341053368237e-01 3.672497170494841612e+01 5.891804294500902870e+03 1.731999999999999886e+02
1.250000000000000000e+02 7.000000000000000666e-02 1.671230928298328422e-02 9.525216681208314640e+01 8.877345724675898964e+03 1.731999999999999886e+02
1.250000000000000000e+02 7.000000000000000666e-02 -1.268525636145690916e-01 5.168132238886835950e+01 3.480383122084582283e+03 1.731999999999999886e+02
1.250000000000000000e+02 7.000000000000000666e-02 4.201687405716968138e-02 6.423035930160820328e+01 1.892136539417348786e+03 1.731999999999999886e+02
1.250000000000000000e+02 7.000000000000000666e-02 8.012802785951302813e-04 6.032173028932447068e+01 4.948465314901235615e+03 1.731999999999999886e+02
1.250000000000000000e+02 7.000000000000000666e-02 3.987063435614517093e-02 6.405822140684301758e+01 9.107905285090910183e+03 1.731999999999999886e+02
1.250000000000000000e+02 7.000000000000000666e-02 3.067291143964840858e-02 9.370201586352200707e+01 4.509975943542898676e+03 1.731999999999999886e+02
1.250000000000000000e+02 7.000000000000000666e-02 -2.599229151108468638e-01 4.371568620623592949e+01 4.384627903899170633e+03 1.731999999999999886e+02
1.250000000000000000e+02 7.000000000000000666e-02 1.316624088501823775e-01 6.860449503448542430e+01 2.997192680316210499e+03 1.731999999999999886e+02
1.250000000000000000e+02 7.000000000000000666e-02 3.694749945961178523e-03 1.073968473136587676e+02 8.169545760667919239e+03 1.731999999999999886e+02
1.250000000000000000e+02 7.000000000000000666e-02 -2.006662673024356414e-01 4.804241486558633767e+01 9.295797783038149646e+03 1.731999999999999886e+02
1.250000000000000000e+02 7.000000000000000666e-02 -3.627569312052553729e-01 3.192248203513311466e+01 8.514287383773600595e+03 1.731999999999999886e+02
1.250000000000000000e+02 7.000000000000000666e-02 -2.741744163073562071e-02 5.362515219713856851e+01 8.775320925934996922e+03 1.731999999999999886e+02
1.250000000000000000e+02 7.000000000000000666e-02 3.533642351988368624e-01 3.538721645855999043e+01 9.748699614641051085e+03 1.731999999999999886e+02
1.250000000000000000e+02 7.000000000000000666e-02 4.842077108677481784e-02 8.170770296117862586e+01 1.122231671749530278e+03 1.731999999999999886e+02
1.250000000000000000e+02 7.000000000000000666e-02 -1.690919029971084675e-01 7.068513106589917072e+01 3.412071754392483854e+03 1.731999999999999886e+02
1.250000000000000000e+02 7.000000000000000666e-02 -2.961488874583204645e-01 4.152903400510854937e+01 5.678280210058032026e+03 1.731999999999999886e+02
1.250000000000000000e+02 7.000000000000000666e-02 -6.081649656183550374e-04 1.260570900775852294e+02 5.949861429121579931e+03 1.731999999999999886e+02
1.250000000000000000e+02 7.000000000000000666e-02 4.974803286914421946e-02 6.447170282004640285e+01 7.443918944410174845e+03 1.731999999999999886e+02
1.250000000000000000e+02 7.000000000000000666e-02 2.781868689662685828e-02 9.035798894992664998e+01 9.417252268522111990e+03 1.731999999999999886e+02
1.250000000000000000e+02 7.000000000000000666e-02 -1.732400036523313799e-02 6.300046966875925847e+01 7.842954882687227837e+03 1.731999999999999886e+02
1.250000000000000000e+02 7.000000000000000666e-02 2.845499622091586245e-01 4.244689124644313694e+01 9.495976597512908484e+03 1.731999999999999886e+02
1.250000000000000000e+02 7.000000000000000666e-02 -3.273669740538683870e-01 3.661360663449178787e+01 5.552808977306912311e+03 1.731999999999999886e+02
1.250000000000000000e+02 7.000000000000000666e-02 -4.179262076822324867e-01 2.771984823004973819e+01 6.366067258759092510e+03 1.731999999999999886e+02
1.250000000000000000e+02 7.000000000000000666e-02 4.396455657098160240e-04 6.166703435845644776e+01 8.012553565486166008e+03 1.731999999999999886e+02
1.250000000000000000e+02 7.000000000000000666e-02 -3.709992793799837818e-02 5.326003248446070160e+01 2.238329924717008907e+03 1.731999999999999886e+02
1.250000000000000000e+02 7.000000000000000666e-02 -4.672176555111500623e-02 8.885528412668863041e+01 2.937433262038373869e+03 1.731999999999999886e+02
1.250000000000000000e+02 7.000000000000000666e-02 1.835339776053098726e-01 7.595364683891763491e+01 9.505652073129702330e+03 1.731999999999999886e+02
1.250000000000000000e+02 7.000000000000000666e-02 3.295761876998160641e-03 1.133471891166807950e+02 4.417423362688645284e+03 1.731999999999999886e+02
1.250000000000000000e+02 7.000000000000000666e-02 2.100437815686147583e-02 9.357989987457489178e+01 8.704829215086174372e+03 1.731999999999999886e+02
1.250000000000000000e+02 7.000000000000000666e-02 2.771530710359055433e-02 9.556531780663711118e+01 4.125807428646969129e+03 1.731999999999999886e+02
1.250000000000000000e+02 7.000000000000000666e-02 -1.142839381595777727e-02 5.483370685346468321e+01 7.697498266903339754e+03 1.731999999999999886e+02
1.250000000000000000e+02 7.000000000000000666e-02 -4.634512139277366383e-02 8.912689271110741629e+01 1.717840451264702097e+03 1.731999999999999886e+02
1.250000000000000000e+02 7.000000000000000666e-02 -2.044956056720575455e-01 7.522376477004900153e+01 1.647491153371666314e+03 1.731999999999999886e+02
1.250000000000000000e+02 7.000000000000000666e-02 2.713328302533891609e-02 9.469818075757244458e+01 5.311916084892648541e+03 1.731999999999999886e+02
1.250000000000000000e+02 7.000000000000000666e-02 3.004205800995218834e-01 4.003620146241446776e+01 9.096821311179795885e+03 1.731999999999999886e+02
1.250000000000000000e+02 7.000000000000000666e-02 4.668916939316990478e-01 1.438408362314503641e+01 5.288671973682876342e+03 1.731999999999999886e+02
1.250000000000000000e+02 7.000000000000000666e-02 -8.239746362160245419e-02 5.262368613962680541e+01 6.553822427919646543e+03 1.731999999999999886e+02
1.250000000000000000e+02 7.000000000000000666e-02 5.706466172119259266e-03 1.037693035764922342e+02 7.900806304862205252e+03 1.731999999999999886e+02
1.250000000000000000e+02 7.000000000000000666e-02 -4.286234189034762720e-01 2.472022748069327847e+01 6.239836861665926335e+03 1.731999999999999886e+02
1.250000000000000000e+02 7.000000000000000666e-02 4.863778209188127782e-03 1.115089137879163417e+02 3.553584511355773429e+03 1.731999999999999886e+02
1.250000000000000000e+02 7.000000000000000666e-02 4.620449592962520002e-01 2.089941981046653297e+01 9.415092572360263148e+03 1.731999999999999886e+02
1.250000000000000000e+02 7.000000000000000666e-02 -3.694517052583607547e-02 6.395684394580638354e+01 8.294007376333884167e+03 1.731999999999999886e+02
1.250000000000000000e+02 7.000000000000000666e-02 -4.738332699746880539e-01 1.738954148431626479e+01 8.386167222770476656e+03 1.731999999999999886e+02
1.250000000000000000e+02 7.000000000000000666e-02 -9.079403907735940360e-02 6.656059758610442145e+01 5.077585691808612864e+03 1.731999999999999886e+02
1.250000000000000000e+02 7.000000000000000666e-02 -5.540437574053339205e-03 1.763275206477700294e+02 1.309154810298525490e+03 1.731999999999999886e+02
1.250000000000000000e+02 7.000000000000000666e-02 1.306623980626730845e-02 1.113365284250275096e+02 1.414624395016372318e+03 1.731999999999999886e+02
1.250000000000000000e+02 7.000000000000000666e-02 -8.145619264951065421e-04 6.022571963538155160e+01 5.593841964798629306e+03 1.731999999999999886e+02
1.250000000000000000e+02 7.000000000000000666e-02 -4.107546545269542548e-01 2.755479677396200344e+01 9.297385391927819001e+03 1.731999999999999886e+02
1.250000000000000000e+02 7.000000000000000666e-02 2.407662996245938172e-02 9.352876614045207759e+01 6.891593536443846460e+03 1.731999999999999886e+02
1.250000000000000000e+02 7.000000000000000666e-02 -4.424072006561151718e-04 6.158989602590437329e+01 1.759460494588380698e+03 1.731999999999999886e+02
1.250000000000000000e+02 7.000000000000000666e-02 -1.176680866491884858e-01 6.783491007238103521e+01 7.346469988403212483e+03 1.731999999999999886e+02
1.250000000000000000e+02 7.000000000000000666e-02 -4.737700665372978487e-02 8.305860032140138571e+01 1.313707989955828680e+03 1.731999999999999886e+02
1.250000000000000000e+02 7.000000000000000666e-02 1.369230410899915755e-02 1.045312187517314868e+02 3.080627267800760819e+03 1.731999999999999886e+02
1.250000000000000000e+02 7.000000000000000666e-02 4.561512328364422013e-04 1.513308979300192050e+02 9.964856643834824354e+03 1.731999999999999886e+02
1.250000000000000000e+02 7.000000000000000666e-02 2.520249966231980637e-02 9.526443625748169097e+01 5.023624599831727210e+03 1.731999999999999886e+02
1.250000000000000000e+02 7.000000000000000666e-02 2.097818401477206940e-02 5.398118269966251148e+01 7.081024317676560713e+03 1.731999999999999886e+02
1.250000000000000000e+02 7.000000000000000666e-02 -1.178269285804684069e-01 6.821991339492873863e+01 7.177685750134958653e+03 1.731999999999999886e+02
1.250000000000000000e+02 7.000000000000000666e-02 3.607793507866091653e-01 3.280919547866865571e+01 9.558035658158765727e+03 1.731999999999999886e+02
1.250000000000000000e+02 7.000000000000000666e-02 -4.123767987715767219e-03 1.074534818496449304e+02 7.111207989403093052e+03 1.731999999999999886e+02
1.250000000000000000e+02 7.000000000000000666e-02 2.072193792094220374e-02 5.388094156784853084e+01 3.124742523416364747e+03 1.731999999999999886e+02
1.250000000000000000e+02 7.000000000000000666e-02 -4.041025048652193558e-02 8.691323760356982575e+01 6.498737088557700190e+03 1.731999999999999886e+02
1.250000000000000000e+02 7.000000000000000666e-02 -7.593442773410016312e-04 1.325995833117725624e+02 4.742972916889251792e+03 1.731999999999999886e+02
1.250000000000000000e+02 7.000000000000000666e-02 1.432980392198589074e-02 9.598020916447710249e+01 9.393905150125119690e+03 1.731999999999999886e+02
1.250000000000000000e+02 7.000000000000000666e-02 -2.755914435270491111e-02 9.228830304736824530e+01 7.553033779460995902e+03 1.731999999999999886e+02
1.250000000000000000e+02 7.000000000000000666e-02 1.634574615573968215e-01 5.045319670041946836e+01 2.588052051616783501e+03 1.731999999999999886e+02
1.250000000000000000e+02 7.000000000000000666e-02 2.151254444196409876e-02 9.641126788247295565e+01 5.737241878069098675e+03 1.731999999999999886e+02
1.250000000000000000e+02 7.000000000000000666e-02 2.956478676078557188e-01 4.061718558386069589e+01 7.853933579911622473e+03 1.731999999999999886e+02
1.250000000000000000e+02 7.000000000000000666e-02 -4.831791576702185176e-02 6.441756100985844569e+01 2.827237319989259959e+03 1.731999999999999886e+02
1.250000000000000000e+02 7.000000000000000666e-02 -1.789478809362980150e-01 7.141814161858175680e+01 1.582349714100510027e+03 1.731999999999999886e+02
1.250000000000000000e+02 7.000000000000000666e-02 -4.546241640674503898e-02 8.458384320702732850e+01 4.313181478071022866e+03 1.731999999999999886e+02
1.250000000000000000e+02 7.000000000000000666e-02 -3.417995216154007948e-02 6.384053792167274111e+01 5.715623809182180594e+03 1.731999999999999886e+02
1.250000000000000000e+02 7.000000000000000666e-02 -1.577169909968829942e-01 5.084356689628864245e+01 8.579367718738758413e+03 1.731999999999999886e+02
1.250000000000000000e+02 7.000000000000000666e-02 -1.573850373177738959e-02 9.550401582530095368e+01 9.379513280085226143e+03 1.731999999999999886e+02
