1.250000000000000000e+02 7.000000000000000666e-02 8.271488342401264182e-01 1.911270116747215525e+03 2.398576018708219635e+03 1.731999999999999886e+02
1.250000000000000000e+02 7.000000000000000666e-02 7.945967214873067563e-01 1.985398295320081616e+03 3.973527646879379517e+03 1.731999999999999886e+02
1.250000000000000000e+02 7.000000000000000666e-02 5.830611117363514451e-01 1.857746688534153236e+03 9.751017796551905121e+03 1.731999999999999886e+02
1.250000000000000000e+02 7.000000000000000666e-02 4.800802319337754698e-01 1.116717349604381297e+03 1.177689642148946177e+03 1.731999999999999886e+02
1.250000000000000000e+02 7.000000000000000666e-02 9.952933261357562733e-01 2.380950980201490893e+03 4.247623106958057178e+03 1.731999999999999886e+02
1.250000000000000000e+02 7.000000000000000666e-02 6.916668058355174287e-01 1.983410246259033784e+03 9.593017645858302785e+03 1.731999999999999886e+02
1.250000000000000000e+02 7.000000000000000666e-02 5.884195561097419480e-01 1.806892537297641411e+03 9.937497407479493631e+03 1.731999999999999886e+02
1.250000000000000000e+02 7.000000000000000666e-02 6.112279174127823733e-01 1.591278727146245274e+03 4.517497379134832954e+03 1.731999999999999886e+02
1.250000000000000000e+02 7.000000000000000666e-02 7.750322292091481602e-01 2.041228108237242395e+03 7.385763610420628538e+03 1.731999999999999886e+02
1.250000000000000000e+02 7.000000000000000666e-02 9.132719570391554242e-01 2.066183161124580693e+03 2.952619119607558332e+03 1.731999999999999886e+02
1.250000000000000000e+02 7.000000000000000666e-02 9.370102395186251654e-01 2.297166420090502925e+03 6.778183137031512160e+03 1.731999999999999886e+02
1.250000000000000000e+02 7.000000000000000666e-02 9.185061505685307992e-01 2.348048509148739868e+03 9.932208826388310626e+03 1.731999999999999886e+02
1.250000000000000000e+02 7.000000000000000666e-02 3.639984002372927963e-01 1.162447184555115882e+03 3.907022522149832639e+03 1.731999999999999886e+02
1.250000000000000000e+02 7.000000000000000666e-02 8.378314774745868609e-01 2.022034935986948085e+03 4.970455665712633163e+03 1.731999999999999886e+02
1.250000000000000000e+02 7.000000000000000666e-02 9.596174980004360533e-01 2.437098566539476906e+03 7.925132643642690709e+03 1.731999999999999886e+02
1.250000000000000000e+02 7.000000000000000666e-02 6.982460197184430228e-01 1.896483049948381449e+03 6.349897388535382561e+03 1.731999999999999886e+02
1.250000000000000000e+02 7.000000000000000666e-02 6.595992188142589807e-01 1.701300406677211868e+03 4.239072922521176224e+03 1.731999999999999886e+02
1.250000000000000000e+02 7.000000000000000666e-02 6.327405380888019293e-01 1.469126930784281285e+03 1.019055682107618281e+03 1.731999999999999886e+02
1.250000000000000000e+02 7.000000000000000666e-02 8.775119482948657845e-01 1.965258158131200162e+03 1.621302575904648165e+03 1.731999999999999886e+02
1.250000000000000000e+02 7.000000000000000666e-02 6.094993662230654419e-01 1.555987255587711843e+03 3.226941687039765839e+03 1.731999999999999886e+02
1.250000000000000000e+02 7.000000000000000666e-02 9.932979310891931757e-01 2.473507654893270228e+03 6.380051250227708806e+03 1.731999999999999886e+02
1.250000000000000000e+02 7.000000000000000666e-02 4.634663287648634888e-01 1.221586627118544584e+03 2.722263788188051876e+03 1.731999999999999886e+02
1.250000000000000000e+02 7.000000000000000666e-02 9.023736220588038925e-01 2.185429967907444734e+03 6.706008530610992239e+03 1.731999999999999886e+02
1.250000000000000000e+02 7.000000000000000666e-02 5.902698920575196739e-01 1.773708702342270499e+03 7.839547927964003065e+03 1.731999999999999886e+02
1.250000000000000000e+02 7.000000000000000666e-02 3.950842682411527806e-01 1.509364520760812411e+03 9.497749517582449698e+03 1.731999999999999886e+02
1.250000000000000000e+02 7.000000000000000666e-02 4.029923490076928738e-01 1.325076603321655739e+03 5.810959896222109819e+03 1.731999999999999886e+02
1.250000000000000000e+02 7.000000000000000666e-02 7.044321815388011609e-01 1.696244094373958887e+03 3.970330808352355689e+03 1.731999999999999886e+02
1.250000000000000000e+02 7.000000000000000666e-02 9.646315253746776675e-01 2.458050140720134095e+03 9.341437056822825980e+03 1.731999999999999886e+02
1.250000000000000000e+02 7.000000000000000666e-02 7.656381557136794358e-01 1.833438698763936372e+03 2.151900030762582901e+03 1.731999999999999886e+02
1.250000000000000000e+02 7.000000000000000666e-02 3.315672587857568798e-01 1.384980688651062337e+03 9.568658712467877194e+03 1.731999999999999886e+02
1.250000000000000000e+02 7.000000000000000666e-02 8.121210540754553175e-01 2.060879569689083837e+03 4.916596440907142096e+03 1.731999999999999886e+02
1.250000000000000000e+02 7.000000000000000666e-02 6.096998895805830765e-01 1.509320230054369858e+03 3.603179710184081159e+03 1.731999999999999886e+02
1.250000000000000000e+02 7.000000000000000666e-02 7.440410938078992897e-01 1.809898506338900233e+03 1.820554973354024469e+03 1.731999999999999886e+02
1.250000000000000000e+02 7.000000000000000666e-02 8.050234161663473165e-01 2.041816272328705054e+03 7.280094584337016386e+03 1.731999999999999886e+02
1.250000000000000000e+02 7.000000000000000666e-02 9.200299277778412055e-01 2.374601733661191247e+03 9.124823934241587267e+03 1.731999999999999886e+02
1.250000000000000000e+02 7.000000000000000666e-02 8.008858899282373933e-01 2.001693491542393758e+03 5.702876977327004170e+03 1.731999999999999886e+02
1.250000000000000000e+02 7.000000000000000666e-02 8.446125041782390763e-01 1.960065938595198077e+03 1.666409253681628343e+03 1.731999999999999886e+02
1.250000000000000000e+02 7.000000000000000666e-02 7.337766949734320088e-01 1.841288591650195031e+03 3.893049069876402882e+03 1.731999999999999886e+02
1.250000000000000000e+02 7.000000000000000666e-02 7.755946871691409283e-01 1.789152147680231792e+03 2.955333178939372829e+03 1.731999999999999886e+02
1.250000000000000000e+02 7.000000000000000666e-02 8.327463290090320047e-01 2.197014992363892361e+03 8.949214198376059358e+03 1.731999999999999886e+02
1.250000000000000000e+02 7.000000000000000666e-02 8.230665012849271989e-01 1.874616411053887077e+03 2.086893055771563013e+03 1.731999999999999886e+02
1.250000000000000000e+02 7.000000000000000666e-02 9.131202433255120043e-01 2.248006399868861081e+03 7.679158931104109797e+03 1.731999999999999886e+02
1.250000000000000000e+02 7.000000000000000666e-02 7.823633903693554270e-01 1.914804329038812284e+03 4.074124616954680732e+03 1.731999999999999886e+02
1.250000000000000000e+02 7.000000000000000666e-02 5.560300536649247505e-01 1.476480518294010835e+03 4.075507325834553285e+03 1.731999999999999886e+02
1.250000000000000000e+02 7.000000000000000666e-02 4.302835612298523404e-01 1.125354066104210233e+03 1.775346724162675173e+03 1.731999999999999886e+02
1.250000000000000000e+02 7.000000000000000666e-02 9.027679528864336334e-01 2.065003747471295810e+03 2.552760843500661849e+03 1.731999999999999886e+02
1.250000000000000000e+02 7.000000000000000666e-02 3.677260815545571604e-01 1.442367859164985020e+03 8.695941608921084480e+03 1.731999999999999886e+02
1.250000000000000000e+02 7.000000000000000666e-02 5.233043007527031776e-01 1.671322306341960939e+03 8.671902429157282313e+03 1.731999999999999886e+02
1.250000000000000000e+02 7.000000000000000666e-02 5.369257956380392161e-01 1.526551309792680513e+03 5.378356112280307570e+03 1.731999999999999886e+02
1.250000000000000000e+02 7.000000000000000666e-02 8.509061143927244553e-01 2.236057154417597303e+03 8.841536727277874888e+03 1.731999999999999886e+02
1.250000000000000000e+02 7.000000000000000666e-02 9.037454648037913651e-01 2.286325660895123292e+03 9.046236931200342951e+03 1.731999999999999886e+02
1.250000000000000000e+02 7.000000000000000666e-02 9.905300533598969670e-01 2.442676871015962206e+03 9.432930419085552785e+03 1.731999999999999886e+02
1.250000000000000000e+02 7.000000000000000666e-02 7.100448908801297865e-01 1.857470348210653356e+03 6.242122251457790298e+03 1.731999999999999886e+02
1.250000000000000000e+02 7.000000000000000666e-02 9.256543998233446313e-01 2.220858392971880676e+03 1.521107930469454686e+03 1.731999999999999886e+02
1.250000000000000000e+02 7.000000000000000666e-02 3.388360207427924542e-01 1.004287932528896818e+03 2.849930196692344452e+03 1.731999999999999886e+02
1.250000000000000000e+02 7.000000000000000666e-02 8.490041216178034755e-01 2.220117689315160078e+03 9.935310902492879904e+03 1.731999999999999886e+02
1.250000000000000000e+02 7.000000000000000666e-02 5.385810208239032448e-01 1.513320927745504832e+03 4.867927110915883532e+03 1.731999999999999886e+02
1.250000000000000000e+02 7.000000000000000666e-02 5.540755102214707239e-01 1.495179991587272070e+03 4.036413542596812022e+03 1.731999999999999886e+02
1.250000000000000000e+02 7.000000000000000666e-02 9.679125520305373875e-01 2.327073130699401645e+03 2.741783792419820202e+03 1.731999999999999886e+02
1.250000000000000000e+02 7.000000000000000666e-02 6.285617587916346727e-01 1.725448726258356146e+03 6.892058692756143500e+03 1.731999999999999886e+02
1.250000000000000000e+02 7.000000000000000666e-02 8.088855258509057844e-01 2.238699781714131859e+03 9.466375318127666105e+03 1.731999999999999886e+02
1.250000000000000000e+02 7.000000000000000666e-02 7.720934843951068327e-01 1.969059767879322862e+03 6.334926100591045724e+03 1.731999999999999886e+02
1.250000000000000000e+02 7.000000000000000666e-02 6.812691434190631945e-01 1.897071052813993447e+03 8.393922047751930222e+03 1.731999999999999886e+02
1.250000000000000000e+02 7.000000000000000666e-02 9.406465952495678406e-01 2.227101789859117162e+03 1.869984903769601260e+03 1.731999999999999886e+02
1.250000000000000000e+02 7.000000000000000666e-02 9.208781155933081219e-01 2.274607659883480665e+03 4.792404889052711951e+03 1.731999999999999886e+02
1.250000000000000000e+02 7.000000000000000666e-02 8.045323670015224193e-01 2.020270711562614224e+03 6.467125378192477910e+03 1.731999999999999886e+02
1.250000000000000000e+02 7.000000000000000666e-02 9.875057619838154555e-01 2.446261769648200243e+03 6.822373854547066003e+03 1.731999999999999886e+02
1.250000000000000000e+02 7.000000000000000666e-02 6.354033805160298476e-01 1.556440493228157720e+03 2.473080901587759399e+03 1.731999999999999886e+02
1.250000000000000000e+02 7.000000000000000666e-02 7.929403173515564562e-01 1.931269472277476098e+03 3.279653388233725764e+03 1.731999999999999886e+02
1.250000000000000000e+02 7.000000000000000666e-02 8.067301772908681556e-01 1.940588982195678000e+03 2.451211231569402116e+03 1.731999999999999886e+02
1.250000000000000000e+02 7.000000000000000666e-02 8.897733858628131820e-01 2.259424237238267779e+03 7.005740051130321262e+03 1.731999999999999886e+02
1.250000000000000000e+02 7.000000000000000666e-02 8.831996114857099123e-01 2.336703384064524471e+03 8.979550618001539988e+03 1.731999999999999886e+02
1.250000000000000000e+02 7.000000000000000666e-02 6.295513422248268931e-01 1.886183757228711329e+03 8.583332279822394412e+03 1.731999999999999886e+02
1.250000000000000000e+02 7.000000000000000666e-02 6.249511122296059762e-01 1.447464238590102696e+03 1.460533237961278473e+03 1.731999999999999886e+02
1.250000000000000000e+02 7.000000000000000666e-02 5.531119792718275363e-01 1.737404946709505793e+03 9.000947514694904385e+03 1.731999999999999886e+02
1.250000000000000000e+02 7.000000000000000666e-02 9.742963500547876521e-01 2.566524697853754788e+03 9.984303167546464465e+03 1.731999999999999886e+02
1.250000000000000000e+02 7.000000000000000666e-02 6.143394086632359974e-01 1.548317951065173247e+03 3.613172918710636168e+03 1.731999999999999886e+02
1.250000000000000000e+02 7.000000000000000666e-02 8.316180794904696194e-01 2.024088159658910854e+03 3.311136531239586020e+03 1.731999999999999886e+02
1.250000000000000000e+02 7.000000000000000666e-02 5.835169382089160361e-01 1.686533758424491680e+03 6.608965037715703147e+03 1.731999999999999886e+02
1.250000000000000000e+02 7.000000000000000666e-02 2.722746013295295198e-01 1.080616715358624788e+03 5.611529218385667264e+03 1.731999999999999886e+02
1.250000000000000000e+02 7.000000000000000666e-02 8.217665812858970797e-01 1.984451727637625481e+03 2.326421085443926131e+03 1.731999999999999886e+02
1.250000000000000000e+02 7.000000000000000666e-02 5.903277636147962193e-01 1.499515715794459766e+03 2.814266821420328597e+03 1.731999999999999886e+02
1.250000000000000000e+02 7.000000000000000666e-02 9.854988346439778057e-01 2.323389474753262675e+03 1.729706500397925083e+03 1.731999999999999886e+02
1.250000000000000000e+02 7.000000000000000666e-02 3.400462244577744375e-01 1.273086088148549607e+03 6.439162396693500341e+03 1.731999999999999886e+02
1.250000000000000000e+02 7.000000000000000666e-02 1.592203724185650704e-01 1.047598625678260760e+03 9.509365420162450391e+03 1.731999999999999886e+02
1.250000000000000000e+02 7.000000000000000666e-02 4.548285215586387875e-01 1.278920366776837682e+03 3.287052108360159309e+03 1.731999999999999886e+02
1.250000000000000000e+02 7.000000000000000666e-02 5.934033335154934585e-01 1.472532621026387915e+03 2.005882277386909209e+03 1.731999999999999886e+02
1.250000000000000000e+02 7.000000000000000666e-02 8.151564183090694860e-01 2.108878102905229753e+03 7.802735958471031154e+03 1.731999999999999886e+02
1.250000000000000000e+02 7.000000000000000666e-02 6.578594080370062658e-01 1.899536023385081535e+03 9.152399308298776305e+03 1.731999999999999886e+02
1.250000000000000000e+02 7.000000000000000666e-02 7.898904731817760760e-01 1.936955581800993514e+03 2.631398887559177638e+03 1.731999999999999886e+02
1.250000000000000000e+02 7.000000000000000666e-02 6.901846634977083506e-01 1.958565680362901730e+03 8.857977722068422736e+03 1.731999999999999886e+02
1.250000000000000000e+02 7.000000000000000666e-02 6.788448197905048165e-01 1.939368934653138240e+03 8.084017250140148462e+03 1.731999999999999886e+02
1.250000000000000000e+02 7.000000000000000666e-02 6.040607456988631441e-01 1.552668322860309445e+03 3.415242065777323660e+03 1.731999999999999886e+02
1.250000000000000000e+02 7.000000000000000666e-02 8.742773447521261510e-01 2.095984206187180462e+03 2.610341462874113859e+03 1.731999999999999886e+02
1.250000000000000000e+02 7.000000000000000666e-02 7.055129170912448622e-01 1.948545444554436472e+03 8.460823110484156132e+03 1.731999999999999886e+02
1.250000000000000000e+02 7.000000000000000666e-02 4.337163397888272320e-01 1.409600410864503829e+03 6.414270698784013803e+03 1.731999999999999886e+02
1.250000000000000000e+02 7.000000000000000666e-02 5.368905265723762366e-01 1.326145814635175611e+03 1.994677248369387144e+03 1.731999999999999886e+02
1.250000000000000000e+02 7.000000000000000666e-02 8.763511609865265450e-01 2.017840523548176179e+03 2.449115627212521758e+03 1.731999999999999886e+02
1.250000000000000000e+02 7.000000000000000666e-02 6.629751089407445175e-01 1.553173118073438218e+03 1.138086842225995042e+03 1.731999999999999886e+02
1.250000000000000000e+02 7.000000000000000666e-02 8.353027786000953858e-01 2.228381474608142526e+03 8.291814282963066944e+03 1.731999999999999886e+02
1.250000000000000000e+02 7.000000000000000666e-02 6.277951942341774005e-01 1.845919615819488854e+03 8.348901694967978983e+03 1.731999999999999886e+02
1.250000000000000000e+02 7.000000000000000666e-02 8.631784544588704255e-01 2.252634742814214405e+03 7.606786867707652164e+03 1.731999999999999886e+02
1.250000000000000000e+02 7.000000000000000666e-02 4.263601544172613278e-01 1.518932608691036421e+03 8.625188045806715309e+03 1.731999999999999886e+02
1.250000000000000000e+02 7.000000000000000666e-02 6.325451418182104213e-01 1.594071908544045755e+03 3.104127494396668681e+03 1.731999999999999886e+02
1.250000000000000000e+02 7.000000000000000666e-02 1.699488119924593976e-01 1.045303541556168284e+03 8.868817990446128533e+03 1.731999999999999886e+02
1.250000000000000000e+02 7.000000000000000666e-02 5.197534727799156817e-01 1.624133803159992112e+03 7.721350778956098111e+03 1.731999999999999886e+02
1.250000000000000000e+02 7.000000000000000666e-02 5.879159161983037452e-01 1.621763257509591767e+03 4.948619566357296208e+03 1.731999999999999886e+02
1.250000000000000000e+02 7.000000000000000666e-02 3.014428532778648528e-01 1.298134329966459063e+03 9.044118397245227243e+03 1.731999999999999886e+02
1.250000000000000000e+02 7.000000000000000666e-02 9.230528250426097703e-01 2.342233402944445515e+03 8.204059137787086001e+03 1.731999999999999886e+02
1.250000000000000000e+02 7.000000000000000666e-02 5.717868130100963731e-01 1.770206240662683285e+03 9.332327230303837496e+03 1.731999999999999886e+02
1.250000000000000000e+02 7.000000000000000666e-02 8.950698445649404311e-01 2.126261048433944779e+03 4.787274330768268555e+03 1.731999999999999886e+02
1.250000000000000000e+02 7.000000000000000666e-02 4.012825946001490895e-01 1.061261625049310851e+03 1.665058869533449069e+03 1.731999999999999886e+02
1.250000000000000000e+02 7.000000000000000666e-02 9.787640062664045848e-01 2.331852321871913773e+03 3.772932295904742659e+03 1.731999999999999886e+02
1.250000000000000000e+02 7.000000000000000666e-02 6.180858648027002245e-01 1.452374484360662791e+03 1.609629575896462711e+03 1.731999999999999886e+02
1.250000000000000000e+02 7.000000000000000666e-02 7.876560283863824896e-01 2.122990040699641213e+03 9.747277617695233857e+03 1.731999999999999886e+02
1.250000000000000000e+02 7.000000000000000666e-02 7.219575197238051745e-01 1.686561874930432168e+03 1.848915878461684315e+03 1.731999999999999886e+02
1.250000000000000000e+02 7.000000000000000666e-02 9.357787600198723688e-01 2.228220248186943536e+03 5.957931114574538697e+03 1.731999999999999886e+02
1.250000000000000000e+02 7.000000000000000666e-02 8.786002685218982089e-01 2.043641471324252961e+03 1.324726881071685511e+03 1.731999999999999886e+02
1.250000000000000000e+02 7.000000000000000666e-02 7.247792798799247427e-01 1.996981053253809932e+03 8.590274836537177180e+03 1.731999999999999886e+02
1.250000000000000000e+02 7.000000000000000666e-02 6.505753125568182194e-01 1.838446784188126458e+03 8.660485511736766057e+03 1.731999999999999886e+02
1.250000000000000000e+02 7.000000000000000666e-02 2.154319225727110432e-01 1.124759608786457420e+03 8.416155653191772217e+03 1.731999999999999886e+02
1.250000000000000000e+02 7.000000000000000666e-02 5.870616963266244159e-01 1.458383339521171820e+03 3.205905882599869983e+03 1.731999999999999886e+02
1.250000000000000000e+02 7.000000000000000666e-02 3.909853961552938739e-01 1.349464061454496914e+03 6.537806552142333203e+03 1.731999999999999886e+02
1.250000000000000000e+02 7.000000000000000666e-02 4.944122446978462815e-01 1.268502632272628261e+03 2.966609561067214599e+03 1.731999999999999886e+02
1.250000000000000000e+02 7.000000000000000666e-02 6.149552907496960152e-01 1.740623441168831732e+03 7.145027444981437839e+03 1.731999999999999886e+02
1.250000000000000000e+02 7.000000000000000666e-02 7.316435226978459383e-01 1.704575471029249002e+03 2.749224667951580159e+03 1.731999999999999886e+02
1.250000000000000000e+02 7.000000000000000666e-02 4.934859593977561354e-01 1.636014788038707593e+03 8.238935974363117566e+03 1.731999999999999886e+02
1.250000000000000000e+02 7.000000000000000666e-02 9.244024116817732839e-01 2.279890572738703668e+03 4.346681857676931031e+03 1.731999999999999886e+02
1.250000000000000000e+02 7.000000000000000666e-02 9.451199647280655869e-01 2.265534462285421796e+03 4.613378057155363422e+03 1.731999999999999886e+02
1.250000000000000000e+02 7.000000000000000666e-02 5.103839652954942352e-01 1.589750571508464191e+03 7.948910189206872928e+03 1.731999999999999886e+02
1.250000000000000000e+02 7.000000000000000666e-02 7.410616618666160393e-01 1.866765203689979899e+03 3.902137817942620131e+03 1.731999999999999886e+02
1.250000000000000000e+02 7.000000000000000666e-02 9.896287066321374226e-01 2.265060187239311290e+03 2.902642996120950556e+03 1.731999999999999886e+02
1.250000000000000000e+02 7.000000000000000666e-02 8.369813050320217274e-01 2.114313099639514803e+03 5.840475326229959137e+03 1.731999999999999886e+02
1.250000000000000000e+02 7.000000000000000666e-02 8.857525866626134725e-01 2.066797452440383040e+03 2.538086961931696351e+03 1.731999999999999886e+02
1.250000000000000000e+02 7.000000000000000666e-02 6.938666786169637168e-01 1.926145365024604871e+03 7.521419058379472517e+03 1.731999999999999886e+02
1.250000000000000000e+02 7.000000000000000666e-02 7.447319669106372553e-01 2.099210504142588434e+03 9.767547916409923346e+03 1.731999999999999886e+02
1.250000000000000000e+02 7.000000000000000666e-02 6.436676824461089463e-01 1.582429311842390689e+03 3.340272419911417273e+03 1.731999999999999886e+02
1.250000000000000000e+02 7.000000000000000666e-02 6.771571139873701073e-01 1.928770230619284121e+03 9.371708155101217926e+03 1.731999999999999886e+02
1.250000000000000000e+02 7.000000000000000666e-02 6.512238310299723887e-01 1.829137632412254334e+03 6.867026744195828542e+03 1.731999999999999886e+02
1.250000000000000000e+02 7.000000000000000666e-02 2.585645447216741166e-01 1.261511129739281841e+03 9.377134707722676467e+03 1.731999999999999886e+02
1.250000000000000000e+02 7.000000000000000666e-02 8.154442471424714345e-01 2.119438102861706284e+03 7.798913391096612031e+03 1.731999999999999886e+02
1.250000000000000000e+02 7.000000000000000666e-02 9.250164539859646595e-01 2.349315883616902283e+03 7.333372347382373846e+03 1.731999999999999886e+02
1.250000000000000000e+02 7.000000000000000666e-02 8.535941919151269763e-01 2.307194431980197351e+03 9.881755924098391915e+03 1.731999999999999886e+02
1.250000000000000000e+02 7.000000000000000666e-02 9.041582511205377148e-01 2.259307801434235444e+03 6.751346242583401363e+03 1.731999999999999886e+02
1.250000000000000000e+02 7.000000000000000666e-02 1.964622724941435250e-01 1.084473520896339323e+03 8.668372232865311162e+03 1.731999999999999886e+02
1.250000000000000000e+02 7.000000000000000666e-02 8.198346929828589369e-01 2.138135154491524645e+03 8.823038812144503027e+03 1.731999999999999886e+02
1.250000000000000000e+02 7.000000000000000666e-02 8.349054687772313743e-01 2.051080999278379295e+03 4.031322282575171357e+03 1.731999999999999886e+02
1.250000000000000000e+02 7.000000000000000666e-02 9.409078867521363243e-01 2.281244005217464291e+03 7.442447829531401112e+03 1.731999999999999886e+02
1.250000000000000000e+02 7.000000000000000666e-02 8.886446590346139818e-01 2.250749573477840840e+03 6.379352213954715808e+03 1.731999999999999886e+02
1.250000000000000000e+02 7.000000000000000666e-02 3.993853837437545962e-01 1.380926698581809660e+03 6.710213541839395475e+03 1.731999999999999886e+02
1.250000000000000000e+02 7.000000000000000666e-02 3.673464811349853587e-01 1.149341434358570041e+03 4.076484769655238324e+03 1.731999999999999886e+02
1.250000000000000000e+02 7.000000000000000666e-02 6.005221925212033129e-01 1.657913471923261568e+03 5.072208793152875842e+03 1.731999999999999886e+02
1.250000000000000000e+02 7.000000000000000666e-02 6.409180125375069093e-01 1.826752563701357758e+03 8.435501480742343119e+03 1.731999999999999886e+02
1.250000000000000000e+02 7.000000000000000666e-02 5.719182097238818541e-01 1.735893761533496672e+03 8.574010920499382337e+03 1.731999999999999886e+02
1.250000000000000000e+02 7.000000000000000666e-02 8.659501379507748009e-01 2.217142408047516255e+03 6.152578899509509938e+03 1.731999999999999886e+02
1.250000000000000000e+02 7.000000000000000666e-02 9.933111554958664602e-01 2.341085145072716841e+03 2.405122393442815337e+03 1.731999999999999886e+02
1.250000000000000000e+02 7.000000000000000666e-02 4.476502672773515767e-01 1.206137585945264391e+03 2.461227892951204012e+03 1.731999999999999886e+02
1.250000000000000000e+02 7.000000000000000666e-02 5.664557213733366625e-01 1.497155156194923620e+03 3.709618586746137680e+03 1.731999999999999886e+02
1.250000000000000000e+02 7.000000000000000666e-02 9.398891430535361025e-01 2.458059599701389743e+03 8.623831611111723760e+03 1.731999999999999886e+02
1.250000000000000000e+02 7.000000000000000666e-02 9.173545792329189652e-01 2.314326278322569124e+03 8.765066851228351879e+03 1.731999999999999886e+02
1.250000000000000000e+02 7.000000000000000666e-02 9.806818648677289030e-01 2.263310161862967107e+03 4.882077422357629985e+03 1.731999999999999886e+02
1.250000000000000000e+02 7.000000000000000666e-02 9.301307753221501606e-01 2.358564845323685404e+03 7.120878072687337408e+03 1.731999999999999886e+02
1.250000000000000000e+02 7.000000000000000666e-02 6.530050554609355684e-01 1.928765831417831123e+03 9.491555568146442965e+03 1.731999999999999886e+02
1.250000000000000000e+02 7.000000000000000666e-02 6.831947780826888028e-01 1.877829792593062848e+03 8.314455482403340284e+03 1.731999999999999886e+02
1.250000000000000000e+02 7.000000000000000666e-02 9.973468442216526508e-01 2.431600407206365162e+03 3.687052063223586629e+03 1.731999999999999886e+02
1.250000000000000000e+02 7.000000000000000666e-02 9.636783370973432961e-01 2.397599281212195820e+03 6.579137910055098473e+03 1.731999999999999886e+02
1.250000000000000000e+02 7.000000000000000666e-02 7.945202709047208822e-01 1.994422377643191339e+03 6.784846078366652364e+03 1.731999999999999886e+02
1.250000000000000000e+02 7.000000000000000666e-02 8.288779455711015043e-01 2.107980506266194425e+03 5.884444147666602476e+03 1.731999999999999886e+02
1.250000000000000000e+02 7.000000000000000666e-02 4.478306707648334606e-01 1.360539169425175942e+03 4.636823833738553731e+03 1.731999999999999886e+02
1.250000000000000000e+02 7.000000000000000666e-02 9.385516078400855111e-01 2.400329137482372062e+03 7.886624318912628951e+03 1.731999999999999886e+02
1.250000000000000000e+02 7.000000000000000666e-02 4.508936096095200741e-01 1.412591223583488727e+03 5.519698934036767241e+03 1.731999999999999886e+02
1.250000000000000000e+02 7.000000000000000666e-02 7.727049480432257589e-01 2.047467643052815220e+03 7.476943362128215085e+03 1.731999999999999886e+02
1.250000000000000000e+02 7.000000000000000666e-02 9.513805503267568353e-01 2.186342593631847194e+03 1.725388229738987320e+03 1.731999999999999886e+02
1.250000000000000000e+02 7.000000000000000666e-02 6.473956693937037432e-01 1.877007364953053411e+03 8.358918086735935503e+03 1.731999999999999886e+02
1.250000000000000000e+02 7.000000000000000666e-02 2.866957892465523683e-01 1.191071764666689432e+03 7.253589771544863652e+03 1.731999999999999886e+02
1.250000000000000000e+02 7.000000000000000666e-02 3.960306236999811547e-01 1.473489237918762228e+03 8.373774167067473172e+03 1.731999999999999886e+02
1.250000000000000000e+02 7.000000000000000666e-02 6.465789324659793058e-01 1.872130638913505209e+03 8.455766534317877813e+03 1.731999999999999886e+02
1.250000000000000000e+02 7.000000000000000666e-02 2.738128545170011585e-01 1.015316688254855308e+03 3.996519924411325064e+03 1.731999999999999886e+02
1.250000000000000000e+02 7.000000000000000666e-02 8.436892573202876555e-01 2.074637333360323737e+03 5.868827388568080096e+03 1.731999999999999886e+02
1.250000000000000000e+02 7.000000000000000666e-02 9.996278220156630256e-01 2.516231065340248279e+03 8.171680570733901732e+03 1.731999999999999886e+02
1.250000000000000000e+02 7.000000000000000666e-02 6.844736479818203101e-01 1.672405838278518331e+03 3.105254716610646028e+03 1.731999999999999886e+02
1.250000000000000000e+02 7.000000000000000666e-02 5.587537317788320301e-01 1.364460927125290027e+03 2.376772224075775284e+03 1.731999999999999886e+02
1.250000000000000000e+02 7.000000000000000666e-02 7.411018969897300579e-01 1.674047211145428037e+03 1.544670126141293622e+03 1.731999999999999886e+02
1.250000000000000000e+02 7.000000000000000666e-02 3.534951083017038864e-01 1.384296610279547394e+03 8.051851819962142145e+03 1.731999999999999886e+02
1.250000000000000000e+02 7.000000000000000666e-02 9.340260654570476939e-01 2.346725403680137788e+03 8.059684740237738879e+03 1.731999999999999886e+02
1.250000000000000000e+02 7.000000000000000666e-02 7.100478798381651968e-01 1.673668128153358339e+03 1.996208039994336787e+03 1.731999999999999886e+02
1.250000000000000000e+02 7.000000000000000666e-02 9.126356714979395601e-01 2.391614935142528338e+03 9.946575705968229158e+03 1.731999999999999886e+02
1.250000000000000000e+02 7.000000000000000666e-02 4.726918142978551729e-01 1.559673236255275242e+03 8.641964280555981532e+03 1.731999999999999886e+02
1.250000000000000000e+02 7.000000000000000666e-02 4.448705835735064507e-01 1.194061500236051643e+03 3.096410480043150073e+03 1.731999999999999886e+02
1.250000000000000000e+02 7.000000000000000666e-02 8.867835771377994281e-01 2.098334951575644482e+03 2.121253214761491108e+03 1.731999999999999886e+02
1.250000000000000000e+02 7.000000000000000666e-02 8.479283149592934388e-01 2.100928997184668333e+03 5.737951642133256428e+03 1.731999999999999886e+02
1.250000000000000000e+02 7.000000000000000666e-02 5.473983209594660559e-01 1.716304363041335591e+03 8.488211772278153148e+03 1.731999999999999886e+02
1.250000000000000000e+02 7.000000000000000666e-02 7.377999342215805223e-01 1.748001379305468163e+03 1.219445678621704701e+03 1.731999999999999886e+02
1.250000000000000000e+02 7.000000000000000666e-02 6.982253777707857489e-01 1.804391704998137584e+03 6.236537320629479836e+03 1.731999999999999886e+02
1.250000000000000000e+02 7.000000000000000666e-02 9.578575853609507806e-01 2.378184652715214725e+03 6.267551966532539154e+03 1.731999999999999886e+02
1.250000000000000000e+02 7.000000000000000666e-02 3.333225813954996952e-01 1.198715105311818206e+03 5.804481744525426620e+03 1.731999999999999886e+02
1.250000000000000000e+02 7.000000000000000666e-02 7.201336338505972545e-01 2.016349297846949867e+03 9.022541918487040675e+03 1.731999999999999886e+02
1.250000000000000000e+02 7.000000000000000666e-02 9.106949986932525443e-01 2.087435446144481830e+03 1.685731879553861518e+03 1.731999999999999886e+02
1.250000000000000000e+02 7.000000000000000666e-02 6.803982172384440696e-01 1.654099956780523598e+03 3.036910950133296865e+03 1.731999999999999886e+02
1.250000000000000000e+02 7.000000000000000666e-02 8.882439092645365575e-01 2.067953514843547964e+03 2.375878756519399303e+03 1.731999999999999886e+02
1.250000000000000000e+02 7.000000000000000666e-02 4.355001223272830235e-01 1.258815934488652374e+03 3.979888951965500382e+03 1.731999999999999886e+02
1.250000000000000000e+02 7.000000000000000666e-02 5.166557547045205201e-01 1.455219768889443912e+03 4.400764035852991583e+03 1.731999999999999886e+02
1.250000000000000000e+02 7.000000000000000666e-02 3.232826227008044895e-01 1.205506209341541307e+03 5.762771530522303692e+03 1.731999999999999886e+02
1.250000000000000000e+02 7.000000000000000666e-02 4.367613646643478398e-01 1.037130236912299324e+03 1.303781180863729560e+03 1.731999999999999886e+02
1.250000000000000000e+02 7.000000000000000666e-02 6.397851425605103337e-01 1.886645975991430078e+03 9.469462666176026687e+03 1.731999999999999886e+02
1.250000000000000000e+02 7.000000000000000666e-02 6.351537240222361325e-01 1.774782386256934842e+03 7.060692590281604680e+03 1.731999999999999886e+02
1.250000000000000000e+02 7.000000000000000666e-02 4.862367939184470966e-01 1.620086447054976361e+03 9.215836038641013147e+03 1.731999999999999886e+02
1.250000000000000000e+02 7.000000000000000666e-02 3.737720381806226566e-01 1.366460610003847250e+03 7.533353723099825402e+03 1.731999999999999886e+02
1.250000000000000000e+02 7.000000000000000666e-02 9.127855247168782382e-01 2.113007286581683275e+03 4.146758329806667462e+03 1.731999999999999886e+02
1.250000000000000000e+02 7.000000000000000666e-02 8.301690201741830366e-01 1.873056747834951921e+03 2.331685823448414340e+03 1.731999999999999886e+02
1.250000000000000000e+02 7.000000000000000666e-02 6.242965719975026584e-01 1.736089599792159333e+03 6.294731050819042139e+03 1.731999999999999886e+02
1.250000000000000000e+02 7.000000000000000666e-02 6.200959257394209612e-01 1.519938705565862165e+03 2.100322233773214521e+03 1.731999999999999886e+02
1.250000000000000000e+02 7.000000000000000666e-02 5.821997123264748275e-01 1.485939724983017868e+03 2.904925799157461825e+03 1.731999999999999886e+02
1.250000000000000000e+02 7.000000000000000666e-02 9.152961622375412887e-01 2.324541326162347104e+03 8.981501330452687398e+03 1.731999999999999886e+02
1.250000000000000000e+02 7.000000000000000666e-02 8.570655408753474758e-01 2.221646316524777831e+03 8.892167327601197030e+03 1.731999999999999886e+02
1.250000000000000000e+02 7.000000000000000666e-02 8.457356082918607854e-01 2.036278807234063379e+03 3.981047382175811890e+03 1.731999999999999886e+02
1.250000000000000000e+02 7.000000000000000666e-02 7.443744776121179463e-01 1.809161535220498990e+03 2.638027847760238274e+03 1.731999999999999886e+02
1.250000000000000000e+02 7.000000000000000666e-02 9.647522211407737469e-01 2.247236661266875672e+03 4.328116240783566354e+03 1.731999999999999886e+02
1.250000000000000000e+02 7.000000000000000666e-02 5.414533811321500245e-01 1.527855613944897868e+03 5.718362819108875556e+03 1.731999999999999886e+02
1.250000000000000000e+02 7.000000000000000666e-02 4.259859690295781931e-01 1.278756988047046661e+03 4.353008087051341136e+03 1.731999999999999886e+02
1.250000000000000000e+02 7.000000000000000666e-02 6.006012633064573558e-01 1.551751501223767718e+03 4.186564977424557583e+03 1.731999999999999886e+02
1.250000000000000000e+02 7.000000000000000666e-02 4.348096673512991672e-01 1.155059500561080313e+03 2.637179236890050561e+03 1.731999999999999886e+02
1.250000000000000000e+02 7.000000000000000666e-02 6.414108703161700564e-01 1.580595312798358009e+03 2.925845683626661867e+03 1.731999999999999886e+02
1.250000000000000000e+02 7.000000000000000666e-02 9.797131908094263153e-01 2.218000616010660451e+03 2.526888218441037679e+03 1.731999999999999886e+02
1.250000000000000000e+02 7.000000000000000666e-02 4.476892851165041876e-01 1.563046644250436430e+03 8.667919781621338188e+03 1.731999999999999886e+02
1.250000000000000000e+02 7.000000000000000666e-02 9.383151412737605890e-01 2.233421729175212022e+03 2.283985723023627543e+03 1.731999999999999886e+02
1.250000000000000000e+02 7.000000000000000666e-02 5.719059121395830836e-01 1.387726832469388228e+03 1.256848115495909269e+03 1.731999999999999886e+02
1.250000000000000000e+02 7.000000000000000666e-02 6.574656935683437231e-01 1.805608654460515936e+03 5.912533578391044102e+03 1.731999999999999886e+02
1.250000000000000000e+02 7.000000000000000666e-02 3.894268731091014013e-01 1.133358074054459394e+03 3.476213641925859974e+03 1.731999999999999886e+02
1.250000000000000000e+02 7.000000000000000666e-02 8.199318082389993601e-01 2.145098876932293933e+03 8.549853806630846520e+03 1.731999999999999886e+02
1.250000000000000000e+02 7.000000000000000666e-02 8.275176080829972358e-01 2.021506554947227414e+03 5.202477792211584529e+03 1.731999999999999886e+02
1.250000000000000000e+02 7.000000000000000666e-02 8.554860334639934338e-01 2.144371157779684836e+03 5.975694976781626792e+03 1.731999999999999886e+02
1.250000000000000000e+02 7.000000000000000666e-02 3.221534885207188448e-01 1.182439330193225032e+03 5.419870595896576560e+03 1.731999999999999886e+02
1.250000000000000000e+02 7.000000000000000666e-02 8.637843993431069123e-01 2.072280108522172668e+03 1.114751674771288890e+03 1.731999999999999886e+02
1.250000000000000000e+02 7.000000000000000666e-02 9.744517580696808734e-01 2.302686511508798048e+03 3.966511582917261876e+03 1.731999999999999886e+02
1.250000000000000000e+02 7.000000000000000666e-02 8.845220480934559149e-01 2.200839239972050564e+03 7.959516763018596976e+03 1.731999999999999886e+02
1.250000000000000000e+02 7.000000000000000666e-02 8.289073327541388592e-01 2.032837640567532389e+03 5.631855134220034415e+03 1.731999999999999886e+02
1.250000000000000000e+02 7.000000000000000666e-02 3.663574385192707172e-01 1.427891081271974372e+03 8.477155709893158928e+03 1.731999999999999886e+02
1.250000000000000000e+02 7.000000000000000666e-02 5.964113133468249561e-01 1.767105247868122660e+03 8.169311840871981076e+03 1.731999999999999886e+02
1.250000000000000000e+02 7.000000000000000666e-02 9.195682489217933409e-01 2.140745525766049923e+03 3.568561592204692715e+03 1.731999999999999886e+02
1.250000000000000000e+02 7.000000000000000666e-02 6.681485701204029626e-01 1.574362289538556524e+03 2.358878489686549074e+03 1.731999999999999886e+02
1.250000000000000000e+02 7.000000000000000666e-02 6.692283660778207688e-01 1.934902015428011055e+03 9.561061172921416073e+03 1.731999999999999886e+02
1.250000000000000000e+02 7.000000000000000666e-02 3.753899011829358590e-01 1.288751767343788515e+03 5.728109095771569628e+03 1.731999999999999886e+02
1.250000000000000000e+02 7.000000000000000666e-02 4.047739624234826250e-01 1.120111677534510818e+03 2.328686360963985862e+03 1.731999999999999886e+02
1.250000000000000000e+02 7.000000000000000666e-02 8.201042424946541898e-01 1.956790803517033055e+03 1.483785409211432579e+03 1.731999999999999886e+02
1.250000000000000000e+02 7.000000000000000666e-02 6.115333352833313141e-01 1.712884922132283691e+03 6.663077036344915541e+03 1.731999999999999886e+02
1.250000000000000000e+02 7.000000000000000666e-02 2.486978974783842222e-01 1.210722856009970201e+03 8.746962059638428400e+03 1.731999999999999886e+02
1.250000000000000000e+02 7.000000000000000666e-02 8.029643845213295661e-01 1.841169702333830401e+03 1.730944864268470383e+03 1.731999999999999886e+02
1.250000000000000000e+02 7.000000000000000666e-02 3.871630085141458122e-01 1.436062887840296980e+03 8.236485031088235701e+03 1.731999999999999886e+02
1.250000000000000000e+02 7.000000000000000666e-02 6.839447027623680730e-01 1.677190815994522836e+03 2.945517189557527672e+03 1.731999999999999886e+02
1.250000000000000000e+02 7.000000000000000666e-02 7.024253538713686185e-01 1.852728055252552849e+03 5.413669838039834758e+03 1.731999999999999886e+02
1.250000000000000000e+02 7.000000000000000666e-02 7.804716331695513709e-01 1.859487285448537477e+03 1.320986100676060687e+03 1.731999999999999886e+02
1.250000000000000000e+02 7.000000000000000666e-02 8.558934301582817872e-01 2.244030095992688075e+03 7.289002916546914093e+03 1.731999999999999886e+02
1.250000000000000000e+02 7.000000000000000666e-02 9.441068335076558959e-01 2.390689798854916262e+03 8.746582454460693043e+03 1.731999999999999886e+02
1.250000000000000000e+02 7.000000000000000666e-02 3.767712570237120029e-01 1.043895215521530417e+03 2.426045899036526862e+03 1.731999999999999886e+02
1.250000000000000000e+02 7.000000000000000666e-02 2.934772373089780118e-01 1.084511476954322916e+03 4.576637204792030388e+03 1.731999999999999886e+02
1.250000000000000000e+02 7.000000000000000666e-02 9.074602712145514172e-01 2.026983877908841350e+03 1.782369691772259102e+03 1.731999999999999886e+02
1.250000000000000000e+02 7.000000000000000666e-02 9.346738519094067721e-01 2.254899723505396651e+03 2.855830110166373743e+03 1.731999999999999886e+02
1.250000000000000000e+02 7.000000000000000666e-02 5.889962557732190129e-01 1.452636245976350892e+03 2.616551170006728171e+03 1.731999999999999886e+02
1.250000000000000000e+02 7.000000000000000666e-02 8.367145014416642601e-01 1.945342847181893376e+03 1.712443813594857147e+03 1.731999999999999886e+02
1.250000000000000000e+02 7.000000000000000666e-02 6.190622998280445044e-01 1.517568627748792778e+03 1.929680633445081639e+03 1.731999999999999886e+02
1.250000000000000000e+02 7.000000000000000666e-02 9.741955201393414088e-01 2.324966227208447890e+03 2.496144928285883907e+03 1.731999999999999886e+02
1.250000000000000000e+02 7.000000000000000666e-02 6.426789938373574929e-01 1.898594452810400071e+03 9.790818723927384781e+03 1.731999999999999886e+02
1.250000000000000000e+02 7.000000000000000666e-02 9.383779584212298408e-01 2.105345128515268698e+03 2.220919767239310204e+03 1.731999999999999886e+02
1.250000000000000000e+02 7.000000000000000666e-02 8.140612665213750043e-01 2.028307425328653835e+03 4.232954218580417546e+03 1.731999999999999886e+02
1.250000000000000000e+02 7.000000000000000666e-02 8.084827436783947885e-01 2.145286503835715848e+03 8.254211354334134739e+03 1.731999999999999886e+02
1.250000000000000000e+02 7.000000000000000666e-02 7.390345285124599872e-01 1.940329077008216245e+03 7.680385882845990636e+03 1.731999999999999886e+02
1.250000000000000000e+02 7.000000000000000666e-02 7.329763697135183165e-01 1.872026432294297592e+03 4.967191173944425827e+03 1.731999999999999886e+02
1.250000000000000000e+02 7.000000000000000666e-02 8.134290214995099078e-01 1.892134305567515639e+03 1.419077498774326159e+03 1.731999999999999886e+02
1.250000000000000000e+02 7.000000000000000666e-02 2.944443172281101528e-01 1.207367134259300883e+03 6.648126182585538118e+03 1.731999999999999886e+02
1.250000000000000000e+02 7.000000000000000666e-02 7.288465417512756117e-01 1.654194651595161304e+03 1.280699654369710061e+03 1.731999999999999886e+02
1.250000000000000000e+02 7.000000000000000666e-02 7.410486443612065433e-01 1.984875578157079417e+03 7.655664899872223032e+03 1.731999999999999886e+02
1.250000000000000000e+02 7.000000000000000666e-02 5.604655638466863321e-01 1.774326861474353336e+03 8.858110401964075209e+03 1.731999999999999886e+02
1.250000000000000000e+02 7.000000000000000666e-02 6.852010256378818776e-01 1.862511561608719376e+03 7.170351368738772180e+03 1.731999999999999886e+02
1.250000000000000000e+02 7.000000000000000666e-02 8.588263600570904543e-01 1.982003372553266217e+03 2.347424697192726853e+03 1.731999999999999886e+02
1.250000000000000000e+02 7.000000000000000666e-02 7.340033646805830259e-01 1.887613603227251133e+03 6.170321888392066285e+03 1.731999999999999886e+02
1.250000000000000000e+02 7.000000000000000666e-02 5.652412018563951479e-01 1.510603094076193884e+03 4.975751320906312685e+03 1.731999999999999886e+02
1.250000000000000000e+02 7.000000000000000666e-02 7.850227615913766277e-01 1.913910192407183331e+03 4.670069867424619588e+03 1.731999999999999886e+02
1.250000000000000000e+02 7.000000000000000666e-02 9.494563322468828614e-01 2.201193203187805466e+03 3.058458917624976493e+03 1.731999999999999886e+02
1.250000000000000000e+02 7.000000000000000666e-02 5.392125477252525112e-01 1.416702438194152592e+03 3.018608580832224561e+03 1.731999999999999886e+02
1.250000000000000000e+02 7.000000000000000666e-02 4.402340242334113474e-01 1.373550538015038683e+03 5.425037742151568636e+03 1.731999999999999886e+02
1.250000000000000000e+02 7.000000000000000666e-02 8.571548710605437771e-01 2.043849761581688881e+03 4.387153812295440730e+03 1.731999999999999886e+02
1.250000000000000000e+02 7.000000000000000666e-02 9.515244747282973758e-01 2.418483263082502162e+03 8.221201461411008495e+03 1.731999999999999886e+02
1.250000000000000000e+02 7.000000000000000666e-02 2.824009539748264519e-01 1.280044128560186891e+03 8.999929197830850171e+03 1.731999999999999886e+02
1.250000000000000000e+02 7.000000000000000666e-02 9.870369436508015237e-01 2.293619650309896770e+03 4.904478655745184369e+03 1.731999999999999886e+02
1.250000000000000000e+02 7.000000000000000666e-02 9.274786021483303333e-01 2.330626057305802078e+03 6.656035791662880911e+03 1.731999999999999886e+02
1.250000000000000000e+02 7.000000000000000666e-02 6.424914739830952515e-01 1.574253612518357386e+03 3.332491173968865951e+03 1.731999999999999886e+02
1.250000000000000000e+02 7.000000000000000666e-02 6.453093786183229374e-01 1.906413087752887350e+03 9.114608061701314000e+03 1.731999999999999886e+02
1.250000000000000000e+02 7.000000000000000666e-02 9.764368122102033976e-01 2.388407678353438314e+03 5.070759528791388220e+03 1.731999999999999886e+02
1.250000000000000000e+02 7.000000000000000666e-02 8.166383677021508136e-01 2.038424908574358369e+03 6.615488449069468516e+03 1.731999999999999886e+02
1.250000000000000000e+02 7.000000000000000666e-02 3.984871823461971219e-01 1.013280634656570328e+03 1.525374390855026149e+03 1.731999999999999886e+02
1.250000000000000000e+02 7.000000000000000666e-02 9.667055230107312047e-01 2.260089089915448312e+03 1.412629547844233457e+03 1.731999999999999886e+02
1.250000000000000000e+02 7.000000000000000666e-02 8.658655331398561472e-01 2.015559705706878503e+03 2.998882053675409225e+03 1.731999999999999886e+02
1.250000000000000000e+02 7.000000000000000666e-02 5.565960762933110928e-01 1.646822591161529090e+03 6.505080580560006638e+03 1.731999999999999886e+02
1.250000000000000000e+02 7.000000000000000666e-02 7.599719365405114280e-01 1.796866233142538704e+03 2.460258517661275619e+03 1.731999999999999886e+02
1.250000000000000000e+02 7.000000000000000666e-02 7.852353655504852314e-01 1.966847036603747711e+03 6.295812179717507206e+03 1.731999999999999886e+02
1.250000000000000000e+02 7.000000000000000666e-02 9.209348618294258548e-01 2.350375186138520348e+03 9.912594995239176569e+03 1.731999999999999886e+02
1.250000000000000000e+02 7.000000000000000666e-02 3.905897816800870115e-01 1.133716723744160163e+03 3.488589295408648013e+03 1.731999999999999886e+02
1.250000000000000000e+02 7.000000000000000666e-02 9.269844936091578003e-01 2.162729092846183448e+03 2.645561525272291419e+03 1.731999999999999886e+02
1.250000000000000000e+02 7.000000000000000666e-02 7.085349286527907742e-01 1.770473787410936438e+03 5.076288864840831593e+03 1.731999999999999886e+02
1.250000000000000000e+02 7.000000000000000666e-02 3.818952177281408900e-01 1.414777666938368611e+03 8.470445226894755251e+03 1.731999999999999886e+02
1.250000000000000000e+02 7.000000000000000666e-02 9.684562827206696367e-01 2.206057974502561592e+03 3.410611078637658011e+03 1.731999999999999886e+02
1.250000000000000000e+02 7.000000000000000666e-02 5.880124211693409375e-01 1.604521279177520455e+03 5.607942830751035217e+03 1.731999999999999886e+02
1.250000000000000000e+02 7.000000000000000666e-02 7.258145422027574289e-01 1.770824675621483948e+03 4.088521617278595841e+03 1.731999999999999886e+02
1.250000000000000000e+02 7.000000000000000666e-02 7.575175392776409833e-01 1.688897696922911564e+03 1.099228676745136909e+03 1.731999999999999886e+02
1.250000000000000000e+02 7.000000000000000666e-02 6.462249275428069151e-01 1.816780544087174349e+03 7.137414511088172731e+03 1.731999999999999886e+02
1.250000000000000000e+02 7.000000000000000666e-02 4.057906474632384519e-01 1.023361116267197872e+03 1.122569343560665629e+03 1.731999999999999886e+02
1.250000000000000000e+02 7.000000000000000666e-02 5.705552596643719276e-01 1.672088645144412794e+03 7.066666302932615508e+03 1.731999999999999886e+02
1.250000000000000000e+02 7.000000000000000666e-02 6.822463475825509827e-01 1.634874259183113736e+03 2.242389796583397128e+03 1.731999999999999886e+02
1.250000000000000000e+02 7.000000000000000666e-02 3.383625239886245972e-01 1.059061377246239317e+03 3.266044064509059353e+03 1.731999999999999886e+02
1.250000000000000000e+02 7.000000000000000666e-02 9.971904712280583727e-01 2.429898792393954864e+03 4.177832047223054360e+03 1.731999999999999886e+02
1.250000000000000000e+02 7.000000000000000666e-02 8.199247053680774888e-01 2.081149051639512436e+03 7.137021593948050395e+03 1.731999999999999886e+02
1.250000000000000000e+02 7.000000000000000666e-02 1.694001132828439338e-01 1.043796150604882541e+03 8.593300957314962943e+03 1.731999999999999886e+02
1.250000000000000000e+02 7.000000000000000666e-02 7.953104321355854989e-01 2.105111381165366765e+03 9.368433472922513829e+03 1.731999999999999886e+02
1.250000000000000000e+02 7.000000000000000666e-02 5.335970902361053536e-01 1.512318305638475067e+03 5.272463927423824316e+03 1.731999999999999886e+02
1.250000000000000000e+02 7.000000000000000666e-02 5.917261896700295454e-01 1.553509066071070720e+03 3.673677511055498144e+03 1.731999999999999886e+02
1.250000000000000000e+02 7.000000000000000666e-02 6.024446504586704609e-01 1.444869202776040993e+03 1.770109731996840537e+03 1.731999999999999886e+02
1.250000000000000000e+02 7.000000000000000666e-02 8.596182825546636597e-01 2.099352830797471142e+03 3.640058732540832807e+03 1.731999999999999886e+02
1.250000000000000000e+02 7.000000000000000666e-02 8.862878993744713885e-01 2.116379979339039437e+03 4.216851645765311332e+03 1.731999999999999886e+02
1.250000000000000000e+02 7.000000000000000666e-02 6.655955215432705074e-01 1.580397303279388552e+03 2.411950556160449196e+03 1.731999999999999886e+02
1.250000000000000000e+02 7.000000000000000666e-02 5.883257754435273768e-01 1.422672273697962055e+03 2.860855958893083425e+03 1.731999999999999886e+02
1.250000000000000000e+02 7.000000000000000666e-02 8.333139319954067092e-01 2.010273819789165827e+03 2.532358311939470696e+03 1.731999999999999886e+02
1.250000000000000000e+02 7.000000000000000666e-02 7.335720250803616782e-01 2.040886445046255176e+03 9.464409332258537688e+03 1.731999999999999886e+02
1.250000000000000000e+02 7.000000000000000666e-02 8.853018313327329913e-01 1.995226995578007063e+03 1.257296719232917894e+03 1.731999999999999886e+02
1.250000000000000000e+02 7.000000000000000666e-02 9.775507168717398887e-01 2.320655923933329632e+03 4.247632754123251289e+03 1.731999999999999886e+02
1.250000000000000000e+02 7.000000000000000666e-02 3.674500432889096779e-01 1.236826079192207317e+03 5.251064066601824379e+03 1.731999999999999886e+02
1.250000000000000000e+02 7.000000000000000666e-02 7.373085983438114610e-01 1.955434020404564535e+03 8.056702472970018789e+03 1.731999999999999886e+02
1.250000000000000000e+02 7.000000000000000666e-02 6.287964834573880335e-01 1.689182879890051026e+03 5.903060022884543287e+03 1.731999999999999886e+02
1.250000000000000000e+02 7.000000000000000666e-02 6.857139343926369479e-01 1.674306228094111475e+03 3.446966010682761862e+03 1.731999999999999886e+02
1.250000000000000000e+02 7.000000000000000666e-02 8.064766590946247371e-01 1.968576692223161899e+03 5.306579469244189568e+03 1.731999999999999886e+02
1.250000000000000000e+02 7.000000000000000666e-02 2.848809134538612398e-01 1.218698847876559284e+03 7.685798492029155568e+03 1.731999999999999886e+02
1.250000000000000000e+02 7.000000000000000666e-02 6.681920131215510761e-01 1.908522975123870765e+03 8.131416821358438938e+03 1.731999999999999886e+02
1.250000000000000000e+02 7.000000000000000666e-02 5.405146019696627224e-01 1.343363321659385747e+03 2.248851827534324002e+03 1.731999999999999886e+02
1.250000000000000000e+02 7.000000000000000666e-02 2.746670383919979641e-01 1.223839874051078368e+03 7.770947859150978729e+03 1.731999999999999886e+02
1.250000000000000000e+02 7.000000000000000666e-02 9.683224557821955569e-01 2.272705096817536287e+03 3.503013641102701058e+03 1.731999999999999886e+02
1.250000000000000000e+02 7.000000000000000666e-02 6.311805204312255224e-01 1.533738349403149186e+03 1.671923856698391091e+03 1.731999999999999886e+02
1.250000000000000000e+02 7.000000000000000666e-02 6.854156233212662652e-01 1.587093419605137115e+03 1.383866303323275133e+03 1.731999999999999886e+02
1.250000000000000000e+02 7.000000000000000666e-02 9.256608050582993963e-01 2.297490290370530602e+03 7.709343538480911775e+03 1.731999999999999886e+02
1.250000000000000000e+02 7.000000000000000666e-02 6.747442674017398723e-01 1.827063247556803162e+03 7.253316964635418117e+03 1.731999999999999886e+02
1.250000000000000000e+02 7.000000000000000666e-02 9.400001096528771694e-01 2.271609450305811151e+03 6.216796362816421606e+03 1.731999999999999886e+02
1.250000000000000000e+02 7.000000000000000666e-02 6.167014650496909223e-01 1.609995191162415267e+03 4.221436550301819807e+03 1.731999999999999886e+02
1.250000000000000000e+02 7.000000000000000666e-02 5.477708018375491150e-01 1.645312852224626567e+03 6.636638243486288957e+03 1.731999999999999886e+02
1.250000000000000000e+02 7.000000000000000666e-02 5.971556867640346322e-01 1.493598703108581049e+03 2.388014684509340896e+03 1.731999999999999886e+02
1.250000000000000000e+02 7.000000000000000666e-02 5.101712384839243164e-01 1.243207411960595891e+03 1.256748234864187907e+03 1.731999999999999886e+02
1.250000000000000000e+02 7.000000000000000666e-02 5.993416236910529271e-01 1.450360796385682079e+03 1.261773570199733058e+03 1.731999999999999886e+02
1.250000000000000000e+02 7.000000000000000666e-02 7.936504808309444714e-01 2.085492219610971006e+03 9.033555870481122838e+03 1.731999999999999886e+02
1.250000000000000000e+02 7.000000000000000666e-02 5.587796538281284420e-01 1.699854432689189252e+03 8.583241854536703613e+03 1.731999999999999886e+02
1.250000000000000000e+02 7.000000000000000666e-02 6.924948929100547268e-01 2.024148428462490756e+03 9.397801445985878672e+03 1.731999999999999886e+02
1.250000000000000000e+02 7.000000000000000666e-02 9.363133438762120120e-01 2.306622385492530157e+03 4.070585326207770777e+03 1.731999999999999886e+02
1.250000000000000000e+02 7.000000000000000666e-02 5.495341323116527121e-01 1.548263387303984018e+03 5.526322591183587065e+03 1.731999999999999886e+02
1.250000000000000000e+02 7.000000000000000666e-02 6.963070782446703078e-01 1.828947924231405977e+03 5.177397618467723078e+03 1.731999999999999886e+02
1.250000000000000000e+02 7.000000000000000666e-02 1.724971448309240152e-01 1.076977150323411934e+03 9.648009262833003959e+03 1.731999999999999886e+02
1.250000000000000000e+02 7.000000000000000666e-02 8.286454739552542303e-01 2.120608564195651525e+03 7.364500018557473595e+03 1.731999999999999886e+02
1.250000000000000000e+02 7.000000000000000666e-02 6.977154321000056392e-01 1.972516810224437450e+03 9.479888601900218418e+03 1.731999999999999886e+02
1.250000000000000000e+02 7.000000000000000666e-02 5.690305677413556307e-01 1.731424903657014056e+03 7.636692440172186252e+03 1.731999999999999886e+02
1.250000000000000000e+02 7.000000000000000666e-02 9.194676569983628589e-01 2.208095041335837777e+03 5.504757567808314889e+03 1.731999999999999886e+02
1.250000000000000000e+02 7.000000000000000666e-02 6.179806110466852243e-01 1.663468773762884211e+03 5.901807824128923130e+03 1.731999999999999886e+02
1.250000000000000000e+02 7.000000000000000666e-02 9.814037993625859269e-01 2.261927517402544254e+03 2.434578889921112022e+03 1.731999999999999886e+02
1.250000000000000000e+02 7.000000000000000666e-02 7.855505455936500070e-01 2.083182276853263829e+03 9.052925157671652414e+03 1.731999999999999886e+02
1.250000000000000000e+02 7.000000000000000666e-02 9.721360811991627271e-01 2.272025327861537789e+03 4.285404043879735582e+03 1.731999999999999886e+02
1.250000000000000000e+02 7.000000000000000666e-02 5.775604981824015161e-01 1.602118234392406521e+03 5.059785873794104191e+03 1.731999999999999886e+02
1.250000000000000000e+02 7.000000000000000666e-02 6.025922127507921111e-01 1.526420669685878238e+03 2.861265755118267407e+03 1.731999999999999886e+02
1.250000000000000000e+02 7.000000000000000666e-02 3.940498230995806983e-01 1.005613147556460262e+03 1.386475164634453904e+03 1.731999999999999886e+02
1.250000000000000000e+02 7.000000000000000666e-02 8.508130789201822086e-01 1.905104988996668908e+03 1.000513835459089705e+03 1.731999999999999886e+02
1.250000000000000000e+02 7.000000000000000666e-02 7.690091235799878522e-01 2.145254769697719894e+03 9.075149945363298684e+03 1.731999999999999886e+02
1.250000000000000000e+02 7.000000000000000666e-02 7.180382092735345667e-01 1.863458383867683096e+03 6.666663018449230549e+03 1.731999999999999886e+02
1.250000000000000000e+02 7.000000000000000666e-02 5.199553312636094882e-01 1.423001758835051078e+03 4.642703929385523224e+03 1.731999999999999886e+02
1.250000000000000000e+02 7.000000000000000666e-02 5.356837887023054856e-01 1.646813945776805213e+03 7.462037144569068914e+03 1.731999999999999886e+02
1.250000000000000000e+02 7.000000000000000666e-02 4.262675781270548470e-01 1.163300575017170559e+03 2.678106107147530111e+03 1.731999999999999886e+02
1.250000000000000000e+02 7.000000000000000666e-02 5.609486722317534868e-01 1.580537393716048655e+03 5.816519403098200200e+03 1.731999999999999886e+02
1.250000000000000000e+02 7.000000000000000666e-02 9.217496867060225307e-01 2.250094603590223414e+03 3.926111974084867597e+03 1.731999999999999886e+02
1.250000000000000000e+02 7.000000000000000666e-02 9.691693204581308674e-01 2.329286538572428981e+03 5.527673814656874129e+03 1.731999999999999886e+02
1.250000000000000000e+02 7.000000000000000666e-02 6.224122191051336683e-01 1.435071379633486004e+03 1.122940037134981139e+03 1.731999999999999886e+02
1.250000000000000000e+02 7.000000000000000666e-02 8.481126041243289837e-01 2.139880588115700448e+03 5.913909639762571715e+03 1.731999999999999886e+02
1.250000000000000000e+02 7.000000000000000666e-02 4.901215803875919597e-01 1.559530790497068210e+03 7.300894439051176050e+03 1.731999999999999886e+02
1.250000000000000000e+02 7.000000000000000666e-02 9.541305598406034649e-01 2.302055458194586208e+03 4.439866918643018835e+03 1.731999999999999886e+02
1.250000000000000000e+02 7.000000000000000666e-02 6.454140778795889322e-01 1.817643054920028590e+03 8.112104561989710419e+03 1.731999999999999886e+02
1.250000000000000000e+02 7.000000000000000666e-02 7.350846739908892813e-01 1.988467142473838067e+03 6.743751096938884075e+03 1.731999999999999886e+02
1.250000000000000000e+02 7.000000000000000666e-02 7.609866906065891889e-01 2.091868955636016381e+03 9.703042160076087384e+03 1.731999999999999886e+02
1.250000000000000000e+02 7.000000000000000666e-02 6.469429738514582695e-01 1.594136933833600779e+03 3.928707050536015686e+03 1.731999999999999886e+02
1.250000000000000000e+02 7.000000000000000666e-02 1.965809080830846489e-01 1.064587771659497321e+03 7.424580081304009582e+03 1.731999999999999886e+02
1.250000000000000000e+02 7.000000000000000666e-02 9.847660510625270147e-01 2.334502408334447409e+03 2.072459957327730990e+03 1.731999999999999886e+02
1.250000000000000000e+02 7.000000000000000666e-02 6.542586240988282897e-01 1.542132866032693528e+03 1.443520061550295850e+03 1.731999999999999886e+02
1.250000000000000000e+02 7.000000000000000666e-02 6.702262082263679144e-01 1.862580110540304304e+03 8.287904248181650473e+03 1.731999999999999886e+02
1.250000000000000000e+02 7.000000000000000666e-02 8.141258690558057509e-01 1.943719082850809855e+03 4.973584552714959500e+03 1.731999999999999886e+02
1.250000000000000000e+02 7.000000000000000666e-02 9.401411425452399495e-01 2.423301196412063291e+03 8.925764519790558552e+03 1.731999999999999886e+02
1.250000000000000000e+02 7.000000000000000666e-02 7.828882129388806677e-01 1.852664599087828947e+03 2.243912042292145088e+03 1.731999999999999886e+02
1.250000000000000000e+02 7.000000000000000666e-02 7.176513600023828321e-01 1.735912329558913825e+03 1.231434084439039452e+03 1.731999999999999886e+02
1.250000000000000000e+02 7.000000000000000666e-02 9.528375057298116291e-01 2.274110834946485738e+03 5.889149216145672654e+03 1.731999999999999886e+02
1.250000000000000000e+02 7.000000000000000666e-02 6.788613878232577781e-01 1.697870980579903971e+03 3.836887732304859128e+03 1.731999999999999886e+02
1.250000000000000000e+02 7.000000000000000666e-02 5.964631077563948836e-01 1.833006061719395802e+03 9.475698110308003379e+03 1.731999999999999886e+02
1.250000000000000000e+02 7.000000000000000666e-02 9.840622971773225203e-01 2.453104973237797822e+03 8.287672934210477251e+03 1.731999999999999886e+02
1.250000000000000000e+02 7.000000000000000666e-02 7.807630554896831665e-01 1.839271637589023157e+03 2.203492286937850622e+03 1.731999999999999886e+02
1.250000000000000000e+02 7.000000000000000666e-02 6.648024050781622396e-01 1.521611694453599284e+03 1.943215252936886600e+03 1.731999999999999886e+02
1.250000000000000000e+02 7.000000000000000666e-02 7.066304433891008596e-01 1.732040932175487342e+03 3.724320808184329508e+03 1.731999999999999886e+02
1.250000000000000000e+02 7.000000000000000666e-02 8.570083708934939093e-01 2.176233507412188374e+03 7.801918309024964401e+03 1.731999999999999886e+02
