1.250000000000000000e+02 7.000000000000000666e-02 9.202074877167247813e-01 2.236700196386042080e+03 5.573561381523500131e+03 1.731999999999999886e+02
1.250000000000000000e+02 7.000000000000000666e-02 9.743222448095280042e-01 2.256449372828070409e+03 4.119819770993055499e+03 1.731999999999999886e+02
1.250000000000000000e+02 7.000000000000000666e-02 9.902692503481228536e-01 2.504264509405660647e+03 9.367342880081498151e+03 1.731999999999999886e+02
1.250000000000000000e+02 7.000000000000000666e-02 9.696750988156556117e-01 2.357150956297559333e+03 7.652584951762213677e+03 1.731999999999999886e+02
1.250000000000000000e+02 7.000000000000000666e-02 2.889128513721008207e-01 1.110260266752110283e+03 5.110659385938738524e+03 1.731999999999999886e+02
1.250000000000000000e+02 7.000000000000000666e-02 8.385839575135308754e-01 2.074837901092086668e+03 6.329594093513710504e+03 1.731999999999999886e+02
1.250000000000000000e+02 7.000000000000000666e-02 8.059556955092851416e-01 2.015326323481443524e+03 5.775113478044185285e+03 1.731999999999999886e+02
1.250000000000000000e+02 7.000000000000000666e-02 6.972494762142010805e-01 1.694366068044470467e+03 2.207343404835928141e+03 1.731999999999999886e+02
1.250000000000000000e+02 7.000000000000000666e-02 9.051538242207995966e-01 2.206695518291980079e+03 3.917775071651839880e+03 1.731999999999999886e+02
1.250000000000000000e+02 7.000000000000000666e-02 4.505930489908253067e-01 1.376278862402955383e+03 5.305607466699832912e+03 1.731999999999999886e+02
1.250000000000000000e+02 7.000000000000000666e-02 4.773735142318445424e-01 1.119022864750683084e+03 1.004166740278011957e+03 1.731999999999999886e+02
1.250000000000000000e+02 7.000000000000000666e-02 9.047072897628092303e-01 2.333058948126142241e+03 9.564147474470884845e+03 1.731999999999999886e+02
1.250000000000000000e+02 7.000000000000000666e-02 9.341825412988095101e-01 2.094774077745421891e+03 1.464131553580388299e+03 1.731999999999999886e+02
1.250000000000000000e+02 7.000000000000000666e-02 7.626197406393065981e-01 1.807392413128215821e+03 3.529321012740985225e+03 1.731999999999999886e+02
1.250000000000000000e+02 7.000000000000000666e-02 3.646863990672024047e-01 1.018316223720085304e+03 2.505363120367588181e+03 1.731999999999999886e+02
1.250000000000000000e+02 7.000000000000000666e-02 4.432694247147099254e-01 1.389945683938490447e+03 5.696313706541516694e+03 1.731999999999999886e+02
1.250000000000000000e+02 7.000000000000000666e-02 7.031927151953243360e-01 1.660085419419720893e+03 1.683387845307946918e+03 1.731999999999999886e+02
1.250000000000000000e+02 7.000000000000000666e-02 5.700593271295999465e-01 1.721855636307466511e+03 8.881592655619308061e+03 1.731999999999999886e+02
1.250000000000000000e+02 7.000000000000000666e-02 4.634050960541255537e-01 1.178178450598589052e+03 2.129880452532864183e+03 1.731999999999999886e+02
1.250000000000000000e+02 7.000000000000000666e-02 9.569756510916075376e-01 2.339967397106711360e+03 6.472231712548215000e+03 1.731999999999999886e+02
1.250000000000000000e+02 7.000000000000000666e-02 5.238264380920955032e-01 1.465966130269256155e+03 4.945641342955471373e+03 1.731999999999999886e+02
1.250000000000000000e+02 7.000000000000000666e-02 8.654378851206544487e-01 2.023288051066201660e+03 3.520047865265382370e+03 1.731999999999999886e+02
1.250000000000000000e+02 7.000000000000000666e-02 8.338599192424976936e-01 1.868734175479239184e+03 1.337995305544824532e+03 1.731999999999999886e+02
1.250000000000000000e+02 7.000000000000000666e-02 9.559700338156668087e-01 2.346956107219355545e+03 6.864721692067946606e+03 1.731999999999999886e+02
1.250000000000000000e+02 7.000000000000000666e-02 8.476047763120994061e-01 2.070410127946747252e+03 4.528279813450039001e+03 1.731999999999999886e+02
1.250000000000000000e+02 7.000000000000000666e-02 9.987230123435110185e-01 2.331753892798820743e+03 4.496708412651967592e+03 1.731999999999999886e+02
1.250000000000000000e+02 7.000000000000000666e-02 4.831026842916267272e-01 1.277524815346392188e+03 2.894634313847046542e+03 1.731999999999999886e+02
1.250000000000000000e+02 7.000000000000000666e-02 9.867196556819740616e-01 2.336635261772778904e+03 5.694317755393967673e+03 1.731999999999999886e+02
1.250000000000000000e+02 7.000000000000000666e-02 5.419961058785048857e-01 1.587554914641536925e+03 6.074537330097035010e+03 1.731999999999999886e+02
1.250000000000000000e+02 7.000000000000000666e-02 9.401535181795923624e-01 2.230267068338141144e+03 3.320614019239330446e+03 1.731999999999999886e+02
1.250000000000000000e+02 7.000000000000000666e-02 3.054221547490287292e-01 1.084625099687934835e+03 4.343068055310362979e+03 1.731999999999999886e+02
1.250000000000000000e+02 7.000000000000000666e-02 5.469527270032428223e-01 1.491643237567817323e+03 4.933762376070235405e+03 1.731999999999999886e+02
1.250000000000000000e+02 7.000000000000000666e-02 7.851997386778487575e-01 2.142767486362648015e+03 8.892547999412887293e+03 1.731999999999999886e+02
1.250000000000000000e+02 7.000000000000000666e-02 7.101650672997609215e-01 1.976897584785710478e+03 7.597278208898167577e+03 1.731999999999999886e+02
1.250000000000000000e+02 7.000000000000000666e-02 4.891870539474353352e-01 1.485893088884917688e+03 5.656449623099895689e+03 1.731999999999999886e+02
1.250000000000000000e+02 7.000000000000000666e-02 9.579267857187485635e-01 2.374549119234733553e+03 4.893758382501178858e+03 1.731999999999999886e+02
1.250000000000000000e+02 7.000000000000000666e-02 6.149828707696355368e-01 1.809904677367786007e+03 7.809977634284841770e+03 1.731999999999999886e+02
1.250000000000000000e+02 7.000000000000000666e-02 8.196448928171470305e-01 2.070780137864585413e+03 5.752051653697132679e+03 1.731999999999999886e+02
1.250000000000000000e+02 7.000000000000000666e-02 9.448489998137726831e-01 2.484972328733211725e+03 9.284857551983384838e+03 1.731999999999999886e+02
1.250000000000000000e+02 7.000000000000000666e-02 7.871388402164107845e-01 1.950853603524291202e+03 4.840969417785905534e+03 1.731999999999999886e+02
1.250000000000000000e+02 7.000000000000000666e-02 9.464416426840660534e-01 2.158045554265554074e+03 3.276813759626493720e+03 1.731999999999999886e+02
1.250000000000000000e+02 7.000000000000000666e-02 9.675438245652883129e-01 2.333233411443385194e+03 5.805595285462965876e+03 1.731999999999999886e+02
1.250000000000000000e+02 7.000000000000000666e-02 7.461388262880902511e-01 1.796971677601689862e+03 1.333770536461514439e+03 1.731999999999999886e+02
1.250000000000000000e+02 7.000000000000000666e-02 7.896008242996532811e-01 1.879353890861338641e+03 4.516640980645035597e+03 1.731999999999999886e+02
1.250000000000000000e+02 7.000000000000000666e-02 9.144166366512456179e-01 2.082544321847219635e+03 2.538434238028942673e+03 1.731999999999999886e+02
1.250000000000000000e+02 7.000000000000000666e-02 4.946850919812206815e-01 1.265526651090996893e+03 2.551047080918193387e+03 1.731999999999999886e+02
1.250000000000000000e+02 7.000000000000000666e-02 4.643940558869832924e-01 1.592151263468706929e+03 8.350590439557925492e+03 1.731999999999999886e+02
1.250000000000000000e+02 7.000000000000000666e-02 7.411062248372628503e-01 1.953723724037346528e+03 7.312877568436711044e+03 1.731999999999999886e+02
1.250000000000000000e+02 7.000000000000000666e-02 2.675366751779933439e-01 1.180229455469096365e+03 7.077503428043783970e+03 1.731999999999999886e+02
1.250000000000000000e+02 7.000000000000000666e-02 8.175963377380112140e-01 1.905727536675188276e+03 1.648260160175055489e+03 1.731999999999999886e+02
1.250000000000000000e+02 7.000000000000000666e-02 9.519461021401435241e-01 2.258394499171572534e+03 4.907527010352397156e+03 1.731999999999999886e+02
1.250000000000000000e+02 7.000000000000000666e-02 7.471437258052594510e-01 2.123278753770371168e+03 9.411740682372432275e+03 1.731999999999999886e+02
1.250000000000000000e+02 7.000000000000000666e-02 9.956842870923178213e-01 2.439512737234108499e+03 8.830591821074995096e+03 1.731999999999999886e+02
1.250000000000000000e+02 7.000000000000000666e-02 8.041200806976492865e-01 1.903604813877602965e+03 4.486319992050689507e+03 1.731999999999999886e+02
1.250000000000000000e+02 7.000000000000000666e-02 4.758369260896757602e-01 1.585696198835300038e+03 8.034622697997507203e+03 1.731999999999999886e+02
1.250000000000000000e+02 7.000000000000000666e-02 8.616631162582920611e-01 1.945809372802497364e+03 1.905602769044181514e+03 1.731999999999999886e+02
1.250000000000000000e+02 7.000000000000000666e-02 6.072438430586230007e-01 1.695160716650595532e+03 6.193439383596721200e+03 1.731999999999999886e+02
1.250000000000000000e+02 7.000000000000000666e-02 3.754442027843875596e-01 1.305497493970036430e+03 5.819995073920521463e+03 1.731999999999999886e+02
1.250000000000000000e+02 7.000000000000000666e-02 8.477665953110782304e-01 2.110047530952615489e+03 5.371093909955788149e+03 1.731999999999999886e+02
1.250000000000000000e+02 7.000000000000000666e-02 4.410890775612085202e-01 1.237336016053230651e+03 3.004006500092029455e+03 1.731999999999999886e+02
1.250000000000000000e+02 7.000000000000000666e-02 7.487479727601007440e-01 1.846376675621365848e+03 4.356556403291387142e+03 1.731999999999999886e+02
1.250000000000000000e+02 7.000000000000000666e-02 8.464982408242942569e-01 2.009233038188453747e+03 2.536889104275149293e+03 1.731999999999999886e+02
1.250000000000000000e+02 7.000000000000000666e-02 9.573531002885239394e-01 2.316916505598016556e+03 6.036972970238473863e+03 1.731999999999999886e+02
1.250000000000000000e+02 7.000000000000000666e-02 9.165338771417013142e-01 2.203971559101441017e+03 5.278413313460609061e+03 1.731999999999999886e+02
1.250000000000000000e+02 7.000000000000000666e-02 9.048646671016258303e-01 2.318738991923085450e+03 8.890038169232680957e+03 1.731999999999999886e+02
1.250000000000000000e+02 7.000000000000000666e-02 6.442353622772036825e-01 1.655849844907435227e+03 4.889753597826356781e+03 1.731999999999999886e+02
1.250000000000000000e+02 7.000000000000000666e-02 2.531281977929724647e-01 1.244575486009095584e+03 9.830909782376056683e+03 1.731999999999999886e+02
1.250000000000000000e+02 7.000000000000000666e-02 8.144148557108533693e-01 1.970343839038389206e+03 3.215374703227413647e+03 1.731999999999999886e+02
1.250000000000000000e+02 7.000000000000000666e-02 8.335127747974189205e-01 2.255657462365090396e+03 9.832529546997180660e+03 1.731999999999999886e+02
1.250000000000000000e+02 7.000000000000000666e-02 8.829265113723059333e-01 2.179570860562025700e+03 7.264258374952745726e+03 1.731999999999999886e+02
1.250000000000000000e+02 7.000000000000000666e-02 7.809295441655389469e-01 1.809933656509658249e+03 1.389669497788973104e+03 1.731999999999999886e+02
1.250000000000000000e+02 7.000000000000000666e-02 7.148705344087715741e-01 1.983396913807926694e+03 8.541374921779577562e+03 1.731999999999999886e+02
1.250000000000000000e+02 7.000000000000000666e-02 7.576850616906843916e-01 2.035309971383507673e+03 8.175904150001954804e+03 1.731999999999999886e+02
1.250000000000000000e+02 7.000000000000000666e-02 3.981587096914420143e-01 1.326159507365003719e+03 5.718362951888650969e+03 1.731999999999999886e+02
1.250000000000000000e+02 7.000000000000000666e-02 6.566178806185528627e-01 1.859347244780365827e+03 7.609796854231367433e+03 1.731999999999999886e+02
1.250000000000000000e+02 7.000000000000000666e-02 6.217157090642240203e-01 1.505421358468758172e+03 1.240039195175457735e+03 1.731999999999999886e+02
1.250000000000000000e+02 7.000000000000000666e-02 8.362323976271170967e-01 1.933266553041181396e+03 3.133650508063475627e+03 1.731999999999999886e+02
1.250000000000000000e+02 7.000000000000000666e-02 7.265469353614808501e-01 1.732520099157971572e+03 2.487408028717751677e+03 1.731999999999999886e+02
1.250000000000000000e+02 7.000000000000000666e-02 7.380889884093129183e-01 1.726427098301241585e+03 1.969706686623436781e+03 1.731999999999999886e+02
1.250000000000000000e+02 7.000000000000000666e-02 6.297668322387999229e-01 1.925505436986824861e+03 9.705570577516749836e+03 1.731999999999999886e+02
1.250000000000000000e+02 7.000000000000000666e-02 8.681200037629728250e-01 2.047360831961892245e+03 1.741670407804430852e+03 1.731999999999999886e+02
1.250000000000000000e+02 7.000000000000000666e-02 4.485160134534213472e-01 1.544915062593917810e+03 8.077563762419874365e+03 1.731999999999999886e+02
1.250000000000000000e+02 7.000000000000000666e-02 8.193959478842546273e-01 2.133356452563692073e+03 6.202062737822717281e+03 1.731999999999999886e+02
1.250000000000000000e+02 7.000000000000000666e-02 4.347228328558954136e-01 1.462093325930598667e+03 7.539100866869384845e+03 1.731999999999999886e+02
1.250000000000000000e+02 7.000000000000000666e-02 3.177574319324601992e-01 1.367551350486368619e+03 9.631142399312184352e+03 1.731999999999999886e+02
1.250000000000000000e+02 7.000000000000000666e-02 6.505941610819210297e-01 1.710314919818342787e+03 5.524094703170559114e+03 1.731999999999999886e+02
1.250000000000000000e+02 7.000000000000000666e-02 7.834937254921180427e-01 1.890386836808096405e+03 1.344142577302408881e+03 1.731999999999999886e+02
1.250000000000000000e+02 7.000000000000000666e-02 7.316344365583289377e-01 1.751835118958741077e+03 1.768342741223815665e+03 1.731999999999999886e+02
1.250000000000000000e+02 7.000000000000000666e-02 3.214607454033618361e-01 1.129551862179225282e+03 4.622308052416969076e+03 1.731999999999999886e+02
1.250000000000000000e+02 7.000000000000000666e-02 9.537024743735457166e-01 2.400586105806900832e+03 7.840517530253436234e+03 1.731999999999999886e+02
1.250000000000000000e+02 7.000000000000000666e-02 9.218909138884768817e-01 2.269274964599640043e+03 4.787153856709906904e+03 1.731999999999999886e+02
1.250000000000000000e+02 7.000000000000000666e-02 2.898608193348789497e-01 1.234247608312749662e+03 7.431295576278390399e+03 1.731999999999999886e+02
1.250000000000000000e+02 7.000000000000000666e-02 6.173976395755231827e-01 1.555320654638230508e+03 2.548902241157104982e+03 1.731999999999999886e+02
1.250000000000000000e+02 7.000000000000000666e-02 8.853339663809531856e-01 2.081960913313823312e+03 2.790144239919608481e+03 1.731999999999999886e+02
1.250000000000000000e+02 7.000000000000000666e-02 5.376469135201991101e-01 1.393017155676610855e+03 3.200959302896585541e+03 1.731999999999999886e+02
1.250000000000000000e+02 7.000000000000000666e-02 5.556284939579153592e-01 1.704036532816257022e+03 7.997549563755104828e+03 1.731999999999999886e+02
1.250000000000000000e+02 7.000000000000000666e-02 4.792419489046689796e-01 1.573048608712815621e+03 8.355922759914401468e+03 1.731999999999999886e+02
1.250000000000000000e+02 7.000000000000000666e-02 2.649223051921316685e-01 1.301634850222219484e+03 9.801088089725075406e+03 1.731999999999999886e+02
1.250000000000000000e+02 7.000000000000000666e-02 9.440626728439405202e-01 2.369262631528242764e+03 8.948714879186121834e+03 1.731999999999999886e+02
1.250000000000000000e+02 7.000000000000000666e-02 5.081969758720816799e-01 1.540034634967078773e+03 7.041959065452660980e+03 1.731999999999999886e+02
1.250000000000000000e+02 7.000000000000000666e-02 8.011067860895170201e-01 2.070103008294467600e+03 7.262220780684228885e+03 1.731999999999999886e+02
1.250000000000000000e+02 7.000000000000000666e-02 4.771821186187426012e-01 1.572836540098548539e+03 8.383065041334959460e+03 1.731999999999999886e+02
1.250000000000000000e+02 7.000000000000000666e-02 9.325574588738819726e-01 2.254268746885409200e+03 3.350136370989084753e+03 1.731999999999999886e+02
1.250000000000000000e+02 7.000000000000000666e-02 6.309958897862802951e-01 1.841665992436829129e+03 9.289369250330853902e+03 1.731999999999999886e+02
1.250000000000000000e+02 7.000000000000000666e-02 9.553984704162925556e-01 2.287988361689935118e+03 1.797790835437454916e+03 1.731999999999999886e+02
1.250000000000000000e+02 7.000000000000000666e-02 4.409973463378107361e-01 1.060819115917918225e+03 1.389481678047277683e+03 1.731999999999999886e+02
1.250000000000000000e+02 7.000000000000000666e-02 7.424055812606901172e-01 1.985582009610112209e+03 8.607885621824856571e+03 1.731999999999999886e+02
1.250000000000000000e+02 7.000000000000000666e-02 3.522871253678971915e-01 1.172605446455340370e+03 4.826575049336609482e+03 1.731999999999999886e+02
1.250000000000000000e+02 7.000000000000000666e-02 7.500797682801751964e-01 1.836130625436797345e+03 4.181772798757167038e+03 1.731999999999999886e+02
1.250000000000000000e+02 7.000000000000000666e-02 3.552262923492404689e-01 1.046612820616181125e+03 3.088118370319778933e+03 1.731999999999999886e+02
1.250000000000000000e+02 7.000000000000000666e-02 7.070545428852376135e-01 1.835955672765599047e+03 5.972805105861294578e+03 1.731999999999999886e+02
1.250000000000000000e+02 7.000000000000000666e-02 5.810533147343605043e-01 1.795731836587930957e+03 8.715414068916987162e+03 1.731999999999999886e+02
1.250000000000000000e+02 7.000000000000000666e-02 7.059141069000786084e-01 1.901217265308635433e+03 6.850354701389518596e+03 1.731999999999999886e+02
1.250000000000000000e+02 7.000000000000000666e-02 8.065467328597238916e-01 2.088286597106851332e+03 6.376143120502219972e+03 1.731999999999999886e+02
1.250000000000000000e+02 7.000000000000000666e-02 3.881619687231965266e-01 1.119741202230197359e+03 2.987991804724318172e+03 1.731999999999999886e+02
1.250000000000000000e+02 7.000000000000000666e-02 3.218070925117111902e-01 1.162119427679899673e+03 5.254189496889482143e+03 1.731999999999999886e+02
1.250000000000000000e+02 7.000000000000000666e-02 9.615965914310017348e-01 2.332815463937883578e+03 3.766610924493641960e+03 1.731999999999999886e+02
1.250000000000000000e+02 7.000000000000000666e-02 7.115563246540392850e-01 2.033617395515208955e+03 9.527148268565544640e+03 1.731999999999999886e+02
1.250000000000000000e+02 7.000000000000000666e-02 9.293473117439619013e-01 2.081589956347881525e+03 1.958360794817550186e+03 1.731999999999999886e+02
1.250000000000000000e+02 7.000000000000000666e-02 3.453365215389877507e-01 1.280381120050273694e+03 6.753813378900599673e+03 1.731999999999999886e+02
1.250000000000000000e+02 7.000000000000000666e-02 4.564131396611921798e-01 1.415432571497416802e+03 5.392054998496144435e+03 1.731999999999999886e+02
1.250000000000000000e+02 7.000000000000000666e-02 4.651607839716083714e-01 1.219207783609194394e+03 2.138396479398957126e+03 1.731999999999999886e+02
1.250000000000000000e+02 7.000000000000000666e-02 5.723723139282647088e-01 1.768026594819219099e+03 9.013117845054790450e+03 1.731999999999999886e+02
1.250000000000000000e+02 7.000000000000000666e-02 6.231363606346482786e-01 1.572761076613758405e+03 4.288832430748513616e+03 1.731999999999999886e+02
1.250000000000000000e+02 7.000000000000000666e-02 8.643923830087928417e-01 2.233019961551958659e+03 7.234173450519098878e+03 1.731999999999999886e+02
1.250000000000000000e+02 7.000000000000000666e-02 5.645680539748808568e-01 1.560690255940848601e+03 5.255723276089708634e+03 1.731999999999999886e+02
1.250000000000000000e+02 7.000000000000000666e-02 8.370306425891584912e-01 2.017610857878492197e+03 4.686403609087808945e+03 1.731999999999999886e+02
1.250000000000000000e+02 7.000000000000000666e-02 7.096275698296926615e-01 1.679423670410064460e+03 3.123916556355363809e+03 1.731999999999999886e+02
1.250000000000000000e+02 7.000000000000000666e-02 9.786529545746250891e-01 2.419526864941539316e+03 7.781400551256255312e+03 1.731999999999999886e+02
1.250000000000000000e+02 7.000000000000000666e-02 3.626444450731730051e-01 1.345605692619172032e+03 7.442285617934548100e+03 1.731999999999999886e+02
1.250000000000000000e+02 7.000000000000000666e-02 7.908019731399310581e-01 1.806606225554834054e+03 2.217890835501296351e+03 1.731999999999999886e+02
1.250000000000000000e+02 7.000000000000000666e-02 8.157687863422189434e-01 1.941655405508353851e+03 2.378168143368119672e+03 1.731999999999999886e+02
1.250000000000000000e+02 7.000000000000000666e-02 2.643697360843578759e-01 1.258610652373256016e+03 8.990436437909129381e+03 1.731999999999999886e+02
1.250000000000000000e+02 7.000000000000000666e-02 6.120440678791709832e-01 1.535872450155940442e+03 3.648645284922849896e+03 1.731999999999999886e+02
1.250000000000000000e+02 7.000000000000000666e-02 3.709274029094460357e-01 1.099022527393158043e+03 2.898027949293929396e+03 1.731999999999999886e+02
1.250000000000000000e+02 7.000000000000000666e-02 7.023645194188269381e-01 1.838513695146276632e+03 5.484311561799947413e+03 1.731999999999999886e+02
1.250000000000000000e+02 7.000000000000000666e-02 7.517596779325965706e-01 1.782665113714757126e+03 3.234892308907826646e+03 1.731999999999999886e+02
1.250000000000000000e+02 7.000000000000000666e-02 7.589000115335845509e-01 1.872567772531443325e+03 2.740399972925383281e+03 1.731999999999999886e+02
1.250000000000000000e+02 7.000000000000000666e-02 6.526776515550702928e-01 1.593153489555417536e+03 2.851460350274842313e+03 1.731999999999999886e+02
1.250000000000000000e+02 7.000000000000000666e-02 7.983288357484092934e-01 1.987023874909364622e+03 5.403443280210488410e+03 1.731999999999999886e+02
1.250000000000000000e+02 7.000000000000000666e-02 8.855106035518117702e-01 2.273201614340497144e+03 9.333194176698088995e+03 1.731999999999999886e+02
1.250000000000000000e+02 7.000000000000000666e-02 3.285635207619535536e-01 1.073579589166184405e+03 3.885486424444692602e+03 1.731999999999999886e+02
1.250000000000000000e+02 7.000000000000000666e-02 3.454076863712484124e-01 1.105542731018109635e+03 3.802627186156161315e+03 1.731999999999999886e+02
1.250000000000000000e+02 7.000000000000000666e-02 6.855296062906655052e-01 1.649782965630282433e+03 2.619805149808422811e+03 1.731999999999999886e+02
1.250000000000000000e+02 7.000000000000000666e-02 9.866723351139764508e-01 2.392140031061194350e+03 6.660201946718631007e+03 1.731999999999999886e+02
1.250000000000000000e+02 7.000000000000000666e-02 6.495704838185158980e-01 1.903660207215534683e+03 8.402839911676361226e+03 1.731999999999999886e+02
1.250000000000000000e+02 7.000000000000000666e-02 9.991701304790077121e-01 2.279484128585359485e+03 2.211497357398879103e+03 1.731999999999999886e+02
1.250000000000000000e+02 7.000000000000000666e-02 5.466466489164608644e-01 1.769106593326549273e+03 9.140817935573799332e+03 1.731999999999999886e+02
1.250000000000000000e+02 7.000000000000000666e-02 6.867392549973480032e-01 1.864253403856326258e+03 7.452853676284319590e+03 1.731999999999999886e+02
1.250000000000000000e+02 7.000000000000000666e-02 8.975041239023836548e-01 2.187701797573306976e+03 7.173648571430419906e+03 1.731999999999999886e+02
1.250000000000000000e+02 7.000000000000000666e-02 7.304782903512864189e-01 1.798309909762837378e+03 4.273055541128471305e+03 1.731999999999999886e+02
1.250000000000000000e+02 7.000000000000000666e-02 8.577717834985626455e-01 1.970729191186127537e+03 1.061534048116604254e+03 1.731999999999999886e+02
1.250000000000000000e+02 7.000000000000000666e-02 7.630408030316916390e-01 1.762015413294137943e+03 2.367638726943463553e+03 1.731999999999999886e+02
1.250000000000000000e+02 7.000000000000000666e-02 7.965867119386096373e-01 1.915999009138570727e+03 2.743201014341837435e+03 1.731999999999999886e+02
1.250000000000000000e+02 7.000000000000000666e-02 9.128474610754098162e-01 2.446417442354172181e+03 9.848530082065468378e+03 1.731999999999999886e+02
1.250000000000000000e+02 7.000000000000000666e-02 9.190126001534366651e-01 2.391405213087940865e+03 9.296923775095861856e+03 1.731999999999999886e+02
1.250000000000000000e+02 7.000000000000000666e-02 8.142574594748051009e-01 2.259659385005365948e+03 9.923746962706778504e+03 1.731999999999999886e+02
1.250000000000000000e+02 7.000000000000000666e-02 7.930632197655572702e-01 2.018424294072315888e+03 6.611522907576973921e+03 1.731999999999999886e+02
1.250000000000000000e+02 7.000000000000000666e-02 9.861558627960420598e-01 2.332077331775743005e+03 3.582504903119421670e+03 1.731999999999999886e+02
1.250000000000000000e+02 7.000000000000000666e-02 7.748833016920864125e-01 2.005733305951695456e+03 5.972220602688566942e+03 1.731999999999999886e+02
1.250000000000000000e+02 7.000000000000000666e-02 3.789344596788769559e-01 1.315289489734337394e+03 6.670261075285591687e+03 1.731999999999999886e+02
1.250000000000000000e+02 7.000000000000000666e-02 1.961285239146547676e-01 1.097771245053275607e+03 8.854294069422994653e+03 1.731999999999999886e+02
1.250000000000000000e+02 7.000000000000000666e-02 6.391682305193768787e-01 1.653351949456179227e+03 4.286371987090920811e+03 1.731999999999999886e+02
1.250000000000000000e+02 7.000000000000000666e-02 9.935679698593186115e-01 2.214131311481263765e+03 2.166198226554730354e+03 1.731999999999999886e+02
1.250000000000000000e+02 7.000000000000000666e-02 3.155540414533094529e-01 1.315325420940155254e+03 8.593288253171205724e+03 1.731999999999999886e+02
1.250000000000000000e+02 7.000000000000000666e-02 4.170649729925931526e-01 1.123380222344385857e+03 2.198257947271010380e+03 1.731999999999999886e+02
1.250000000000000000e+02 7.000000000000000666e-02 8.398158203995965687e-01 1.991883665968739933e+03 3.684737388570491930e+03 1.731999999999999886e+02
1.250000000000000000e+02 7.000000000000000666e-02 3.807957752210509583e-01 1.022465249249730164e+03 2.213076218515841902e+03 1.731999999999999886e+02
1.250000000000000000e+02 7.000000000000000666e-02 9.275660610824947305e-01 2.239828161051907045e+03 5.614964139904098374e+03 1.731999999999999886e+02
1.250000000000000000e+02 7.000000000000000666e-02 9.842400772050610147e-01 2.412654221659185168e+03 6.683613627595242178e+03 1.731999999999999886e+02
1.250000000000000000e+02 7.000000000000000666e-02 3.462210267402459074e-01 1.389228511677177949e+03 8.792383784240122623e+03 1.731999999999999886e+02
1.250000000000000000e+02 7.000000000000000666e-02 8.904095704177421577e-01 2.391765658383414120e+03 9.728555101493460825e+03 1.731999999999999886e+02
1.250000000000000000e+02 7.000000000000000666e-02 2.679200390369164131e-01 1.163961029345880434e+03 7.045233256023536342e+03 1.731999999999999886e+02
1.250000000000000000e+02 7.000000000000000666e-02 8.037482762214636089e-01 2.105240709810799672e+03 6.455217422203149908e+03 1.731999999999999886e+02
1.250000000000000000e+02 7.000000000000000666e-02 8.369796693657243214e-01 2.050492388308364752e+03 6.018367211397688152e+03 1.731999999999999886e+02
1.250000000000000000e+02 7.000000000000000666e-02 8.659741727999742400e-01 2.104959141590136369e+03 2.874385734540539488e+03 1.731999999999999886e+02
1.250000000000000000e+02 7.000000000000000666e-02 9.381946126008117171e-01 2.276048492304791580e+03 3.319385320025787678e+03 1.731999999999999886e+02
1.250000000000000000e+02 7.000000000000000666e-02 2.138164046928130446e-01 1.057400578172789892e+03 6.807812242726326986e+03 1.731999999999999886e+02
1.250000000000000000e+02 7.000000000000000666e-02 8.031277898453594855e-01 1.854597095330685988e+03 2.119994825117134951e+03 1.731999999999999886e+02
1.250000000000000000e+02 7.000000000000000666e-02 8.941698139328330130e-01 2.090488204053433037e+03 3.875750777928422394e+03 1.731999999999999886e+02
1.250000000000000000e+02 7.000000000000000666e-02 3.104213366010661890e-01 1.183526463121293318e+03 5.925935914874804439e+03 1.731999999999999886e+02
1.250000000000000000e+02 7.000000000000000666e-02 2.238556577766044886e-01 1.123976527267578149e+03 7.691308642413233429e+03 1.731999999999999886e+02
1.250000000000000000e+02 7.000000000000000666e-02 8.673248282937265907e-01 2.110865131445362749e+03 3.046237872133401197e+03 1.731999999999999886e+02
1.250000000000000000e+02 7.000000000000000666e-02 4.414751117801158364e-01 1.314013614396335925e+03 4.381017457838355767e+03 1.731999999999999886e+02
1.250000000000000000e+02 7.000000000000000666e-02 8.926248672296210884e-01 2.139027377677053209e+03 2.883810775807589380e+03 1.731999999999999886e+02
1.250000000000000000e+02 7.000000000000000666e-02 8.265302288125829788e-01 1.873025498697867988e+03 1.680484786996757521e+03 1.731999999999999886e+02
1.250000000000000000e+02 7.000000000000000666e-02 7.089002353291403713e-01 1.904807994215575945e+03 6.662643993551967469e+03 1.731999999999999886e+02
1.250000000000000000e+02 7.000000000000000666e-02 3.193249081011406143e-01 1.324797730447363847e+03 8.500145049603448570e+03 1.731999999999999886e+02
1.250000000000000000e+02 7.000000000000000666e-02 5.634939882835998670e-01 1.578725415583773611e+03 5.939241275937493810e+03 1.731999999999999886e+02
1.250000000000000000e+02 7.000000000000000666e-02 9.241418098758975574e-01 2.310645907581755637e+03 7.033950138598902413e+03 1.731999999999999886e+02
1.250000000000000000e+02 7.000000000000000666e-02 9.974543380307544505e-01 2.216910941996538440e+03 1.406336558368532224e+03 1.731999999999999886e+02
1.250000000000000000e+02 7.000000000000000666e-02 7.367722932366465027e-01 1.865509893176110836e+03 5.258387109115839849e+03 1.731999999999999886e+02
1.250000000000000000e+02 7.000000000000000666e-02 2.448507869501530265e-01 1.197343043392279014e+03 8.679087928178076254e+03 1.731999999999999886e+02
1.250000000000000000e+02 7.000000000000000666e-02 9.491216829950468448e-01 2.215887118237819777e+03 3.631570800868827064e+03 1.731999999999999886e+02
1.250000000000000000e+02 7.000000000000000666e-02 7.418522056816505561e-01 2.021440996725855712e+03 8.025605022253298557e+03 1.731999999999999886e+02
1.250000000000000000e+02 7.000000000000000666e-02 9.202024129121475493e-01 2.132147530309745889e+03 4.154669899002918100e+03 1.731999999999999886e+02
1.250000000000000000e+02 7.000000000000000666e-02 7.870485853335466020e-01 1.862599535409953205e+03 3.765720826869060602e+03 1.731999999999999886e+02
1.250000000000000000e+02 7.000000000000000666e-02 7.330762575223398470e-01 1.712342841353306085e+03 1.836500005955521374e+03 1.731999999999999886e+02
1.250000000000000000e+02 7.000000000000000666e-02 1.943473879732246223e-01 1.119790682170410491e+03 9.602228454610569315e+03 1.731999999999999886e+02
1.250000000000000000e+02 7.000000000000000666e-02 8.620739667266112960e-01 2.076111265691563858e+03 5.887494490463819602e+03 1.731999999999999886e+02
1.250000000000000000e+02 7.000000000000000666e-02 9.875562716936544527e-01 2.549805328816812107e+03 9.730095324111347509e+03 1.731999999999999886e+02
1.250000000000000000e+02 7.000000000000000666e-02 5.439861476304871379e-01 1.529492075661523359e+03 4.737444462829529584e+03 1.731999999999999886e+02
1.250000000000000000e+02 7.000000000000000666e-02 6.313930748473557397e-01 1.486974350059932931e+03 1.087661441053253384e+03 1.731999999999999886e+02
1.250000000000000000e+02 7.000000000000000666e-02 8.515351320217018349e-01 2.132229592067508747e+03 4.990608321867934137e+03 1.731999999999999886e+02
1.250000000000000000e+02 7.000000000000000666e-02 9.775987369693700524e-01 2.471041689455665164e+03 8.232285864285240677e+03 1.731999999999999886e+02
1.250000000000000000e+02 7.000000000000000666e-02 8.897490442237528940e-01 2.147109123790950434e+03 6.331805043089371793e+03 1.731999999999999886e+02
1.250000000000000000e+02 7.000000000000000666e-02 6.105176283456377195e-01 1.864465229177683796e+03 9.963070551117925788e+03 1.731999999999999886e+02
1.250000000000000000e+02 7.000000000000000666e-02 8.591307943549990611e-01 2.304553912411444799e+03 9.375887640751261642e+03 1.731999999999999886e+02
1.250000000000000000e+02 7.000000000000000666e-02 3.433785958799094873e-01 1.176319720162059184e+03 5.268659814663329598e+03 1.731999999999999886e+02
1.250000000000000000e+02 7.000000000000000666e-02 7.696452071743191681e-01 2.017085551887915699e+03 6.183010925445983958e+03 1.731999999999999886e+02
1.250000000000000000e+02 7.000000000000000666e-02 4.914371604278964800e-01 1.225423471982202727e+03 1.555227216327777569e+03 1.731999999999999886e+02
1.250000000000000000e+02 7.000000000000000666e-02 5.413662310130104016e-01 1.329703562117712409e+03 1.815752187870150465e+03 1.731999999999999886e+02
1.250000000000000000e+02 7.000000000000000666e-02 8.075416657566319989e-01 2.203512315425765792e+03 9.528951221330315093e+03 1.731999999999999886e+02
1.250000000000000000e+02 7.000000000000000666e-02 7.397135807158637943e-01 2.003867289823578631e+03 8.767815049498003646e+03 1.731999999999999886e+02
1.250000000000000000e+02 7.000000000000000666e-02 9.757184971018776354e-01 2.203779002381287683e+03 3.086953689087517432e+03 1.731999999999999886e+02
1.250000000000000000e+02 7.000000000000000666e-02 4.097420400291533760e-01 1.482305098562536386e+03 8.064032074016755359e+03 1.731999999999999886e+02
1.250000000000000000e+02 7.000000000000000666e-02 4.731226275435015394e-01 1.118067462629291640e+03 1.177520583114909186e+03 1.731999999999999886e+02
1.250000000000000000e+02 7.000000000000000666e-02 6.803815878266867845e-01 1.894649385271241954e+03 8.058775740839436367e+03 1.731999999999999886e+02
1.250000000000000000e+02 7.000000000000000666e-02 7.899075615885792212e-01 2.076741298069779077e+03 7.064619863591427020e+03 1.731999999999999886e+02
1.250000000000000000e+02 7.000000000000000666e-02 8.460374065243975172e-01 2.249837140992051900e+03 8.965548273935713951e+03 1.731999999999999886e+02
1.250000000000000000e+02 7.000000000000000666e-02 8.250732976650047013e-01 2.196988315591445371e+03 9.787825725785165560e+03 1.731999999999999886e+02
1.250000000000000000e+02 7.000000000000000666e-02 8.035132348367997057e-01 1.871368078992153187e+03 2.079704507316774652e+03 1.731999999999999886e+02
1.250000000000000000e+02 7.000000000000000666e-02 6.334684558160609269e-01 1.553769401934538564e+03 3.351935773915587106e+03 1.731999999999999886e+02
1.250000000000000000e+02 7.000000000000000666e-02 3.768043880041797022e-01 1.490490633037517227e+03 9.928494153167543118e+03 1.731999999999999886e+02
1.250000000000000000e+02 7.000000000000000666e-02 8.588874118297816773e-01 2.191891329616913026e+03 6.442107857481707470e+03 1.731999999999999886e+02
1.250000000000000000e+02 7.000000000000000666e-02 2.594838202887330136e-01 1.003225670552202928e+03 4.467442415272174912e+03 1.731999999999999886e+02
1.250000000000000000e+02 7.000000000000000666e-02 7.706509399164006568e-01 1.974663664834178462e+03 5.694805789398919842e+03 1.731999999999999886e+02
1.250000000000000000e+02 7.000000000000000666e-02 6.173887895417553562e-01 1.631754756371272833e+03 5.189011670484305796e+03 1.731999999999999886e+02
1.250000000000000000e+02 7.000000000000000666e-02 9.640894624332325691e-01 2.337004010377574104e+03 4.659432281524934297e+03 1.731999999999999886e+02
1.250000000000000000e+02 7.000000000000000666e-02 7.559926251000292918e-01 2.117377424817585961e+03 8.906661365852967720e+03 1.731999999999999886e+02
1.250000000000000000e+02 7.000000000000000666e-02 7.261745981050771181e-01 1.779706523163190695e+03 2.490223989380549483e+03 1.731999999999999886e+02
1.250000000000000000e+02 7.000000000000000666e-02 2.076443358326418298e-01 1.080302113563007197e+03 7.738865387980333253e+03 1.731999999999999886e+02
1.250000000000000000e+02 7.000000000000000666e-02 9.616659172205308526e-01 2.424754906051005491e+03 8.232189678025124522e+03 1.731999999999999886e+02
1.250000000000000000e+02 7.000000000000000666e-02 6.613687658902077660e-01 1.967831363202205694e+03 9.410312919116759076e+03 1.731999999999999886e+02
1.250000000000000000e+02 7.000000000000000666e-02 7.705537493010724548e-01 2.049218943589696210e+03 7.103772132261852676e+03 1.731999999999999886e+02
1.250000000000000000e+02 7.000000000000000666e-02 9.525948584073079539e-01 2.289370208194927727e+03 5.400785565589773796e+03 1.731999999999999886e+02
1.250000000000000000e+02 7.000000000000000666e-02 8.318794119527148645e-01 2.117718946894843157e+03 8.180374429342077747e+03 1.731999999999999886e+02
1.250000000000000000e+02 7.000000000000000666e-02 9.400102687103767396e-01 2.254680754846207492e+03 3.283552872260279401e+03 1.731999999999999886e+02
1.250000000000000000e+02 7.000000000000000666e-02 7.994147169681160570e-01 2.040222136060046068e+03 4.901948537816215321e+03 1.731999999999999886e+02
1.250000000000000000e+02 7.000000000000000666e-02 7.901806233285612047e-01 1.775682376047148864e+03 1.059316945701987379e+03 1.731999999999999886e+02
1.250000000000000000e+02 7.000000000000000666e-02 5.661547428357183165e-01 1.643367000360423390e+03 6.437322679590271036e+03 1.731999999999999886e+02
1.250000000000000000e+02 7.000000000000000666e-02 7.204061887202628522e-01 1.808376147905829384e+03 4.625270233024350091e+03 1.731999999999999886e+02
1.250000000000000000e+02 7.000000000000000666e-02 9.136896792201000261e-01 2.450436255108205842e+03 9.752013397729142525e+03 1.731999999999999886e+02
1.250000000000000000e+02 7.000000000000000666e-02 7.070437496495761698e-01 1.692126751032751599e+03 1.702104953478901280e+03 1.731999999999999886e+02
1.250000000000000000e+02 7.000000000000000666e-02 8.835512137721589498e-01 2.293034755436166506e+03 7.437135426017856844e+03 1.731999999999999886e+02
1.250000000000000000e+02 7.000000000000000666e-02 5.095656388587557206e-01 1.711483176871895466e+03 9.716747306624169141e+03 1.731999999999999886e+02
1.250000000000000000e+02 7.000000000000000666e-02 8.943609438135348144e-01 2.019827407699201558e+03 2.779896634569362504e+03 1.731999999999999886e+02
1.250000000000000000e+02 7.000000000000000666e-02 3.874459951753601583e-01 1.476688229273638854e+03 8.986230301171308383e+03 1.731999999999999886e+02
1.250000000000000000e+02 7.000000000000000666e-02 8.401333509396399224e-01 2.028491505850243811e+03 2.340204609107739088e+03 1.731999999999999886e+02
1.250000000000000000e+02 7.000000000000000666e-02 9.783339432214076536e-01 2.407258027832774133e+03 7.609838134348511630e+03 1.731999999999999886e+02
1.250000000000000000e+02 7.000000000000000666e-02 9.506821257623974120e-01 2.256153036409310971e+03 4.976538712253981430e+03 1.731999999999999886e+02
1.250000000000000000e+02 7.000000000000000666e-02 7.324888544341724428e-01 1.641971892393396956e+03 1.069035839498673113e+03 1.731999999999999886e+02
1.250000000000000000e+02 7.000000000000000666e-02 4.991382061872707276e-01 1.429156925684549606e+03 4.881740093957238059e+03 1.731999999999999886e+02
1.250000000000000000e+02 7.000000000000000666e-02 7.353239047261119765e-01 1.808032768198257372e+03 3.185180314501276825e+03 1.731999999999999886e+02
1.250000000000000000e+02 7.000000000000000666e-02 4.105883110641511125e-01 1.100827289031209602e+03 1.941341327157446813e+03 1.731999999999999886e+02
1.250000000000000000e+02 7.000000000000000666e-02 7.161072704958054702e-01 2.020222107057615403e+03 8.936856177258785465e+03 1.731999999999999886e+02
1.250000000000000000e+02 7.000000000000000666e-02 6.764535005093198494e-01 1.571849123995413265e+03 1.994329870616570133e+03 1.731999999999999886e+02
1.250000000000000000e+02 7.000000000000000666e-02 5.321172916783077911e-01 1.555388918549707114e+03 5.929672065732709598e+03 1.731999999999999886e+02
1.250000000000000000e+02 7.000000000000000666e-02 8.597865892039440183e-01 1.965218110206386882e+03 2.209133733874015888e+03 1.731999999999999886e+02
1.250000000000000000e+02 7.000000000000000666e-02 8.405609806107663395e-01 2.258414419168681889e+03 9.947541016685881914e+03 1.731999999999999886e+02
1.250000000000000000e+02 7.000000000000000666e-02 9.294262727665465462e-01 2.363841011740222712e+03 8.644710512197967546e+03 1.731999999999999886e+02
1.250000000000000000e+02 7.000000000000000666e-02 8.237954352030107952e-01 2.124458350970921856e+03 7.703190575513634030e+03 1.731999999999999886e+02
1.250000000000000000e+02 7.000000000000000666e-02 5.462761489501339884e-01 1.544486124578169438e+03 5.187568230498244702e+03 1.731999999999999886e+02
1.250000000000000000e+02 7.000000000000000666e-02 8.250933974906375923e-01 2.026071197719807742e+03 4.302079549601819963e+03 1.731999999999999886e+02
1.250000000000000000e+02 7.000000000000000666e-02 5.306265518281557680e-01 1.256140861516087853e+03 1.473787744010666984e+03 1.731999999999999886e+02
1.250000000000000000e+02 7.000000000000000666e-02 5.439987716226244441e-01 1.563279185664409169e+03 5.681405041351744330e+03 1.731999999999999886e+02
1.250000000000000000e+02 7.000000000000000666e-02 8.389088930118845377e-01 2.133872517895042620e+03 7.473245143296795504e+03 1.731999999999999886e+02
1.250000000000000000e+02 7.000000000000000666e-02 5.678926665409024244e-01 1.487921383682100895e+03 3.687134998570574680e+03 1.731999999999999886e+02
1.250000000000000000e+02 7.000000000000000666e-02 9.604112466040608531e-01 2.210471571488501468e+03 4.227280898530492777e+03 1.731999999999999886e+02
1.250000000000000000e+02 7.000000000000000666e-02 8.781457240244197049e-01 2.316827630881248297e+03 8.234273548589109851e+03 1.731999999999999886e+02
1.250000000000000000e+02 7.000000000000000666e-02 6.374005300773492033e-01 1.552658756234654902e+03 1.798908630953217198e+03 1.731999999999999886e+02
1.250000000000000000e+02 7.000000000000000666e-02 6.361051112518030237e-01 1.643718201035617085e+03 4.798339123990263033e+03 1.731999999999999886e+02
1.250000000000000000e+02 7.000000000000000666e-02 5.177978572264821944e-01 1.532526088283627814e+03 6.044895880039503936e+03 1.731999999999999886e+02
1.250000000000000000e+02 7.000000000000000666e-02 6.360585707438191072e-01 1.655657386344955285e+03 5.493626174452772830e+03 1.731999999999999886e+02
1.250000000000000000e+02 7.000000000000000666e-02 5.919707306348278575e-01 1.768311465192555715e+03 7.567860658009725739e+03 1.731999999999999886e+02
1.250000000000000000e+02 7.000000000000000666e-02 4.903870630674826425e-01 1.399240844085736853e+03 4.718240439450528356e+03 1.731999999999999886e+02
1.250000000000000000e+02 7.000000000000000666e-02 9.833837837259693515e-01 2.340496940499562697e+03 3.686775991522768436e+03 1.731999999999999886e+02
1.250000000000000000e+02 7.000000000000000666e-02 4.607571685943375739e-01 1.326017942760160167e+03 4.260990233775476554e+03 1.731999999999999886e+02
1.250000000000000000e+02 7.000000000000000666e-02 2.856370690709605920e-01 1.152029581769874312e+03 6.401001129178263909e+03 1.731999999999999886e+02
1.250000000000000000e+02 7.000000000000000666e-02 6.862076999362088925e-01 1.702143320409646776e+03 4.147927035577062270e+03 1.731999999999999886e+02
1.250000000000000000e+02 7.000000000000000666e-02 9.833111230297878480e-01 2.494733967338288039e+03 8.992652396036264690e+03 1.731999999999999886e+02
1.250000000000000000e+02 7.000000000000000666e-02 8.993373479593107511e-01 2.147811063584841577e+03 4.357411211334872860e+03 1.731999999999999886e+02
1.250000000000000000e+02 7.000000000000000666e-02 7.403478449364049307e-01 1.715597364088459699e+03 2.717019788423985119e+03 1.731999999999999886e+02
1.250000000000000000e+02 7.000000000000000666e-02 9.734108668154853872e-01 2.182321885606434080e+03 1.775330944622327934e+03 1.731999999999999886e+02
1.250000000000000000e+02 7.000000000000000666e-02 5.181235648736832733e-01 1.674895668668966209e+03 8.327815833347276566e+03 1.731999999999999886e+02
1.250000000000000000e+02 7.000000000000000666e-02 5.113370429115708937e-01 1.516094274104247233e+03 6.029966185736098851e+03 1.731999999999999886e+02
1.250000000000000000e+02 7.000000000000000666e-02 6.910016308156651244e-01 1.969364792068459565e+03 8.734799958040901402e+03 1.731999999999999886e+02
1.250000000000000000e+02 7.000000000000000666e-02 7.567186808324648517e-01 2.128609956711986342e+03 9.174479453607218602e+03 1.731999999999999886e+02
1.250000000000000000e+02 7.000000000000000666e-02 3.302629825194114410e-01 1.380845228199222447e+03 9.000701064563498221e+03 1.731999999999999886e+02
1.250000000000000000e+02 7.000000000000000666e-02 9.906876213778798013e-01 2.258028146317724350e+03 1.507594865633286190e+03 1.731999999999999886e+02
1.250000000000000000e+02 7.000000000000000666e-02 8.138714637253797735e-01 2.003311541879208562e+03 5.783832626853443799e+03 1.731999999999999886e+02
1.250000000000000000e+02 7.000000000000000666e-02 5.471213648962618414e-01 1.601641016790871163e+03 6.780563897269769768e+03 1.731999999999999886e+02
1.250000000000000000e+02 7.000000000000000666e-02 8.699391747020549515e-01 2.222665480813103386e+03 7.096826031021865674e+03 1.731999999999999886e+02
1.250000000000000000e+02 7.000000000000000666e-02 9.715645681616609242e-01 2.302967655014522279e+03 2.181001822838241424e+03 1.731999999999999886e+02
1.250000000000000000e+02 7.000000000000000666e-02 5.049425875812767472e-01 1.390559212249389930e+03 3.869090931911171083e+03 1.731999999999999886e+02
1.250000000000000000e+02 7.000000000000000666e-02 7.930994084608053996e-01 2.036847928974233128e+03 7.660461195645818407e+03 1.731999999999999886e+02
1.250000000000000000e+02 7.000000000000000666e-02 5.328971307676465541e-01 1.464851089248396192e+03 4.754611472093174598e+03 1.731999999999999886e+02
1.250000000000000000e+02 7.000000000000000666e-02 8.207659789544557993e-01 1.881459781113185727e+03 2.512126513603345757e+03 1.731999999999999886e+02
1.250000000000000000e+02 7.000000000000000666e-02 4.639305974468676541e-01 1.208524434345995587e+03 2.139825517077048062e+03 1.731999999999999886e+02
1.250000000000000000e+02 7.000000000000000666e-02 3.605087520710482107e-01 1.003875147248244048e+03 1.913072842389105517e+03 1.731999999999999886e+02
1.250000000000000000e+02 7.000000000000000666e-02 3.026030062210633420e-01 1.070582846984441858e+03 4.183245367911709764e+03 1.731999999999999886e+02
1.250000000000000000e+02 7.000000000000000666e-02 4.468998736174615294e-01 1.558196428371880529e+03 8.967994995278952047e+03 1.731999999999999886e+02
1.250000000000000000e+02 7.000000000000000666e-02 4.581176585224331355e-01 1.137947587571681424e+03 1.834768193099305108e+03 1.731999999999999886e+02
1.250000000000000000e+02 7.000000000000000666e-02 7.475134169931317851e-01 1.882411246281713375e+03 3.646438680301896511e+03 1.731999999999999886e+02
1.250000000000000000e+02 7.000000000000000666e-02 4.652245279508324671e-01 1.439776960914019583e+03 6.317761516527560161e+03 1.731999999999999886e+02
1.250000000000000000e+02 7.000000000000000666e-02 3.617674586935794578e-01 1.163913544288337562e+03 4.102514225774577426e+03 1.731999999999999886e+02
1.250000000000000000e+02 7.000000000000000666e-02 7.062821947853802351e-01 2.020330265285018640e+03 8.726644374718589461e+03 1.731999999999999886e+02
1.250000000000000000e+02 7.000000000000000666e-02 3.075294578866408224e-01 1.325075777509494174e+03 8.869167610713411705e+03 1.731999999999999886e+02
1.250000000000000000e+02 7.000000000000000666e-02 4.997398105977827742e-01 1.490145711872459515e+03 5.580660312483077178e+03 1.731999999999999886e+02
1.250000000000000000e+02 7.000000000000000666e-02 6.086052251496766319e-01 1.542977185709899913e+03 2.604707369957885930e+03 1.731999999999999886e+02
1.250000000000000000e+02 7.000000000000000666e-02 9.562189093970311360e-01 2.181560097426417997e+03 1.161769465810939664e+03 1.731999999999999886e+02
1.250000000000000000e+02 7.000000000000000666e-02 8.892627653447982006e-01 2.160493604848474206e+03 4.858587805377843324e+03 1.731999999999999886e+02
1.250000000000000000e+02 7.000000000000000666e-02 3.584106759112750118e-01 1.062380609454630758e+03 2.626499355545027356e+03 1.731999999999999886e+02
1.250000000000000000e+02 7.000000000000000666e-02 6.547102408242716498e-01 1.841989727822745863e+03 6.722909702827410001e+03 1.731999999999999886e+02
1.250000000000000000e+02 7.000000000000000666e-02 2.544498475540667437e-01 1.206002617504206000e+03 7.988160747250341046e+03 1.731999999999999886e+02
1.250000000000000000e+02 7.000000000000000666e-02 4.011333764149511705e-01 1.226902170866710094e+03 4.555055464271754317e+03 1.731999999999999886e+02
1.250000000000000000e+02 7.000000000000000666e-02 3.034774885015451562e-01 1.332821403664758463e+03 9.012402074844974777e+03 1.731999999999999886e+02
1.250000000000000000e+02 7.000000000000000666e-02 5.834167286379939865e-01 1.658999714821355155e+03 5.903051255918368042e+03 1.731999999999999886e+02
1.250000000000000000e+02 7.000000000000000666e-02 9.250933100943963261e-01 2.250144813076992250e+03 6.782950429385592543e+03 1.731999999999999886e+02
1.250000000000000000e+02 7.000000000000000666e-02 6.058233718509916654e-01 1.500810521001191773e+03 3.144476298482992206e+03 1.731999999999999886e+02
1.250000000000000000e+02 7.000000000000000666e-02 7.388378956920502727e-01 1.813885422647921814e+03 4.317918683296369636e+03 1.731999999999999886e+02
1.250000000000000000e+02 7.000000000000000666e-02 5.686012367570284498e-01 1.747563012147475774e+03 9.486071625471817242e+03 1.731999999999999886e+02
1.250000000000000000e+02 7.000000000000000666e-02 8.261081171723978489e-01 1.905248519697040138e+03 2.747400194248602020e+03 1.731999999999999886e+02
1.250000000000000000e+02 7.000000000000000666e-02 9.764149862980152639e-01 2.395497305971837704e+03 7.201162061489594635e+03 1.731999999999999886e+02
1.250000000000000000e+02 7.000000000000000666e-02 7.558557143992405969e-01 1.713534455675642675e+03 1.207052004736690151e+03 1.731999999999999886e+02
1.250000000000000000e+02 7.000000000000000666e-02 5.985230499600707743e-01 1.658578587130993128e+03 6.228035471410109494e+03 1.731999999999999886e+02
1.250000000000000000e+02 7.000000000000000666e-02 8.651234751228092934e-01 2.219091496821611599e+03 8.552335814579098951e+03 1.731999999999999886e+02
1.250000000000000000e+02 7.000000000000000666e-02 2.530197447439203606e-01 1.055452950382222070e+03 5.687743411770911734e+03 1.731999999999999886e+02
1.250000000000000000e+02 7.000000000000000666e-02 7.036785075545778367e-01 1.712197504198311208e+03 2.733544042233228083e+03 1.731999999999999886e+02
1.250000000000000000e+02 7.000000000000000666e-02 8.595608794135238817e-01 2.022926616673700664e+03 4.258636900990470167e+03 1.731999999999999886e+02
1.250000000000000000e+02 7.000000000000000666e-02 8.417436518177505711e-01 2.178485770406144638e+03 6.924740029926604620e+03 1.731999999999999886e+02
1.250000000000000000e+02 7.000000000000000666e-02 5.274131253750761195e-01 1.681841012396580027e+03 9.417678064983032527e+03 1.731999999999999886e+02
1.250000000000000000e+02 7.000000000000000666e-02 9.221045153901801239e-01 2.350560600964367040e+03 7.354479546422735439e+03 1.731999999999999886e+02
1.250000000000000000e+02 7.000000000000000666e-02 9.878126432079363806e-01 2.329153705018476558e+03 3.363452103152673772e+03 1.731999999999999886e+02
1.250000000000000000e+02 7.000000000000000666e-02 7.898920591651984457e-01 1.950186573231545935e+03 5.747890506586956690e+03 1.731999999999999886e+02
1.250000000000000000e+02 7.000000000000000666e-02 9.745923249689909529e-01 2.433562897876126044e+03 8.822637263337896002e+03 1.731999999999999886e+02
1.250000000000000000e+02 7.000000000000000666e-02 8.153594519822123798e-01 2.190677303184335869e+03 9.388855819549542503e+03 1.731999999999999886e+02
1.250000000000000000e+02 7.000000000000000666e-02 6.226586985999112978e-01 1.770303410998664958e+03 7.438007826470260625e+03 1.731999999999999886e+02
1.250000000000000000e+02 7.000000000000000666e-02 5.082624267559412434e-01 1.399984554641117711e+03 4.521999642217691871e+03 1.731999999999999886e+02
1.250000000000000000e+02 7.000000000000000666e-02 7.455274892508633178e-01 1.915828761817548184e+03 5.127505174812279620e+03 1.731999999999999886e+02
1.250000000000000000e+02 7.000000000000000666e-02 9.573348804669460366e-01 2.385836797808798110e+03 9.219166969164201873e+03 1.731999999999999886e+02
1.250000000000000000e+02 7.000000000000000666e-02 5.183751509257437107e-01 1.215762858067566185e+03 1.301737916567813500e+03 1.731999999999999886e+02
1.250000000000000000e+02 7.000000000000000666e-02 2.184274500963894194e-01 1.010522321108339497e+03 5.803338617965338017e+03 1.731999999999999886e+02
1.250000000000000000e+02 7.000000000000000666e-02 8.639466280180002622e-01 1.961043894164079120e+03 2.635896455197268551e+03 1.731999999999999886e+02
1.250000000000000000e+02 7.000000000000000666e-02 7.137394322721569706e-01 1.820737425432303098e+03 5.550969613430972458e+03 1.731999999999999886e+02
1.250000000000000000e+02 7.000000000000000666e-02 4.505759707985799722e-01 1.473955365204571081e+03 7.154472756835802102e+03 1.731999999999999886e+02
1.250000000000000000e+02 7.000000000000000666e-02 6.002353966615533443e-01 1.643613788354946564e+03 4.806429847124934895e+03 1.731999999999999886e+02
1.250000000000000000e+02 7.000000000000000666e-02 7.583235346285107648e-01 2.010352979093110662e+03 7.253407238983591014e+03 1.731999999999999886e+02
1.250000000000000000e+02 7.000000000000000666e-02 8.287088047746127284e-01 1.960610232287577219e+03 1.094681053625604591e+03 1.731999999999999886e+02
1.250000000000000000e+02 7.000000000000000666e-02 6.417040812064557231e-01 1.752377623607108490e+03 6.214198271770212159e+03 1.731999999999999886e+02
1.250000000000000000e+02 7.000000000000000666e-02 8.412934260082060023e-01 2.014171163300122544e+03 5.178723528692564287e+03 1.731999999999999886e+02
1.250000000000000000e+02 7.000000000000000666e-02 7.194745567992256730e-01 1.889099210356423782e+03 6.014555397913444722e+03 1.731999999999999886e+02
1.250000000000000000e+02 7.000000000000000666e-02 3.867688260075746176e-01 1.243244437332966754e+03 4.690325689202561989e+03 1.731999999999999886e+02
1.250000000000000000e+02 7.000000000000000666e-02 5.406116039124392314e-01 1.560045468186032849e+03 6.212104445292296077e+03 1.731999999999999886e+02
1.250000000000000000e+02 7.000000000000000666e-02 4.653684835877911485e-01 1.565213329733235923e+03 8.423660198259927711e+03 1.731999999999999886e+02
1.250000000000000000e+02 7.000000000000000666e-02 6.312334869719425923e-01 1.593842194595381898e+03 3.925630041618971063e+03 1.731999999999999886e+02
1.250000000000000000e+02 7.000000000000000666e-02 4.276763241021341866e-01 1.515572849879564728e+03 9.077482513665729130e+03 1.731999999999999886e+02
1.250000000000000000e+02 7.000000000000000666e-02 6.574457059066148856e-01 1.929724759407252805e+03 9.598000524618504642e+03 1.731999999999999886e+02
1.250000000000000000e+02 7.000000000000000666e-02 4.927953774617975236e-01 1.429487904261626227e+03 4.573138972745998217e+03 1.731999999999999886e+02
1.250000000000000000e+02 7.000000000000000666e-02 6.724223407366257677e-01 1.550361333000135801e+03 1.996208360929394303e+03 1.731999999999999886e+02
1.250000000000000000e+02 7.000000000000000666e-02 4.209232588875562175e-01 1.063633193268734658e+03 1.618019987494370525e+03 1.731999999999999886e+02
1.250000000000000000e+02 7.000000000000000666e-02 3.628741724375706412e-01 1.157464478898079733e+03 3.909839985594729114e+03 1.731999999999999886e+02
1.250000000000000000e+02 7.000000000000000666e-02 9.731515380436390750e-01 2.280018489554788175e+03 2.931180078488145682e+03 1.731999999999999886e+02
1.250000000000000000e+02 7.000000000000000666e-02 5.811726849013587604e-01 1.510443576579817091e+03 3.810401514587673319e+03 1.731999999999999886e+02
1.250000000000000000e+02 7.000000000000000666e-02 6.325253305117899405e-01 1.833104573401750486e+03 7.661081821838723044e+03 1.731999999999999886e+02
1.250000000000000000e+02 7.000000000000000666e-02 5.088318770019994997e-01 1.581735318290194300e+03 6.797094241800376039e+03 1.731999999999999886e+02
1.250000000000000000e+02 7.000000000000000666e-02 6.287350687968344953e-01 1.691300035085715763e+03 6.138530213602509320e+03 1.731999999999999886e+02
1.250000000000000000e+02 7.000000000000000666e-02 8.114033597456349334e-01 1.977778208393643581e+03 5.759734105479058599e+03 1.731999999999999886e+02
1.250000000000000000e+02 7.000000000000000666e-02 9.957259564938543139e-01 2.430849737891241602e+03 6.013877783533259390e+03 1.731999999999999886e+02
1.250000000000000000e+02 7.000000000000000666e-02 7.929318840387448164e-01 1.890116044285271300e+03 4.162042937566598994e+03 1.731999999999999886e+02
1.250000000000000000e+02 7.000000000000000666e-02 6.816852022618795637e-01 1.810037138649684266e+03 5.708300205681710395e+03 1.731999999999999886e+02
1.250000000000000000e+02 7.000000000000000666e-02 4.764551169449038892e-01 1.334168185108399030e+03 3.732444577335093982e+03 1.731999999999999886e+02
1.250000000000000000e+02 7.000000000000000666e-02 6.934033165834714296e-01 1.672280924716756999e+03 3.050988426512305978e+03 1.731999999999999886e+02
1.250000000000000000e+02 7.000000000000000666e-02 7.492848664455097341e-01 1.851752529944673370e+03 4.197290658205754880e+03 1.731999999999999886e+02
1.250000000000000000e+02 7.000000000000000666e-02 7.132829025447849913e-01 1.983556095206582995e+03 8.892440602999289695e+03 1.731999999999999886e+02
1.250000000000000000e+02 7.000000000000000666e-02 6.059375729954442624e-01 1.798226064160466194e+03 8.736486177549786589e+03 1.731999999999999886e+02
1.250000000000000000e+02 7.000000000000000666e-02 7.933403009875019674e-01 2.038811825521392848e+03 6.991971455635443817e+03 1.731999999999999886e+02
1.250000000000000000e+02 7.000000000000000666e-02 7.571654236421152540e-01 1.839948208509023516e+03 3.723169363288490786e+03 1.731999999999999886e+02
1.250000000000000000e+02 7.000000000000000666e-02 6.904442546831585092e-01 1.933163509111397616e+03 8.172169377072318639e+03 1.731999999999999886e+02
1.250000000000000000e+02 7.000000000000000666e-02 3.599324336895773357e-01 1.136103044713225927e+03 4.121769280377098767e+03 1.731999999999999886e+02
1.250000000000000000e+02 7.000000000000000666e-02 9.159644427764626062e-01 2.236702138943466707e+03 4.522075861922181502e+03 1.731999999999999886e+02
1.250000000000000000e+02 7.000000000000000666e-02 2.407839819442861296e-01 1.064318892234871100e+03 5.898807080350745309e+03 1.731999999999999886e+02
1.250000000000000000e+02 7.000000000000000666e-02 8.681376241641561853e-01 2.277903096887515858e+03 9.433149799414881272e+03 1.731999999999999886e+02
1.250000000000000000e+02 7.000000000000000666e-02 9.843580681567998258e-01 2.368157789468332339e+03 6.871532305066974004e+03 1.731999999999999886e+02
