0.111 1917.994691056892 0.7072129272762768 8437.584123171804
0.113 1740.5255071833135 0.688650776243412 5152.643800077965
0.129 2382.8840502747894 0.9881537799728992 2255.3511454221543
0.126 1988.8568329252112 0.7959034635013988 4321.0735143817055
0.111 1917.994691056892 0.7072129272762768 8437.584123171804
0.118 1988.8568329252112 0.822394162100063 4321.0735143817055
0.126 1021.800716865182 0.18014560513782418 7323.254976660014
0.112 1775.4915314793288 0.7401822945135277 4090.7211558691392
0.119 1917.994691056892 0.7072129272762768 7456.111667167763
0.129 2382.8840502747894 0.9881537799728992 2255.3511454221543
0.12 1954.6246120293686 0.733856523529108 7144.170491299912
0.129 2382.8840502747894 0.9881537799728992 2255.3511454221543
0.113 1838.8134336041517 0.8181688026627796 1229.9146855438116
0.114 1231.0108816617026 0.5469193278423409 262.93529500569184
0.115 2196.3917860395663 0.8366649081475681 9218.253446370256
0.129 2382.8840502747894 0.9881537799728992 2255.3511454221543
0.128 1988.8568329252112 0.822394162100063 2079.748916048153
0.128 1263.5551964260403 0.27003618668642426 8666.933357934146
0.129 2176.9058974734594 0.8906153500248077 3070.179426196464
0.126 1917.994691056892 0.7072129272762768 6608.988400092281
0.126 327.24835710836123 0.004726948413484033 9987.612835987824
0.119 2196.3917860395663 0.8366649081475681 8658.943539744027
0.114 2063.562974461854 0.7705306885095635 8929.087698401854
0.113 2054.878470232926 0.8262173690688621 6579.62116169522
0.128 2488.4181408022755 0.9918977248441141 6718.043386332582
0.12 680.4769163613901 0.14695441053024305 2600.261508792148
0.118 1988.8568329252112 0.822394162100063 4321.0735143817055
0.113 2159.566956686487 0.8089019517433074 9768.4935349188
0.126 2268.370108067136 0.8278836693288107 9756.035496601387
0.12 2063.562974461854 0.7705306885095635 8108.943578016021
0.112 1948.4968985863798 0.8747892126999115 863.8867625484581
0.117 2185.623274251441 0.913870804117596 4917.538427788512
0.122 2268.370108067136 0.9622570561759856 2626.8742427064417
0.114 2063.562974461854 0.7705306885095635 8929.087698401854
0.12 2299.7849178732977 0.8609374919681536 9968.53552882358
0.111 1917.994691056892 0.7072129272762768 8437.584123171804
0.113 2144.38292861712 0.8554424300244905 7491.941112639988
0.114 1953.0945343454664 0.8677580103076318 519.0907239855505
0.122 2185.623274251441 0.9298720911879592 2252.8100299802927
0.126 2263.4159681863975 0.8457501981684634 8839.269373528863
0.128 2176.9058974734594 0.8906153500248077 3521.7994566544353
0.12 1892.2587569373527 0.764530108121001 4439.716628594278
0.122 1912.8893912648791 0.6842301786502616 7873.503907422363
0.123 1734.5729969534664 0.7307941928058461 1740.5691415873625
0.124 1940.2831610590665 0.8179149373409629 1770.1468027760347
0.129 2222.8822573629845 0.831910057987741 7925.445815377632
0.128 1953.0945343454664 0.6466692652790141 9605.846013465152
0.128 1681.4210984269753 0.576117312887426 6425.636123093211
0.113 2273.980338942013 0.9838748464344371 4598.295842662302
0.113 1001.3862915475179 0.2531492151495831 4710.42692729489
0.113 1892.692893045427 0.8168528892606063 3123.44742356504
0.12 1892.2587569373527 0.764530108121001 4439.716628594278
0.121 2356.9792329498996 0.9512657761997628 6819.810145421559
0.118 1930.590084734048 0.735067231735122 6829.277562311533
0.118 1638.926217075992 0.5010209967461692 8872.556343557491
0.122 1912.8893912648791 0.6842301786502616 7873.503907422363
0.128 1832.272292235631 0.7390751254103303 2986.2602429984254
0.128 2054.878470232926 0.7934987361386117 5732.7395557135505
0.119 1927.3434318956383 0.8020185233174313 3732.2014431695807
0.119 2196.3917860395663 0.8366649081475681 8688.360415409454
0.128 1724.2167143949205 0.645132342500667 4841.531311837529
0.126 1872.2219021993092 0.6580067045445044 7554.689894357462
0.12 2165.7474076119333 0.8383528548606918 7609.845533222202
0.113 2144.38292861712 0.8554424300244905 7491.941112639988
0.116 1777.4762727984516 0.735941237876847 3683.850918399243
0.111 2201.148677251414 0.8698301253532525 8658.444598248483
0.124 1964.5637123254633 0.7750584474618498 5042.112390057478
0.128 1724.2167143949205 0.645132342500667 4841.531311837529
0.112 1832.272292235631 0.6667034447348323 7823.6692050003
0.124 2151.6203933463794 0.9083681246095936 2143.185411599704
0.117 1993.257128713759 0.7150246231752184 9098.599174250985
0.127 1944.8548513126466 0.7279496652735258 6236.433390353659
0.122 1724.2167143949205 0.645132342500667 5439.0032429565135
0.125 1829.667500483552 0.6618350359570478 6612.653929266925
0.128 5.8145478208289205 0.6842301786502616 9469.103060508405
0.116 2034.316662781056 0.8780297366531445 2871.335396429473
0.128 1271.0563808509378 0.27230516121493714 8742.97187095238
0.114 1424.6749016907347 0.48059824271702983 5601.510246792774
0.118 1959.9503787982121 0.8138846217860263 4026.8713887482827
0.115 1602.1765956175805 0.49116469854027184 8618.27316162009
0.119 1913.045798776011 0.7947443569088775 3744.84971447898
0.115 998.6286878326177 0.16261677840092664 8161.55424940372
0.12 1927.3434318956383 0.7993413833025045 3732.2014431695807
0.125 2164.155816472546 0.7873464110260437 9050.360260927197
0.129 2401.7431928060446 0.895080181966009 9390.290601593824
0.128 2268.908530068164 0.8613044219691164 7778.040477309036
0.111 1612.7201556319505 0.5634842558918038 6841.824395808424
0.123 2242.571350255718 0.8972208904020562 6197.528951493815
0.114 1563.892995271301 0.5221583360961058 6951.337859203542
0.125 1841.433517647501 0.5852875999612832 9718.659833572336
0.125 2379.471797965687 0.978764741773174 4732.180486986142
0.123 33.257919034645056 0.36165160154874887 9317.030592422188
0.119 1927.3434318956383 0.8020185233174313 3732.2014431695807
0.12 1351.6619211111815 0.4997226095960602 3607.868067422355
0.123 2252.6838151459906 0.8858207698105613 7144.248799874442
0.115 1985.0091176054407 0.7337368514170747 8353.715555598541
0.12 2100.6065638131063 0.8012012041870116 7657.531124735589
0.111 2292.4078340773326 0.9132493112013518 9050.360260927197
0.128 1680.987503665945 0.6719748839971542 2883.0475018233415
0.116 2403.598457292676 0.98870452675645 7260.7393068022675
0.128 853.3885190806532 0.1262051661157536 6238.78376914371
0.129 2401.7431928060446 0.895080181966009 9390.290601593824
0.115 2409.997976474567 0.9954110775989592 7338.775869650962
0.123 2242.571350255718 0.8972208904020562 6197.528951493815
0.113 2180.338982355236 0.9128709404921416 5706.904395163619
0.125 1680.987503665945 0.6719748839971542 3246.0579682626135
0.119 2092.2517521072728 0.8257777669937878 6574.1294913411875
0.115 2464.181969691317 0.9865195455837346 9404.89930590407
0.129 709.813639780672 0.05316358592658743 8939.436655483869
0.112 2044.6222373532187 0.9106005670640002 1792.4626811143708
0.116 2117.923384929985 0.8409541387129091 7027.920621522537
0.122 2410.555456076906 0.9774351744866416 6605.129704591338
0.115 902.553117512959 0.10719608402630432 9454.540382272251
0.113 2292.4078340773326 0.9055504286606904 9050.360260927197
0.129 2142.7424033102084 0.847700736879446 5058.264034234483
0.114 1576.5158601162543 0.4490018108455883 9628.900981459472
0.122 2149.553276381736 0.8195065587120047 7803.903977942185
0.115 2258.342891331231 0.9625600697447874 4823.824642401359
0.119 2114.7689557400563 0.8096632050745206 7783.892702648412
0.129 2529.8176939040604 0.9758088606202537 8690.95196273489
0.116 2092.2517521072728 0.8257777669937878 7052.995596329087
0.121 2095.752386709364 0.77235059800008 8618.27316162009
0.116 2409.997976474567 0.9954110775989592 7050.563734064124
0.12 2028.8596224036805 0.7152664768916034 9466.061282453302
0.129 1532.6402657570038 0.41824004118611713 8740.445666329593
0.124 2242.571350255718 0.8931589159903357 6197.528951493815
0.115 1549.2755911130712 0.686782290903158 169.3707621963349
0.122 2443.6957170066607 0.98870452675645 7025.949179085725
0.119 1060.8323636727891 0.38125459787222515 2463.0393254386317
0.114 2132.7100241952608 0.855620430664219 7053.070702101266
0.112 2357.129543939056 0.9843756951732809 7172.962491098908
0.129 2529.8176939040604 0.9758088606202537 8690.95196273489
0.125 2242.037562757659 0.826290668805989 9296.757235182533
0.118 2480.2826699343727 0.9783961425540726 9595.334894313219
0.111 1576.7325800239714 0.5056469615466652 7932.292792957144
0.129 2529.8176939040604 0.9758088606202537 8690.95196273489
0.111 2002.513525032702 0.7158293809374663 9997.902981890431
0.113 1466.4043942230546 0.5349851794288008 4894.081594002433
0.127 2091.9609421741393 0.7710211462241061 7804.698312829531
0.111 2002.501411378898 0.8298411295942407 5652.449063293376
0.129 2529.8176939040604 0.9758088606202537 8690.95196273489
0.122 2509.1214205649458 0.9783961425540726 9595.334894313219
0.119 2333.605617574773 0.9422872112525622 7128.410374612575
0.129 2529.8176939040604 0.9758088606202537 8690.95196273489
0.115 2459.260266299501 0.9898242895382786 9136.021193117402
0.128 2601.7826634496478 0.9962463060767195 9850.906212061527
0.129 2529.8176939040604 0.9758088606202537 8690.95196273489
0.125 2447.853718591745 0.9469175252030528 8728.369285127654
0.122 2302.831443149507 0.888187571158053 8512.411543422259
0.127 2483.0707638679696 0.9642149114811662 8379.845736394765
0.111 1917.994691056892 0.7072129272762768 8437.584123171804
0.113 1740.5255071833135 0.688650776243412 5152.643800077965
0.129 2382.8840502747894 0.9881537799728992 2255.3511454221543
0.126 1988.8568329252112 0.7959034635013988 4321.0735143817055
0.111 1917.994691056892 0.7072129272762768 8437.584123171804
0.118 1988.8568329252112 0.822394162100063 4321.0735143817055
0.126 1021.800716865182 0.18014560513782418 7323.254976660014
0.112 1775.4915314793288 0.7401822945135277 4090.7211558691392
0.119 1917.994691056892 0.7072129272762768 7456.111667167763
0.129 2382.8840502747894 0.9881537799728992 2255.3511454221543
0.12 1954.6246120293686 0.733856523529108 7144.170491299912
0.129 2382.8840502747894 0.9881537799728992 2255.3511454221543
0.113 1838.8134336041517 0.8181688026627796 1229.9146855438116
0.114 1231.0108816617026 0.5469193278423409 262.93529500569184
0.115 2196.3917860395663 0.8366649081475681 9218.253446370256
0.129 2382.8840502747894 0.9881537799728992 2255.3511454221543
0.128 1988.8568329252112 0.822394162100063 2079.748916048153
0.128 1263.5551964260403 0.27003618668642426 8666.933357934146
0.129 2176.9058974734594 0.8906153500248077 3070.179426196464
0.126 1917.994691056892 0.7072129272762768 6608.988400092281
0.126 327.24835710836123 0.004726948413484033 9987.612835987824
0.119 2196.3917860395663 0.8366649081475681 8658.943539744027
0.114 2063.562974461854 0.7705306885095635 8929.087698401854
0.113 2054.878470232926 0.8262173690688621 6579.62116169522
0.128 2488.4181408022755 0.9918977248441141 6718.043386332582
0.12 680.4769163613901 0.14695441053024305 2600.261508792148
0.118 1988.8568329252112 0.822394162100063 4321.0735143817055
0.113 2159.566956686487 0.8089019517433074 9768.4935349188
0.126 2268.370108067136 0.8278836693288107 9756.035496601387
0.12 2063.562974461854 0.7705306885095635 8108.943578016021
0.112 1948.4968985863798 0.8747892126999115 863.8867625484581
0.117 2185.623274251441 0.913870804117596 4917.538427788512
0.122 2268.370108067136 0.9622570561759856 2626.8742427064417
0.114 2063.562974461854 0.7705306885095635 8929.087698401854
0.12 2299.7849178732977 0.8609374919681536 9968.53552882358
0.111 1917.994691056892 0.7072129272762768 8437.584123171804
0.113 2144.38292861712 0.8554424300244905 7491.941112639988
0.114 1953.0945343454664 0.8677580103076318 519.0907239855505
0.122 2185.623274251441 0.9298720911879592 2252.8100299802927
0.126 2263.4159681863975 0.8457501981684634 8839.269373528863
0.128 2176.9058974734594 0.8906153500248077 3521.7994566544353
0.12 1892.2587569373527 0.764530108121001 4439.716628594278
0.122 1912.8893912648791 0.6842301786502616 7873.503907422363
0.123 1734.5729969534664 0.7307941928058461 1740.5691415873625
0.124 1940.2831610590665 0.8179149373409629 1770.1468027760347
0.129 2222.8822573629845 0.831910057987741 7925.445815377632
0.128 1953.0945343454664 0.6466692652790141 9605.846013465152
0.128 1681.4210984269753 0.576117312887426 6425.636123093211
0.113 2273.980338942013 0.9838748464344371 4598.295842662302
0.113 1001.3862915475179 0.2531492151495831 4710.42692729489
0.113 1892.692893045427 0.8168528892606063 3123.44742356504
0.12 1892.2587569373527 0.764530108121001 4439.716628594278
0.121 2356.9792329498996 0.9512657761997628 6819.810145421559
0.118 1930.590084734048 0.735067231735122 6829.277562311533
0.118 1638.926217075992 0.5010209967461692 8872.556343557491
0.122 1912.8893912648791 0.6842301786502616 7873.503907422363
0.128 1832.272292235631 0.7390751254103303 2986.2602429984254
0.128 2054.878470232926 0.7934987361386117 5732.7395557135505
0.119 1927.3434318956383 0.8020185233174313 3732.2014431695807
0.119 2196.3917860395663 0.8366649081475681 8688.360415409454
0.128 1724.2167143949205 0.645132342500667 4841.531311837529
0.126 1872.2219021993092 0.6580067045445044 7554.689894357462
0.12 2165.7474076119333 0.8383528548606918 7609.845533222202
0.113 2144.38292861712 0.8554424300244905 7491.941112639988
0.116 1777.4762727984516 0.735941237876847 3683.850918399243
0.111 2201.148677251414 0.8698301253532525 8658.444598248483
0.124 1964.5637123254633 0.7750584474618498 5042.112390057478
0.128 1724.2167143949205 0.645132342500667 4841.531311837529
0.112 1832.272292235631 0.6667034447348323 7823.6692050003
0.124 2151.6203933463794 0.9083681246095936 2143.185411599704
0.117 1993.257128713759 0.7150246231752184 9098.599174250985
0.127 1944.8548513126466 0.7279496652735258 6236.433390353659
0.122 1724.2167143949205 0.645132342500667 5439.0032429565135
0.125 1829.667500483552 0.6618350359570478 6612.653929266925
0.128 5.8145478208289205 0.6842301786502616 9469.103060508405
0.116 2034.316662781056 0.8780297366531445 2871.335396429473
0.128 1271.0563808509378 0.27230516121493714 8742.97187095238
0.114 1424.6749016907347 0.48059824271702983 5601.510246792774
0.118 1959.9503787982121 0.8138846217860263 4026.8713887482827
0.115 1602.1765956175805 0.49116469854027184 8618.27316162009
0.119 1913.045798776011 0.7947443569088775 3744.84971447898
0.115 998.6286878326177 0.16261677840092664 8161.55424940372
0.12 1927.3434318956383 0.7993413833025045 3732.2014431695807
0.125 2164.155816472546 0.7873464110260437 9050.360260927197
0.129 2401.7431928060446 0.895080181966009 9390.290601593824
0.128 2268.908530068164 0.8613044219691164 7778.040477309036
0.111 1612.7201556319505 0.5634842558918038 6841.824395808424
0.123 2242.571350255718 0.8972208904020562 6197.528951493815
0.114 1563.892995271301 0.5221583360961058 6951.337859203542
0.125 1841.433517647501 0.5852875999612832 9718.659833572336
0.125 2379.471797965687 0.978764741773174 4732.180486986142
0.123 33.257919034645056 0.36165160154874887 9317.030592422188
0.119 1927.3434318956383 0.8020185233174313 3732.2014431695807
0.12 1351.6619211111815 0.4997226095960602 3607.868067422355
0.123 2252.6838151459906 0.8858207698105613 7144.248799874442
0.115 1985.0091176054407 0.7337368514170747 8353.715555598541
0.12 2100.6065638131063 0.8012012041870116 7657.531124735589
0.111 2292.4078340773326 0.9132493112013518 9050.360260927197
0.128 1680.987503665945 0.6719748839971542 2883.0475018233415
0.116 2403.598457292676 0.98870452675645 7260.7393068022675
0.128 853.3885190806532 0.1262051661157536 6238.78376914371
0.129 2401.7431928060446 0.895080181966009 9390.290601593824
0.115 2409.997976474567 0.9954110775989592 7338.775869650962
0.123 2242.571350255718 0.8972208904020562 6197.528951493815
0.113 2180.338982355236 0.9128709404921416 5706.904395163619
0.125 1680.987503665945 0.6719748839971542 3246.0579682626135
0.119 2092.2517521072728 0.8257777669937878 6574.1294913411875
0.115 2464.181969691317 0.9865195455837346 9404.89930590407
0.129 709.813639780672 0.05316358592658743 8939.436655483869
0.112 2044.6222373532187 0.9106005670640002 1792.4626811143708
0.116 2117.923384929985 0.8409541387129091 7027.920621522537
0.122 2410.555456076906 0.9774351744866416 6605.129704591338
0.115 902.553117512959 0.10719608402630432 9454.540382272251
0.113 2292.4078340773326 0.9055504286606904 9050.360260927197
0.129 2142.7424033102084 0.847700736879446 5058.264034234483
0.114 1576.5158601162543 0.4490018108455883 9628.900981459472
0.122 2149.553276381736 0.8195065587120047 7803.903977942185
0.115 2258.342891331231 0.9625600697447874 4823.824642401359
0.119 2114.7689557400563 0.8096632050745206 7783.892702648412
0.129 2529.8176939040604 0.9758088606202537 8690.95196273489
0.116 2092.2517521072728 0.8257777669937878 7052.995596329087
0.121 2095.752386709364 0.77235059800008 8618.27316162009
0.116 2409.997976474567 0.9954110775989592 7050.563734064124
0.12 2028.8596224036805 0.7152664768916034 9466.061282453302
0.129 1532.6402657570038 0.41824004118611713 8740.445666329593
0.124 2242.571350255718 0.8931589159903357 6197.528951493815
0.115 1549.2755911130712 0.686782290903158 169.3707621963349
0.122 2443.6957170066607 0.98870452675645 7025.949179085725
0.119 1060.8323636727891 0.38125459787222515 2463.0393254386317
0.114 2132.7100241952608 0.855620430664219 7053.070702101266
0.112 2357.129543939056 0.9843756951732809 7172.962491098908
0.129 2529.8176939040604 0.9758088606202537 8690.95196273489
0.125 2242.037562757659 0.826290668805989 9296.757235182533
0.118 2480.2826699343727 0.9783961425540726 9595.334894313219
0.111 1576.7325800239714 0.5056469615466652 7932.292792957144
0.129 2529.8176939040604 0.9758088606202537 8690.95196273489
0.111 2002.513525032702 0.7158293809374663 9997.902981890431
0.113 1466.4043942230546 0.5349851794288008 4894.081594002433
0.127 2091.9609421741393 0.7710211462241061 7804.698312829531
0.111 2002.501411378898 0.8298411295942407 5652.449063293376
0.129 2529.8176939040604 0.9758088606202537 8690.95196273489
0.122 2509.1214205649458 0.9783961425540726 9595.334894313219
0.119 2333.605617574773 0.9422872112525622 7128.410374612575
0.129 2529.8176939040604 0.9758088606202537 8690.95196273489
0.115 2459.260266299501 0.9898242895382786 9136.021193117402
0.128 2601.7826634496478 0.9962463060767195 9850.906212061527
0.129 2529.8176939040604 0.9758088606202537 8690.95196273489
0.125 2447.853718591745 0.9469175252030528 8728.369285127654
0.122 2302.831443149507 0.888187571158053 8512.411543422259
0.127 2483.0707638679696 0.9642149114811662 8379.845736394765
