1.250000000000000000e+02 7.000000000000000666e-02 7.675167456986843328e-01 1.743712029970898584e+03 2.432586560275894669e+02 1.731999999999999886e+02
1.250000000000000000e+02 7.000000000000000666e-02 9.599763670412666539e-01 2.230774269027508126e+03 2.699464664173449933e+02 1.731999999999999886e+02
1.250000000000000000e+02 7.000000000000000666e-02 6.512405517358856866e-01 1.534154194685417224e+03 4.492867123985348599e+02 1.731999999999999886e+02
1.250000000000000000e+02 7.000000000000000666e-02 4.837442345399570187e-01 1.164538574442008212e+03 6.123672289232556523e+02 1.731999999999999886e+02
1.250000000000000000e+02 7.000000000000000666e-02 5.511142518289923187e-01 1.277040341239854797e+03 6.063884834202413288e+01 1.731999999999999886e+02
1.250000000000000000e+02 7.000000000000000666e-02 8.425150448396456770e-01 1.961465916114989795e+03 6.062650104978483796e+02 1.731999999999999886e+02
1.250000000000000000e+02 7.000000000000000666e-02 4.910860748847452051e-01 1.166264676981236335e+03 7.303697046155705266e+02 1.731999999999999886e+02
1.250000000000000000e+02 7.000000000000000666e-02 8.840568457401967173e-01 1.981742041517092048e+03 1.413437680754885761e+01 1.731999999999999886e+02
1.250000000000000000e+02 7.000000000000000666e-02 8.949479384159048090e-01 2.074194555885148930e+03 5.351314603941187897e+02 1.731999999999999886e+02
1.250000000000000000e+02 7.000000000000000666e-02 6.536451716267361878e-01 1.504842659186753735e+03 4.962436342473871491e+02 1.731999999999999886e+02
1.250000000000000000e+02 7.000000000000000666e-02 6.498694609886990214e-01 1.512382102681669039e+03 5.916638658359765941e+02 1.731999999999999886e+02
1.250000000000000000e+02 7.000000000000000666e-02 7.072496078012022735e-01 1.649790288362330330e+03 7.048869013499867151e+02 1.731999999999999886e+02
1.250000000000000000e+02 7.000000000000000666e-02 6.984031371760109907e-01 1.670714086977667648e+03 2.460737603277456458e+02 1.731999999999999886e+02
1.250000000000000000e+02 7.000000000000000666e-02 5.176376457906054496e-01 1.218146463006250315e+03 7.750142175082124822e+02 1.731999999999999886e+02
1.250000000000000000e+02 7.000000000000000666e-02 7.149388870492687786e-01 1.689321176309363409e+03 8.298435625771815012e+02 1.731999999999999886e+02
1.250000000000000000e+02 7.000000000000000666e-02 9.153397541752217315e-01 2.174301351365226765e+03 1.066484882348108698e+02 1.731999999999999886e+02
1.250000000000000000e+02 7.000000000000000666e-02 6.328566618631287222e-01 1.489913881865089479e+03 6.993024115385530877e+02 1.731999999999999886e+02
1.250000000000000000e+02 7.000000000000000666e-02 9.376839190447073813e-01 2.193473255206853992e+03 9.929338594392670529e+02 1.731999999999999886e+02
1.250000000000000000e+02 7.000000000000000666e-02 7.402565397693962046e-01 1.709168622817674532e+03 8.522186083364410933e+02 1.731999999999999886e+02
1.250000000000000000e+02 7.000000000000000666e-02 7.395809206510792766e-01 1.712230598587569148e+03 1.623187146998851347e+02 1.731999999999999886e+02
1.250000000000000000e+02 7.000000000000000666e-02 9.033810325270698049e-01 2.061408402058011234e+03 9.502587699169181406e+02 1.731999999999999886e+02
1.250000000000000000e+02 7.000000000000000666e-02 6.555934197813515496e-01 1.506874040818529920e+03 4.028978452923946634e+02 1.731999999999999886e+02
1.250000000000000000e+02 7.000000000000000666e-02 7.420869674539660732e-01 1.678239179578048606e+03 6.425626114153604931e+02 1.731999999999999886e+02
1.250000000000000000e+02 7.000000000000000666e-02 8.492696039540045261e-01 1.911923581382077828e+03 3.591268321005294410e+02 1.731999999999999886e+02
1.250000000000000000e+02 7.000000000000000666e-02 9.628068449556561603e-01 2.226898536327487818e+03 1.664558923723249961e+02 1.731999999999999886e+02
1.250000000000000000e+02 7.000000000000000666e-02 8.427442478699931350e-01 1.865869619283196926e+03 6.743011621423936504e+02 1.731999999999999886e+02
1.250000000000000000e+02 7.000000000000000666e-02 9.126418086984680045e-01 2.178663714421832083e+03 1.473883622828469981e+02 1.731999999999999886e+02
1.250000000000000000e+02 7.000000000000000666e-02 8.498275744000529652e-01 2.002424037160662010e+03 9.661797925189995340e+01 1.731999999999999886e+02
1.250000000000000000e+02 7.000000000000000666e-02 9.036497238914771302e-01 2.079090528233242367e+03 2.892573087984240487e+02 1.731999999999999886e+02
1.250000000000000000e+02 7.000000000000000666e-02 5.933038248565402073e-01 1.407540202541779308e+03 6.807140052446212621e+02 1.731999999999999886e+02
1.250000000000000000e+02 7.000000000000000666e-02 6.900536044755580800e-01 1.572554925854889007e+03 7.055460811657665090e+02 1.731999999999999886e+02
1.250000000000000000e+02 7.000000000000000666e-02 5.835030315356194430e-01 1.339611205619397879e+03 3.820794442825876445e+02 1.731999999999999886e+02
1.250000000000000000e+02 7.000000000000000666e-02 7.897496000375963110e-01 1.769803891180049277e+03 3.533729787411091365e+02 1.731999999999999886e+02
1.250000000000000000e+02 7.000000000000000666e-02 4.848029727076925699e-01 1.095060570901080609e+03 7.272615061361507287e+02 1.731999999999999886e+02
1.250000000000000000e+02 7.000000000000000666e-02 9.074045885270826117e-01 2.147601760842414024e+03 8.713180247306490855e+02 1.731999999999999886e+02
1.250000000000000000e+02 7.000000000000000666e-02 6.493758538757707921e-01 1.556653706807638628e+03 1.151176570285580141e+02 1.731999999999999886e+02
1.250000000000000000e+02 7.000000000000000666e-02 9.826452484947899579e-01 2.229433425293499567e+03 8.089013312011317112e+02 1.731999999999999886e+02
1.250000000000000000e+02 7.000000000000000666e-02 9.746376088311041741e-01 2.327740446058180623e+03 7.422661095153547421e+02 1.731999999999999886e+02
1.250000000000000000e+02 7.000000000000000666e-02 9.251134578557997923e-01 2.205011451614251200e+03 5.708674585423855774e+01 1.731999999999999886e+02
1.250000000000000000e+02 7.000000000000000666e-02 7.119245548670214419e-01 1.620355933672748506e+03 3.830306355978649435e+02 1.731999999999999886e+02
1.250000000000000000e+02 7.000000000000000666e-02 7.285195236422594700e-01 1.668688632051917466e+03 4.748999816425654075e+01 1.731999999999999886e+02
1.250000000000000000e+02 7.000000000000000666e-02 7.445243396636858080e-01 1.780134621790743040e+03 6.312401238999459565e+02 1.731999999999999886e+02
1.250000000000000000e+02 7.000000000000000666e-02 7.659912152181319600e-01 1.776621430198324560e+03 8.168458053097177753e+02 1.731999999999999886e+02
1.250000000000000000e+02 7.000000000000000666e-02 8.392155891644365040e-01 1.926041441341714517e+03 8.839920117233687051e+02 1.731999999999999886e+02
1.250000000000000000e+02 7.000000000000000666e-02 9.039712052097701456e-01 2.083910368940986245e+03 7.266801804375610345e+02 1.731999999999999886e+02
1.250000000000000000e+02 7.000000000000000666e-02 9.921431523437180822e-01 2.273141791777042272e+03 5.014576293384149039e+02 1.731999999999999886e+02
1.250000000000000000e+02 7.000000000000000666e-02 7.030554940617934623e-01 1.562639743270257441e+03 1.181235430922440628e+02 1.731999999999999886e+02
1.250000000000000000e+02 7.000000000000000666e-02 6.925918370806440905e-01 1.632405393209228350e+03 5.953063685080369396e+02 1.731999999999999886e+02
1.250000000000000000e+02 7.000000000000000666e-02 9.364872245004178808e-01 2.155852800305066921e+03 6.290565912922492089e+02 1.731999999999999886e+02
1.250000000000000000e+02 7.000000000000000666e-02 7.102971325136815395e-01 1.649395523865496671e+03 2.873421899018436534e+02 1.731999999999999886e+02
1.250000000000000000e+02 7.000000000000000666e-02 4.991103140411102257e-01 1.183953897741748506e+03 1.608729129109374298e+02 1.731999999999999886e+02
1.250000000000000000e+02 7.000000000000000666e-02 7.504896674219286856e-01 1.774131379714066497e+03 5.797857359562510737e+02 1.731999999999999886e+02
1.250000000000000000e+02 7.000000000000000666e-02 9.164359409579113658e-01 2.037492542676201765e+03 9.382922434793782713e+02 1.731999999999999886e+02
1.250000000000000000e+02 7.000000000000000666e-02 5.057216351162848733e-01 1.207163359822124676e+03 7.948593532207800081e+02 1.731999999999999886e+02
1.250000000000000000e+02 7.000000000000000666e-02 4.564701491652968790e-01 1.028916972009609253e+03 2.032954910596577065e+02 1.731999999999999886e+02
1.250000000000000000e+02 7.000000000000000666e-02 4.959750268328975142e-01 1.178718158794736610e+03 8.415057313363633966e+02 1.731999999999999886e+02
1.250000000000000000e+02 7.000000000000000666e-02 9.808813445006390186e-01 2.191288271633645309e+03 7.528582068780051486e+02 1.731999999999999886e+02
1.250000000000000000e+02 7.000000000000000666e-02 5.867517779168662795e-01 1.394409923784863622e+03 3.902204144865334001e+01 1.731999999999999886e+02
1.250000000000000000e+02 7.000000000000000666e-02 6.449066717925645564e-01 1.512124356028605462e+03 7.239687871484998141e+02 1.731999999999999886e+02
1.250000000000000000e+02 7.000000000000000666e-02 6.227182493516296713e-01 1.477581030937286869e+03 7.392699550386133751e+02 1.731999999999999886e+02
1.250000000000000000e+02 7.000000000000000666e-02 5.411535062214590797e-01 1.277861746338291823e+03 9.520666744290171835e+01 1.731999999999999886e+02
1.250000000000000000e+02 7.000000000000000666e-02 7.067583983074740006e-01 1.690603475753822750e+03 6.515392387667101275e+02 1.731999999999999886e+02
1.250000000000000000e+02 7.000000000000000666e-02 9.431887873862908611e-01 2.124684653184353010e+03 9.335709909529429069e+02 1.731999999999999886e+02
1.250000000000000000e+02 7.000000000000000666e-02 9.353516903783041236e-01 2.123853716113278551e+03 4.959044043713731753e+01 1.731999999999999886e+02
1.250000000000000000e+02 7.000000000000000666e-02 8.905195763071825921e-01 2.002529587478053600e+03 4.464275951338823916e+02 1.731999999999999886e+02
1.250000000000000000e+02 7.000000000000000666e-02 6.563815053248847065e-01 1.538306621442629421e+03 5.762854506534506527e+02 1.731999999999999886e+02
1.250000000000000000e+02 7.000000000000000666e-02 7.565129465652338236e-01 1.725876178148756708e+03 1.531110141308323875e+02 1.731999999999999886e+02
1.250000000000000000e+02 7.000000000000000666e-02 9.877504096169573700e-01 2.257700772719797897e+03 2.068372618792606659e+02 1.731999999999999886e+02
1.250000000000000000e+02 7.000000000000000666e-02 5.169788997375863726e-01 1.218661103639412431e+03 1.319390355238060124e+02 1.731999999999999886e+02
1.250000000000000000e+02 7.000000000000000666e-02 8.256872142096554068e-01 1.837176080987913110e+03 6.498145723510195921e+02 1.731999999999999886e+02
1.250000000000000000e+02 7.000000000000000666e-02 6.731742448588911021e-01 1.619988363075634879e+03 7.570689551380372677e+02 1.731999999999999886e+02
1.250000000000000000e+02 7.000000000000000666e-02 6.006930703784809644e-01 1.435383864644084269e+03 1.011874035907062108e+02 1.731999999999999886e+02
1.250000000000000000e+02 7.000000000000000666e-02 9.712268725298373040e-01 2.267557625610863397e+03 4.709081004541149014e+02 1.731999999999999886e+02
1.250000000000000000e+02 7.000000000000000666e-02 6.863147817207785328e-01 1.554324779581440907e+03 8.290681335801779142e+02 1.731999999999999886e+02
1.250000000000000000e+02 7.000000000000000666e-02 6.457435535254946180e-01 1.491217118449517329e+03 4.684522033233795923e+02 1.731999999999999886e+02
1.250000000000000000e+02 7.000000000000000666e-02 5.496159392518796816e-01 1.253878771684315325e+03 5.046484241956206915e+02 1.731999999999999886e+02
1.250000000000000000e+02 7.000000000000000666e-02 5.621246654639929785e-01 1.288160319271650451e+03 9.636384651292742092e+02 1.731999999999999886e+02
1.250000000000000000e+02 7.000000000000000666e-02 4.900327744522193218e-01 1.090619277823556558e+03 1.882378411738777118e+02 1.731999999999999886e+02
1.250000000000000000e+02 7.000000000000000666e-02 8.293603581937938340e-01 1.914907445155664391e+03 3.841941753356450135e+02 1.731999999999999886e+02
1.250000000000000000e+02 7.000000000000000666e-02 8.022486390484671048e-01 1.879232217186939579e+03 1.275113775128199052e+02 1.731999999999999886e+02
1.250000000000000000e+02 7.000000000000000666e-02 8.091827267557619718e-01 1.820990328369995041e+03 7.910548611254484968e+02 1.731999999999999886e+02
1.250000000000000000e+02 7.000000000000000666e-02 8.243840567834443966e-01 1.928718531188050065e+03 1.586758099934093593e+02 1.731999999999999886e+02
1.250000000000000000e+02 7.000000000000000666e-02 9.697278103771586055e-01 2.166846774505746907e+03 9.438708520779233595e+02 1.731999999999999886e+02
1.250000000000000000e+02 7.000000000000000666e-02 9.903605198364712203e-01 2.353179585709791809e+03 7.916541057360966533e+02 1.731999999999999886e+02
1.250000000000000000e+02 7.000000000000000666e-02 9.486209389431290440e-01 2.150022888943638463e+03 9.393249217826112272e+02 1.731999999999999886e+02
1.250000000000000000e+02 7.000000000000000666e-02 7.562822694738171592e-01 1.743509206471805555e+03 5.691972008025981040e+02 1.731999999999999886e+02
1.250000000000000000e+02 7.000000000000000666e-02 8.092805752212864911e-01 1.840029060293257317e+03 6.047921470034082176e+02 1.731999999999999886e+02
1.250000000000000000e+02 7.000000000000000666e-02 6.906930636018193681e-01 1.602085942879735740e+03 7.493278790406579901e+02 1.731999999999999886e+02
1.250000000000000000e+02 7.000000000000000666e-02 6.770046104695376377e-01 1.599011259989871860e+03 1.455901274496277438e+02 1.731999999999999886e+02
1.250000000000000000e+02 7.000000000000000666e-02 6.063339502646806212e-01 1.424641901947659562e+03 4.123819828720581313e+02 1.731999999999999886e+02
1.250000000000000000e+02 7.000000000000000666e-02 8.637420411225986694e-01 1.938256013933627628e+03 6.091288110485663765e+02 1.731999999999999886e+02
1.250000000000000000e+02 7.000000000000000666e-02 9.024361434128180814e-01 2.080158615142225244e+03 2.060461457014175224e+01 1.731999999999999886e+02
1.250000000000000000e+02 7.000000000000000666e-02 4.590579493729376459e-01 1.028748278002091183e+03 3.395680407062257018e+02 1.731999999999999886e+02
1.250000000000000000e+02 7.000000000000000666e-02 7.524449373306788535e-01 1.798732557024146217e+03 4.477281060463302538e+02 1.731999999999999886e+02
1.250000000000000000e+02 7.000000000000000666e-02 8.444897002121881657e-01 2.004429609263491329e+03 3.047951672495823061e+01 1.731999999999999886e+02
1.250000000000000000e+02 7.000000000000000666e-02 9.575808308252278245e-01 2.190646713848789204e+03 7.006268683806415538e+02 1.731999999999999886e+02
1.250000000000000000e+02 7.000000000000000666e-02 6.328392575252553831e-01 1.424791789865198098e+03 5.341962992695790717e+02 1.731999999999999886e+02
1.250000000000000000e+02 7.000000000000000666e-02 7.507124551233332888e-01 1.713177572989194687e+03 3.737679802912317228e+01 1.731999999999999886e+02
1.250000000000000000e+02 7.000000000000000666e-02 8.085443135298184814e-01 1.854524605502035229e+03 8.290105131133415171e+02 1.731999999999999886e+02
1.250000000000000000e+02 7.000000000000000666e-02 9.536330851166893163e-01 2.220797931310882177e+03 7.027425243690021262e+02 1.731999999999999886e+02
1.250000000000000000e+02 7.000000000000000666e-02 9.451381979810730138e-01 2.247448406138051723e+03 9.550923967633298162e+02 1.731999999999999886e+02
1.250000000000000000e+02 7.000000000000000666e-02 9.021860283126398317e-01 2.144599599140119153e+03 2.529839621869662665e+02 1.731999999999999886e+02
1.250000000000000000e+02 7.000000000000000666e-02 6.486636579757101284e-01 1.551387189432800142e+03 2.026457294645926197e+02 1.731999999999999886e+02
1.250000000000000000e+02 7.000000000000000666e-02 7.456990144585785574e-01 1.677243205298114162e+03 6.775002095219775811e+02 1.731999999999999886e+02
1.250000000000000000e+02 7.000000000000000666e-02 7.328324402277602845e-01 1.735482418947010956e+03 3.088789649062636613e+02 1.731999999999999886e+02
1.250000000000000000e+02 7.000000000000000666e-02 4.335246209444873489e-01 1.019157156520487774e+03 1.350699832848759456e+02 1.731999999999999886e+02
1.250000000000000000e+02 7.000000000000000666e-02 8.508804587347577053e-01 1.889462155761460053e+03 3.383354482963591749e+02 1.731999999999999886e+02
1.250000000000000000e+02 7.000000000000000666e-02 9.069509946911412657e-01 2.141797006355547637e+03 9.881572769779288592e+02 1.731999999999999886e+02
1.250000000000000000e+02 7.000000000000000666e-02 5.451718172187556277e-01 1.223073210830320249e+03 5.527209772355058703e+02 1.731999999999999886e+02
1.250000000000000000e+02 7.000000000000000666e-02 9.405445490438077982e-01 2.237976850768539407e+03 4.317531298047596238e+02 1.731999999999999886e+02
1.250000000000000000e+02 7.000000000000000666e-02 5.950035299051665838e-01 1.426588949613973682e+03 2.607332227848876300e+02 1.731999999999999886e+02
1.250000000000000000e+02 7.000000000000000666e-02 8.698988367293192248e-01 1.969930416135931864e+03 9.882334876895029083e+02 1.731999999999999886e+02
1.250000000000000000e+02 7.000000000000000666e-02 7.787034052203355428e-01 1.781489278083704903e+03 1.184036990884335552e+02 1.731999999999999886e+02
1.250000000000000000e+02 7.000000000000000666e-02 6.067808832416887732e-01 1.449592636672802882e+03 5.055669623465696532e+02 1.731999999999999886e+02
1.250000000000000000e+02 7.000000000000000666e-02 4.898589868767779243e-01 1.122653183810123664e+03 7.139460479659827570e+02 1.731999999999999886e+02
1.250000000000000000e+02 7.000000000000000666e-02 5.881032940470025672e-01 1.406800064871865061e+03 7.277887514608388528e+02 1.731999999999999886e+02
1.250000000000000000e+02 7.000000000000000666e-02 7.673415599412278798e-01 1.820736052246235204e+03 8.145233954558850655e+02 1.731999999999999886e+02
1.250000000000000000e+02 7.000000000000000666e-02 8.107433958540091190e-01 1.921356971399929080e+03 8.200330639305600471e+02 1.731999999999999886e+02
1.250000000000000000e+02 7.000000000000000666e-02 9.207625992618779787e-01 2.179204615480863140e+03 4.814654571305129025e+02 1.731999999999999886e+02
1.250000000000000000e+02 7.000000000000000666e-02 9.105895190368957781e-01 2.127730394031524156e+03 1.914169046329539015e+02 1.731999999999999886e+02
1.250000000000000000e+02 7.000000000000000666e-02 7.927467279149087442e-01 1.774595168750474159e+03 2.702826410052666688e+02 1.731999999999999886e+02
1.250000000000000000e+02 7.000000000000000666e-02 9.318236235944191703e-01 2.175034217297359646e+03 9.593240905718087106e+02 1.731999999999999886e+02
1.250000000000000000e+02 7.000000000000000666e-02 7.377703343169802475e-01 1.674471016806234275e+03 4.899331454812247557e+02 1.731999999999999886e+02
1.250000000000000000e+02 7.000000000000000666e-02 9.190586647184758595e-01 2.058311392789075853e+03 5.524204109993452221e+02 1.731999999999999886e+02
1.250000000000000000e+02 7.000000000000000666e-02 6.739324652547372674e-01 1.544304999607888476e+03 9.109620944476946534e+02 1.731999999999999886e+02
1.250000000000000000e+02 7.000000000000000666e-02 7.714254371581670267e-01 1.815017231452086662e+03 1.335890694156325367e+02 1.731999999999999886e+02
1.250000000000000000e+02 7.000000000000000666e-02 9.740560858369960995e-01 2.232151977503106536e+03 6.067458257784918487e+02 1.731999999999999886e+02
1.250000000000000000e+02 7.000000000000000666e-02 4.944758638693826924e-01 1.111172923623384349e+03 1.307280478463430597e+02 1.731999999999999886e+02
1.250000000000000000e+02 7.000000000000000666e-02 9.520434526977430423e-01 2.149518035909463833e+03 7.011941990788957355e+02 1.731999999999999886e+02
1.250000000000000000e+02 7.000000000000000666e-02 7.882201552059379113e-01 1.817274440098199648e+03 2.059770918396817478e+02 1.731999999999999886e+02
1.250000000000000000e+02 7.000000000000000666e-02 8.152721515397777230e-01 1.851586080980717270e+03 7.425164912140971865e+02 1.731999999999999886e+02
1.250000000000000000e+02 7.000000000000000666e-02 6.665930314935529788e-01 1.513659213185451335e+03 4.002873868454328772e+02 1.731999999999999886e+02
1.250000000000000000e+02 7.000000000000000666e-02 5.446050507083046721e-01 1.261222847300466128e+03 4.391740619183426020e+02 1.731999999999999886e+02
1.250000000000000000e+02 7.000000000000000666e-02 7.101662221234741335e-01 1.588854035328400187e+03 9.818030841556142150e+02 1.731999999999999886e+02
1.250000000000000000e+02 7.000000000000000666e-02 5.911553823267141627e-01 1.400116968512465291e+03 9.220463221373530587e+02 1.731999999999999886e+02
1.250000000000000000e+02 7.000000000000000666e-02 9.959491148964179086e-01 2.354147262387056799e+03 2.966046247781175680e+02 1.731999999999999886e+02
1.250000000000000000e+02 7.000000000000000666e-02 7.326746436764811632e-01 1.701149799339999390e+03 8.881122702169188869e+02 1.731999999999999886e+02
1.250000000000000000e+02 7.000000000000000666e-02 7.415246680350620068e-01 1.686227314070031753e+03 1.373857827739163895e+02 1.731999999999999886e+02
1.250000000000000000e+02 7.000000000000000666e-02 8.889723406665313021e-01 2.082981154191233145e+03 5.356417520343580918e+02 1.731999999999999886e+02
1.250000000000000000e+02 7.000000000000000666e-02 8.300020075798099084e-01 1.911635629462233283e+03 5.659603506571797027e+01 1.731999999999999886e+02
1.250000000000000000e+02 7.000000000000000666e-02 4.940524360935071857e-01 1.183624237729855849e+03 1.254183199533928530e+02 1.731999999999999886e+02
1.250000000000000000e+02 7.000000000000000666e-02 7.263435366132960924e-01 1.715426402187791609e+03 8.709606251773882377e+02 1.731999999999999886e+02
1.250000000000000000e+02 7.000000000000000666e-02 7.009018061702108060e-01 1.573533399211323740e+03 2.740695965151086853e+02 1.731999999999999886e+02
1.250000000000000000e+02 7.000000000000000666e-02 9.379528978301042708e-01 2.145871724430326140e+03 4.763199497369142250e+02 1.731999999999999886e+02
1.250000000000000000e+02 7.000000000000000666e-02 8.169519188204625859e-01 1.957160945785287822e+03 8.838914834552185766e+02 1.731999999999999886e+02
1.250000000000000000e+02 7.000000000000000666e-02 5.727716345942062137e-01 1.383006759785538407e+03 9.102772496509695657e+02 1.731999999999999886e+02
1.250000000000000000e+02 7.000000000000000666e-02 7.119182328936538573e-01 1.674658627169813826e+03 1.599389650261008100e+01 1.731999999999999886e+02
1.250000000000000000e+02 7.000000000000000666e-02 6.087564098146678315e-01 1.433917685388839345e+03 5.545094576358030736e+02 1.731999999999999886e+02
1.250000000000000000e+02 7.000000000000000666e-02 8.440648693094341404e-01 1.915121914156869934e+03 4.033472433378267397e+02 1.731999999999999886e+02
1.250000000000000000e+02 7.000000000000000666e-02 9.169208634193742880e-01 2.056844935318876651e+03 9.749535311990932769e+02 1.731999999999999886e+02
1.250000000000000000e+02 7.000000000000000666e-02 9.151994851158112843e-01 2.100338256375614492e+03 3.902610338803231116e+02 1.731999999999999886e+02
1.250000000000000000e+02 7.000000000000000666e-02 7.664041844782418789e-01 1.791254963320460320e+03 1.116647962025087821e+02 1.731999999999999886e+02
1.250000000000000000e+02 7.000000000000000666e-02 6.646647588310754529e-01 1.544913347821705429e+03 1.589029163071084838e+02 1.731999999999999886e+02
1.250000000000000000e+02 7.000000000000000666e-02 7.947114495748184293e-01 1.792120072286919822e+03 3.081217218476747917e+02 1.731999999999999886e+02
1.250000000000000000e+02 7.000000000000000666e-02 9.080051811082764379e-01 2.120410638793715862e+03 5.124365072274986233e+02 1.731999999999999886e+02
1.250000000000000000e+02 7.000000000000000666e-02 8.612074928843637123e-01 2.030306200580016593e+03 4.854258338000509525e+02 1.731999999999999886e+02
1.250000000000000000e+02 7.000000000000000666e-02 6.421831902020438410e-01 1.508900663915255336e+03 2.463421440592589136e+02 1.731999999999999886e+02
1.250000000000000000e+02 7.000000000000000666e-02 6.916249006493730977e-01 1.554617270204815441e+03 7.554333031427898959e+02 1.731999999999999886e+02
1.250000000000000000e+02 7.000000000000000666e-02 7.764388952823882972e-01 1.783363191439549610e+03 1.520965988280112526e+02 1.731999999999999886e+02
1.250000000000000000e+02 7.000000000000000666e-02 9.000238871190676671e-01 2.138690757234061493e+03 3.359957824008150737e+02 1.731999999999999886e+02
1.250000000000000000e+02 7.000000000000000666e-02 5.137552180374781452e-01 1.164489822686267871e+03 1.099873599653696061e+02 1.731999999999999886e+02
1.250000000000000000e+02 7.000000000000000666e-02 6.561031888052953898e-01 1.454431503899042809e+03 1.855103119787224841e+02 1.731999999999999886e+02
1.250000000000000000e+02 7.000000000000000666e-02 6.366313794461204711e-01 1.455781422521673676e+03 7.492535462617117901e+02 1.731999999999999886e+02
1.250000000000000000e+02 7.000000000000000666e-02 4.483785123001697293e-01 1.021685072691322148e+03 6.746916686091807378e+02 1.731999999999999886e+02
1.250000000000000000e+02 7.000000000000000666e-02 5.115329695061654469e-01 1.143153626233159230e+03 4.589870866963212279e+02 1.731999999999999886e+02
1.250000000000000000e+02 7.000000000000000666e-02 9.291637587155053835e-01 2.166612578075142210e+03 6.606710032634917980e+02 1.731999999999999886e+02
1.250000000000000000e+02 7.000000000000000666e-02 7.539348889886281491e-01 1.708573278029657558e+03 8.317634432270424441e+02 1.731999999999999886e+02
1.250000000000000000e+02 7.000000000000000666e-02 5.643455681480635810e-01 1.301378215580185042e+03 7.306584814313191600e+02 1.731999999999999886e+02
1.250000000000000000e+02 7.000000000000000666e-02 5.773863022197881500e-01 1.343287501168459130e+03 8.576276012908741677e+02 1.731999999999999886e+02
1.250000000000000000e+02 7.000000000000000666e-02 9.978189401651635926e-01 2.290655088314216300e+03 1.321636077443668000e+02 1.731999999999999886e+02
1.250000000000000000e+02 7.000000000000000666e-02 6.092370332041918690e-01 1.350759206956107164e+03 2.655881740214890669e+02 1.731999999999999886e+02
1.250000000000000000e+02 7.000000000000000666e-02 6.456126406636641946e-01 1.536755362860849573e+03 7.379073855362330505e+02 1.731999999999999886e+02
1.250000000000000000e+02 7.000000000000000666e-02 8.951567216532734239e-01 2.145960983648895763e+03 6.927021233391425312e+02 1.731999999999999886e+02
1.250000000000000000e+02 7.000000000000000666e-02 8.878982018852850100e-01 1.964504882961266048e+03 7.560494952017850778e+01 1.731999999999999886e+02
1.250000000000000000e+02 7.000000000000000666e-02 5.578208823664112526e-01 1.237867364800245241e+03 7.910950031460455989e+01 1.731999999999999886e+02
1.250000000000000000e+02 7.000000000000000666e-02 9.180016848783093542e-01 2.201907689580349597e+03 7.143516765449775221e+02 1.731999999999999886e+02
1.250000000000000000e+02 7.000000000000000666e-02 6.655568504950389874e-01 1.491123532307359710e+03 9.660581251659017425e+02 1.731999999999999886e+02
1.250000000000000000e+02 7.000000000000000666e-02 8.623724051192832585e-01 2.013110098055052504e+03 5.814699389764674606e+02 1.731999999999999886e+02
1.250000000000000000e+02 7.000000000000000666e-02 6.646590041489316425e-01 1.600826996799030439e+03 7.563503206520115327e+02 1.731999999999999886e+02
1.250000000000000000e+02 7.000000000000000666e-02 9.385463613315789821e-01 2.144914335345284599e+03 6.698302467695020823e+02 1.731999999999999886e+02
1.250000000000000000e+02 7.000000000000000666e-02 6.385521615348773716e-01 1.455063957405916426e+03 1.221930462094835548e+02 1.731999999999999886e+02
1.250000000000000000e+02 7.000000000000000666e-02 6.190833302426450580e-01 1.431489194033066724e+03 3.568940460766236811e+02 1.731999999999999886e+02
1.250000000000000000e+02 7.000000000000000666e-02 6.607478449859783831e-01 1.527478471024326154e+03 7.740304384993047506e+02 1.731999999999999886e+02
1.250000000000000000e+02 7.000000000000000666e-02 7.267495090894948717e-01 1.702370876429148211e+03 7.071726780944979964e+02 1.731999999999999886e+02
1.250000000000000000e+02 7.000000000000000666e-02 7.580244264865402259e-01 1.756464616599433384e+03 8.739307208600426975e+02 1.731999999999999886e+02
1.250000000000000000e+02 7.000000000000000666e-02 7.084495172515665740e-01 1.684894706855873665e+03 8.642096579881678053e+02 1.731999999999999886e+02
1.250000000000000000e+02 7.000000000000000666e-02 5.394819868771300042e-01 1.296348545763903530e+03 6.219321375708269670e+02 1.731999999999999886e+02
1.250000000000000000e+02 7.000000000000000666e-02 6.734072597980776953e-01 1.598798679949242342e+03 2.877319559658213279e+02 1.731999999999999886e+02
1.250000000000000000e+02 7.000000000000000666e-02 7.980915212152940308e-01 1.800078194280871458e+03 8.551195549184516267e+02 1.731999999999999886e+02
1.250000000000000000e+02 7.000000000000000666e-02 8.392777681600408490e-01 1.919604470656724970e+03 3.486645303534193090e+02 1.731999999999999886e+02
1.250000000000000000e+02 7.000000000000000666e-02 6.990679917514170949e-01 1.651971958965102658e+03 6.139706713005529082e+02 1.731999999999999886e+02
1.250000000000000000e+02 7.000000000000000666e-02 7.994262287203505180e-01 1.871091843847751761e+03 8.152771887469568810e+02 1.731999999999999886e+02
1.250000000000000000e+02 7.000000000000000666e-02 5.253482104123053942e-01 1.223162283979249878e+03 5.546903352386417509e+02 1.731999999999999886e+02
1.250000000000000000e+02 7.000000000000000666e-02 7.633069340395135516e-01 1.705835566853841556e+03 3.293411734338832844e+02 1.731999999999999886e+02
1.250000000000000000e+02 7.000000000000000666e-02 4.596241962344181919e-01 1.030976352531197108e+03 5.181297981896225338e+02 1.731999999999999886e+02
1.250000000000000000e+02 7.000000000000000666e-02 9.855552245898121511e-01 2.183366118940668457e+03 1.086288927487924667e+02 1.731999999999999886e+02
1.250000000000000000e+02 7.000000000000000666e-02 7.633846212163265532e-01 1.752680829716996868e+03 2.964461547436428646e+02 1.731999999999999886e+02
1.250000000000000000e+02 7.000000000000000666e-02 7.200980651406918565e-01 1.656584383794018777e+03 9.111980924462297935e+02 1.731999999999999886e+02
1.250000000000000000e+02 7.000000000000000666e-02 9.104393432839555933e-01 2.071020755933573128e+03 5.817706408443798409e+02 1.731999999999999886e+02
1.250000000000000000e+02 7.000000000000000666e-02 8.106465595368957944e-01 1.795539992885628862e+03 4.487000263904545818e+02 1.731999999999999886e+02
1.250000000000000000e+02 7.000000000000000666e-02 7.811854895473557825e-01 1.850846695624395579e+03 7.721238193890956154e+02 1.731999999999999886e+02
1.250000000000000000e+02 7.000000000000000666e-02 4.280111001906217738e-01 1.048880897628789853e+03 9.970136687626484218e+02 1.731999999999999886e+02
1.250000000000000000e+02 7.000000000000000666e-02 6.321942879904984824e-01 1.438351338611695610e+03 5.854441009414899781e+02 1.731999999999999886e+02
1.250000000000000000e+02 7.000000000000000666e-02 5.272975245996835980e-01 1.264863376393141607e+03 2.000555634272545831e+02 1.731999999999999886e+02
1.250000000000000000e+02 7.000000000000000666e-02 5.158536576421831610e-01 1.220500992234593241e+03 1.939010206186732717e+02 1.731999999999999886e+02
1.250000000000000000e+02 7.000000000000000666e-02 8.793969556222993589e-01 1.981130563569634660e+03 1.493294106702523720e+02 1.731999999999999886e+02
1.250000000000000000e+02 7.000000000000000666e-02 9.098243925581922520e-01 2.015235215974113999e+03 5.802338127134645447e+02 1.731999999999999886e+02
1.250000000000000000e+02 7.000000000000000666e-02 6.832529397008045846e-01 1.629361954857377441e+03 7.653863028956532162e+02 1.731999999999999886e+02
1.250000000000000000e+02 7.000000000000000666e-02 4.751801691175402964e-01 1.117431363033156231e+03 8.003960661203324207e+02 1.731999999999999886e+02
1.250000000000000000e+02 7.000000000000000666e-02 9.327277015651944669e-01 2.181593703936278871e+03 3.791766187129341006e+02 1.731999999999999886e+02
1.250000000000000000e+02 7.000000000000000666e-02 5.484839123436172637e-01 1.224183290484174904e+03 1.779022184072992445e+02 1.731999999999999886e+02
1.250000000000000000e+02 7.000000000000000666e-02 6.315835613456457498e-01 1.451997996384082398e+03 2.328771633234682668e+02 1.731999999999999886e+02
1.250000000000000000e+02 7.000000000000000666e-02 7.233039956768351209e-01 1.735924843308989921e+03 9.344559398875102261e+02 1.731999999999999886e+02
1.250000000000000000e+02 7.000000000000000666e-02 8.495384830365044770e-01 1.939186396031465165e+03 9.439786099452146573e+02 1.731999999999999886e+02
1.250000000000000000e+02 7.000000000000000666e-02 9.614758978630439934e-01 2.291617020272595710e+03 8.438960887719442781e+02 1.731999999999999886e+02
1.250000000000000000e+02 7.000000000000000666e-02 5.717447033001288315e-01 1.366407490985666072e+03 9.628288860709752726e+02 1.731999999999999886e+02
1.250000000000000000e+02 7.000000000000000666e-02 5.556346187242937606e-01 1.335869564784117756e+03 6.668774471950399629e+02 1.731999999999999886e+02
1.250000000000000000e+02 7.000000000000000666e-02 6.748627250377920994e-01 1.608746386326568881e+03 9.420352685591348063e+02 1.731999999999999886e+02
1.250000000000000000e+02 7.000000000000000666e-02 8.630124129505243324e-01 2.039143223603323349e+03 4.804613705816709057e+02 1.731999999999999886e+02
1.250000000000000000e+02 7.000000000000000666e-02 4.572106360943011816e-01 1.080564206894772724e+03 7.966347290477335719e+02 1.731999999999999886e+02
1.250000000000000000e+02 7.000000000000000666e-02 5.544395087826755608e-01 1.235391707093204104e+03 5.505667173920210189e+02 1.731999999999999886e+02
1.250000000000000000e+02 7.000000000000000666e-02 4.808012226350412144e-01 1.120715643941515509e+03 5.708571350799988977e+02 1.731999999999999886e+02
1.250000000000000000e+02 7.000000000000000666e-02 8.679474691272606179e-01 1.965055135393622550e+03 7.034315886120214145e+02 1.731999999999999886e+02
1.250000000000000000e+02 7.000000000000000666e-02 9.989291150042584055e-01 2.343262890342935862e+03 8.648882096061284983e+02 1.731999999999999886e+02
1.250000000000000000e+02 7.000000000000000666e-02 6.165042176051535039e-01 1.386864109998345157e+03 3.538630882475058002e+02 1.731999999999999886e+02
1.250000000000000000e+02 7.000000000000000666e-02 4.920366883663422342e-01 1.147581528184391573e+03 9.747796364807961709e+02 1.731999999999999886e+02
1.250000000000000000e+02 7.000000000000000666e-02 4.978156608014624451e-01 1.185296641176206776e+03 9.153342048619932712e+02 1.731999999999999886e+02
1.250000000000000000e+02 7.000000000000000666e-02 6.172914343381824542e-01 1.377386589125674391e+03 7.911259086313514217e+02 1.731999999999999886e+02
1.250000000000000000e+02 7.000000000000000666e-02 8.469594355890506243e-01 1.980755949468702056e+03 6.164960142252999020e+01 1.731999999999999886e+02
1.250000000000000000e+02 7.000000000000000666e-02 9.734357809534025519e-01 2.164962090953998995e+03 1.039290207535746049e+02 1.731999999999999886e+02
1.250000000000000000e+02 7.000000000000000666e-02 5.299874645924069760e-01 1.253627963717922967e+03 2.754147354293823824e+01 1.731999999999999886e+02
1.250000000000000000e+02 7.000000000000000666e-02 4.835768588928927580e-01 1.095972323757400773e+03 2.920416820800151072e+02 1.731999999999999886e+02
1.250000000000000000e+02 7.000000000000000666e-02 6.514260172945911531e-01 1.518159722079902394e+03 2.797040759589336290e+02 1.731999999999999886e+02
1.250000000000000000e+02 7.000000000000000666e-02 5.159019912632107907e-01 1.221984300813126083e+03 8.452092109855151421e+02 1.731999999999999886e+02
1.250000000000000000e+02 7.000000000000000666e-02 7.940363162341786962e-01 1.813628890215073625e+03 7.100337304730358028e+02 1.731999999999999886e+02
1.250000000000000000e+02 7.000000000000000666e-02 9.303292842554402586e-01 2.199442216152189758e+03 6.513696002808657113e+02 1.731999999999999886e+02
1.250000000000000000e+02 7.000000000000000666e-02 9.815587135785132089e-01 2.252488493777457279e+03 7.800128146083716274e+02 1.731999999999999886e+02
1.250000000000000000e+02 7.000000000000000666e-02 9.651166276823238688e-01 2.296314865525605455e+03 4.476180928775946768e+02 1.731999999999999886e+02
1.250000000000000000e+02 7.000000000000000666e-02 8.825415567022321106e-01 2.086616726616060532e+03 4.097227127316494943e+01 1.731999999999999886e+02
1.250000000000000000e+02 7.000000000000000666e-02 7.187653890451117800e-01 1.619250608843575719e+03 8.762489624528348031e+01 1.731999999999999886e+02
1.250000000000000000e+02 7.000000000000000666e-02 7.490698977046406082e-01 1.734993991379890531e+03 9.465599179497459090e+02 1.731999999999999886e+02
1.250000000000000000e+02 7.000000000000000666e-02 6.599580694158803107e-01 1.573036688265181738e+03 6.951379267383312026e+02 1.731999999999999886e+02
1.250000000000000000e+02 7.000000000000000666e-02 8.850695030486731563e-01 2.034573074269436120e+03 8.714696928916015395e+02 1.731999999999999886e+02
1.250000000000000000e+02 7.000000000000000666e-02 9.945333421011878228e-01 2.256100127470600455e+03 3.090817248445934524e+02 1.731999999999999886e+02
1.250000000000000000e+02 7.000000000000000666e-02 7.995924697350358379e-01 1.807710840248438672e+03 7.402103570849823200e+02 1.731999999999999886e+02
1.250000000000000000e+02 7.000000000000000666e-02 8.180272633181949749e-01 1.834197051210467862e+03 1.027772290705233615e+01 1.731999999999999886e+02
1.250000000000000000e+02 7.000000000000000666e-02 6.213131800630936619e-01 1.404774070547911606e+03 4.780570372840758182e+02 1.731999999999999886e+02
1.250000000000000000e+02 7.000000000000000666e-02 9.336614542029151309e-01 2.181464038794563749e+03 1.355863755629147533e+02 1.731999999999999886e+02
1.250000000000000000e+02 7.000000000000000666e-02 9.973427552880131941e-01 2.215931564096138572e+03 2.145478370316479868e+02 1.731999999999999886e+02
1.250000000000000000e+02 7.000000000000000666e-02 9.426848621004987328e-01 2.235362848386695987e+03 6.827412431288523749e+02 1.731999999999999886e+02
1.250000000000000000e+02 7.000000000000000666e-02 8.245241133053013982e-01 1.844009935581456375e+03 7.638802098177189919e+02 1.731999999999999886e+02
1.250000000000000000e+02 7.000000000000000666e-02 6.140267768288898420e-01 1.422419997747985008e+03 9.650966983103187431e+02 1.731999999999999886e+02
1.250000000000000000e+02 7.000000000000000666e-02 6.293487714765523267e-01 1.454426228122819793e+03 5.852865037158514951e+02 1.731999999999999886e+02
1.250000000000000000e+02 7.000000000000000666e-02 7.731909086791786123e-01 1.772176756799739451e+03 9.866845382011922538e+02 1.731999999999999886e+02
1.250000000000000000e+02 7.000000000000000666e-02 7.134828483294325396e-01 1.598893616230408725e+03 6.285011616294824535e+02 1.731999999999999886e+02
1.250000000000000000e+02 7.000000000000000666e-02 8.074716977910412208e-01 1.884046263440645362e+03 7.346703919014925077e+02 1.731999999999999886e+02
1.250000000000000000e+02 7.000000000000000666e-02 7.867312925117031508e-01 1.865130868807397292e+03 2.429086676197360077e+02 1.731999999999999886e+02
1.250000000000000000e+02 7.000000000000000666e-02 9.160116934626660878e-01 2.190588744798512380e+03 3.374993479475222671e+02 1.731999999999999886e+02
1.250000000000000000e+02 7.000000000000000666e-02 5.106564715739463356e-01 1.190083215485431083e+03 9.215093184870862331e+01 1.731999999999999886e+02
1.250000000000000000e+02 7.000000000000000666e-02 8.774631474695862021e-01 2.049074099780034885e+03 9.127985221905360049e+02 1.731999999999999886e+02
1.250000000000000000e+02 7.000000000000000666e-02 8.963689371072917078e-01 2.143371806678319444e+03 7.523815080093744427e+02 1.731999999999999886e+02
1.250000000000000000e+02 7.000000000000000666e-02 7.544936499568951627e-01 1.778703514647345628e+03 3.165193093269900828e+02 1.731999999999999886e+02
1.250000000000000000e+02 7.000000000000000666e-02 6.678623826336334002e-01 1.550335613381738767e+03 7.437916391693745481e+02 1.731999999999999886e+02
1.250000000000000000e+02 7.000000000000000666e-02 5.377328950675561714e-01 1.224356461584294493e+03 5.935061613925508937e+02 1.731999999999999886e+02
1.250000000000000000e+02 7.000000000000000666e-02 8.508784540460120338e-01 1.980903556337482769e+03 8.064274683362118594e+02 1.731999999999999886e+02
1.250000000000000000e+02 7.000000000000000666e-02 6.112462978318637941e-01 1.424604003178601488e+03 8.655466325358498807e+02 1.731999999999999886e+02
1.250000000000000000e+02 7.000000000000000666e-02 8.205693592692367977e-01 1.906780666093134869e+03 8.777597497054848645e+02 1.731999999999999886e+02
1.250000000000000000e+02 7.000000000000000666e-02 5.906761902265943442e-01 1.411044120376678848e+03 8.831341763078894473e+02 1.731999999999999886e+02
1.250000000000000000e+02 7.000000000000000666e-02 7.586151106953590295e-01 1.819023420274571436e+03 4.945384979728777921e+02 1.731999999999999886e+02
1.250000000000000000e+02 7.000000000000000666e-02 9.706560419307915799e-01 2.317796103578180919e+03 7.782719404327699522e+02 1.731999999999999886e+02
1.250000000000000000e+02 7.000000000000000666e-02 6.194455999453392092e-01 1.436829500889937663e+03 3.154458535695706018e+02 1.731999999999999886e+02
1.250000000000000000e+02 7.000000000000000666e-02 5.649178846500757523e-01 1.276256782189635032e+03 4.306939592633956408e+02 1.731999999999999886e+02
1.250000000000000000e+02 7.000000000000000666e-02 4.499482439865611916e-01 1.078361430243879113e+03 9.479615531478411867e+02 1.731999999999999886e+02
1.250000000000000000e+02 7.000000000000000666e-02 4.802740795645113470e-01 1.107829181486922607e+03 4.096096079824853859e+02 1.731999999999999886e+02
1.250000000000000000e+02 7.000000000000000666e-02 7.878652982171815422e-01 1.816358231887166312e+03 8.831565896558753082e+01 1.731999999999999886e+02
1.250000000000000000e+02 7.000000000000000666e-02 7.386054042035236078e-01 1.762675811312260976e+03 3.534274120413651303e+02 1.731999999999999886e+02
1.250000000000000000e+02 7.000000000000000666e-02 7.946167473044519758e-01 1.813070147697879747e+03 7.900660108503205947e+02 1.731999999999999886e+02
1.250000000000000000e+02 7.000000000000000666e-02 9.160033507677362019e-01 2.038534030309404216e+03 4.210008589383702997e+02 1.731999999999999886e+02
1.250000000000000000e+02 7.000000000000000666e-02 5.340717121026216097e-01 1.227888078227409096e+03 9.339935425228588883e+02 1.731999999999999886e+02
1.250000000000000000e+02 7.000000000000000666e-02 7.804639503934809319e-01 1.841337059800070620e+03 8.111062322638438218e+02 1.731999999999999886e+02
1.250000000000000000e+02 7.000000000000000666e-02 6.481345061996193202e-01 1.468307725736797693e+03 9.553426672711909760e+02 1.731999999999999886e+02
1.250000000000000000e+02 7.000000000000000666e-02 7.543503226374272952e-01 1.811479407627721230e+03 7.117719825859506955e+02 1.731999999999999886e+02
1.250000000000000000e+02 7.000000000000000666e-02 8.215662613870003961e-01 1.832098775207157360e+03 4.171885044979575241e+02 1.731999999999999886e+02
1.250000000000000000e+02 7.000000000000000666e-02 7.119145625496291485e-01 1.661770692290534726e+03 1.480630963673116582e+02 1.731999999999999886e+02
1.250000000000000000e+02 7.000000000000000666e-02 7.698986343172161684e-01 1.786095362309913980e+03 2.266040997524061709e+02 1.731999999999999886e+02
1.250000000000000000e+02 7.000000000000000666e-02 8.832141202221918119e-01 2.008702122231050453e+03 3.437494396392828122e+01 1.731999999999999886e+02
1.250000000000000000e+02 7.000000000000000666e-02 8.177694716537741160e-01 1.830270895246977034e+03 7.788665174776245976e+02 1.731999999999999886e+02
1.250000000000000000e+02 7.000000000000000666e-02 8.551408495257415421e-01 1.909404267730230686e+03 3.050109999606120255e+02 1.731999999999999886e+02
1.250000000000000000e+02 7.000000000000000666e-02 5.024097124975441808e-01 1.190459385409466222e+03 3.225819053992487966e+02 1.731999999999999886e+02
1.250000000000000000e+02 7.000000000000000666e-02 9.333862722464444373e-01 2.133724532262954199e+03 6.619785674005383953e+02 1.731999999999999886e+02
1.250000000000000000e+02 7.000000000000000666e-02 6.210791490136532422e-01 1.443381628870959048e+03 6.621131228828729718e+02 1.731999999999999886e+02
1.250000000000000000e+02 7.000000000000000666e-02 7.934160330419351981e-01 1.894360055499324062e+03 3.696387478980173000e+02 1.731999999999999886e+02
1.250000000000000000e+02 7.000000000000000666e-02 7.174272787887882030e-01 1.723786158601387342e+03 7.315008578675226545e+02 1.731999999999999886e+02
1.250000000000000000e+02 7.000000000000000666e-02 9.257552492640517272e-01 2.056338800265389182e+03 6.726665976495596624e+02 1.731999999999999886e+02
1.250000000000000000e+02 7.000000000000000666e-02 7.444828760837448600e-01 1.727118261148154943e+03 2.590895249950430070e+02 1.731999999999999886e+02
1.250000000000000000e+02 7.000000000000000666e-02 9.134018853836202156e-01 2.194113797682778568e+03 9.552313985763832989e+02 1.731999999999999886e+02
1.250000000000000000e+02 7.000000000000000666e-02 8.930110044014062387e-01 2.081370448759359533e+03 8.743327365600218855e+02 1.731999999999999886e+02
1.250000000000000000e+02 7.000000000000000666e-02 7.425696357877749065e-01 1.718454344582125486e+03 1.010230745816751039e+02 1.731999999999999886e+02
1.250000000000000000e+02 7.000000000000000666e-02 7.013980939093609202e-01 1.611286578468825610e+03 4.504664277080947841e+02 1.731999999999999886e+02
1.250000000000000000e+02 7.000000000000000666e-02 8.457776522180392442e-01 1.983590158564228659e+03 2.072631855212771086e+02 1.731999999999999886e+02
1.250000000000000000e+02 7.000000000000000666e-02 4.391236938605251883e-01 1.015403235071621566e+03 2.937105908703177874e+02 1.731999999999999886e+02
1.250000000000000000e+02 7.000000000000000666e-02 7.558831539188887172e-01 1.753030101194911595e+03 9.900724541265938115e+02 1.731999999999999886e+02
1.250000000000000000e+02 7.000000000000000666e-02 4.916083314394076864e-01 1.166614252447979197e+03 4.232551211083505223e+02 1.731999999999999886e+02
1.250000000000000000e+02 7.000000000000000666e-02 5.011732955814444113e-01 1.182966797374363068e+03 5.197818049533132125e+02 1.731999999999999886e+02
1.250000000000000000e+02 7.000000000000000666e-02 4.358878458969625003e-01 1.031362872952905263e+03 6.450926401579989715e+02 1.731999999999999886e+02
1.250000000000000000e+02 7.000000000000000666e-02 6.157130833339375942e-01 1.405247046928424652e+03 5.884396239776103812e+02 1.731999999999999886e+02
1.250000000000000000e+02 7.000000000000000666e-02 8.180435612308604165e-01 1.916855603330595841e+03 9.049112024314572409e+02 1.731999999999999886e+02
1.250000000000000000e+02 7.000000000000000666e-02 5.535722813691191790e-01 1.305514753492833279e+03 9.881702411072329824e+02 1.731999999999999886e+02
1.250000000000000000e+02 7.000000000000000666e-02 5.920115233887488504e-01 1.320493091155424963e+03 4.546615034953087786e+01 1.731999999999999886e+02
1.250000000000000000e+02 7.000000000000000666e-02 7.967999011105452167e-01 1.884998455993317975e+03 6.179690060989535141e+02 1.731999999999999886e+02
1.250000000000000000e+02 7.000000000000000666e-02 9.299173028502007998e-01 2.173788272571778180e+03 2.421248646451369950e+02 1.731999999999999886e+02
1.250000000000000000e+02 7.000000000000000666e-02 8.230101196850235779e-01 1.955269259169644101e+03 4.612469350441618587e+01 1.731999999999999886e+02
1.250000000000000000e+02 7.000000000000000666e-02 8.787401891603784376e-01 2.067831470063548295e+03 6.741408799251166784e+02 1.731999999999999886e+02
1.250000000000000000e+02 7.000000000000000666e-02 9.079860295862040021e-01 2.118344675524284867e+03 5.484393571812207711e+02 1.731999999999999886e+02
1.250000000000000000e+02 7.000000000000000666e-02 8.207163657699674264e-01 1.915141662216950181e+03 1.860748928499035912e+02 1.731999999999999886e+02
1.250000000000000000e+02 7.000000000000000666e-02 7.900194341872404102e-01 1.847804379785228093e+03 1.164158479015921870e+02 1.731999999999999886e+02
1.250000000000000000e+02 7.000000000000000666e-02 8.480257994799458299e-01 1.979410330863234321e+03 8.461116222791049495e+02 1.731999999999999886e+02
1.250000000000000000e+02 7.000000000000000666e-02 4.392000428683394686e-01 1.087247084902490769e+03 9.318391518965560181e+02 1.731999999999999886e+02
1.250000000000000000e+02 7.000000000000000666e-02 4.922370759837792487e-01 1.184303588617459582e+03 6.772719852500118805e+02 1.731999999999999886e+02
1.250000000000000000e+02 7.000000000000000666e-02 7.504920182113634652e-01 1.707093283332430019e+03 9.757791211353815015e+02 1.731999999999999886e+02
1.250000000000000000e+02 7.000000000000000666e-02 6.995448984100951506e-01 1.561645809919446037e+03 1.472318455120716578e+02 1.731999999999999886e+02
1.250000000000000000e+02 7.000000000000000666e-02 8.631831257369442234e-01 1.951427491032646230e+03 4.207686670367662600e+02 1.731999999999999886e+02
1.250000000000000000e+02 7.000000000000000666e-02 8.810661790533211857e-01 2.072632819890181054e+03 3.286496426755995799e+02 1.731999999999999886e+02
1.250000000000000000e+02 7.000000000000000666e-02 8.940342502469575958e-01 2.134474447469836377e+03 9.159149620713895956e+02 1.731999999999999886e+02
1.250000000000000000e+02 7.000000000000000666e-02 7.272945961242885948e-01 1.723976292683359134e+03 9.376738186435960642e+02 1.731999999999999886e+02
1.250000000000000000e+02 7.000000000000000666e-02 8.528106361915865907e-01 1.927877384663683188e+03 4.439982258024899124e+02 1.731999999999999886e+02
1.250000000000000000e+02 7.000000000000000666e-02 9.818014976790613302e-01 2.274041872712537042e+03 5.469423578185426322e+02 1.731999999999999886e+02
1.250000000000000000e+02 7.000000000000000666e-02 6.806394890885959503e-01 1.607361184858752267e+03 8.297598625039951230e+02 1.731999999999999886e+02
1.250000000000000000e+02 7.000000000000000666e-02 9.701603656094720529e-01 2.178626398965672706e+03 1.940999934490679664e+02 1.731999999999999886e+02
1.250000000000000000e+02 7.000000000000000666e-02 8.662924793741152429e-01 1.962030861301336699e+03 9.362897500765355971e+02 1.731999999999999886e+02
1.250000000000000000e+02 7.000000000000000666e-02 8.618187289319254596e-01 2.000542516031412106e+03 1.141779657254316049e+02 1.731999999999999886e+02
1.250000000000000000e+02 7.000000000000000666e-02 9.630490237763228434e-01 2.202575306514096610e+03 8.530380275709692341e+02 1.731999999999999886e+02
1.250000000000000000e+02 7.000000000000000666e-02 7.377874827488077880e-01 1.744531490489029693e+03 3.590628185882797538e+02 1.731999999999999886e+02
1.250000000000000000e+02 7.000000000000000666e-02 6.507677288414309702e-01 1.463918990771702738e+03 7.748501839046919031e+02 1.731999999999999886e+02
1.250000000000000000e+02 7.000000000000000666e-02 9.206980422481252369e-01 2.087362331863603686e+03 2.322445285009348765e+02 1.731999999999999886e+02
1.250000000000000000e+02 7.000000000000000666e-02 9.751728102080784444e-01 2.223146770217651920e+03 4.612988761157643012e+02 1.731999999999999886e+02
1.250000000000000000e+02 7.000000000000000666e-02 4.638401155291883016e-01 1.070648141317072714e+03 9.876424808435426712e+02 1.731999999999999886e+02
1.250000000000000000e+02 7.000000000000000666e-02 4.968803014496650516e-01 1.131833985863694352e+03 9.067076160230050164e+02 1.731999999999999886e+02
1.250000000000000000e+02 7.000000000000000666e-02 6.698356667792099151e-01 1.599017744517833307e+03 5.059041800979801451e+02 1.731999999999999886e+02
1.250000000000000000e+02 7.000000000000000666e-02 5.036348795389758992e-01 1.213023749899731456e+03 6.765082706085316886e+02 1.731999999999999886e+02
1.250000000000000000e+02 7.000000000000000666e-02 8.095700196455408726e-01 1.872389461362220345e+03 3.630913864485589215e+02 1.731999999999999886e+02
1.250000000000000000e+02 7.000000000000000666e-02 7.417583341103580752e-01 1.730168012872101144e+03 1.621719759820610989e+02 1.731999999999999886e+02
1.250000000000000000e+02 7.000000000000000666e-02 6.269985187035731489e-01 1.483375347382928567e+03 8.931428195164575072e+02 1.731999999999999886e+02
1.250000000000000000e+02 7.000000000000000666e-02 5.460753278943649702e-01 1.276328039381076451e+03 5.251287441069945316e+02 1.731999999999999886e+02
1.250000000000000000e+02 7.000000000000000666e-02 8.663486417057580935e-01 1.980235462342599021e+03 1.475619033289099775e+02 1.731999999999999886e+02
1.250000000000000000e+02 7.000000000000000666e-02 7.399671630111644971e-01 1.751742027533948431e+03 5.781613898170238599e+02 1.731999999999999886e+02
1.250000000000000000e+02 7.000000000000000666e-02 6.508157426715793781e-01 1.530319713234626533e+03 6.218686345285441348e+02 1.731999999999999886e+02
1.250000000000000000e+02 7.000000000000000666e-02 9.592798930061752216e-01 2.258664570007023940e+03 5.730260550066255973e+02 1.731999999999999886e+02
1.250000000000000000e+02 7.000000000000000666e-02 9.822766461252104842e-01 2.205168561549322021e+03 6.460207914333645931e+02 1.731999999999999886e+02
1.250000000000000000e+02 7.000000000000000666e-02 4.795116063597321121e-01 1.101446674698990591e+03 3.229288034175629605e+02 1.731999999999999886e+02
1.250000000000000000e+02 7.000000000000000666e-02 8.509725971316601800e-01 2.030581016432896831e+03 7.746336732221664079e+02 1.731999999999999886e+02
1.250000000000000000e+02 7.000000000000000666e-02 8.018830028229765317e-01 1.808498941114908121e+03 7.210027378206599451e+02 1.731999999999999886e+02
1.250000000000000000e+02 7.000000000000000666e-02 9.187472175081539127e-01 2.137336366932725923e+03 3.746796767132555033e+02 1.731999999999999886e+02
1.250000000000000000e+02 7.000000000000000666e-02 6.268585523013313621e-01 1.479300134706212702e+03 5.395405090073460030e+01 1.731999999999999886e+02
1.250000000000000000e+02 7.000000000000000666e-02 7.530578649535826230e-01 1.773390340208082307e+03 4.964299080709557757e+02 1.731999999999999886e+02
1.250000000000000000e+02 7.000000000000000666e-02 5.831945901833773815e-01 1.316501005827586368e+03 5.344874180618384116e+02 1.731999999999999886e+02
1.250000000000000000e+02 7.000000000000000666e-02 5.846294459832898083e-01 1.332899375121039157e+03 5.038932561483659924e+02 1.731999999999999886e+02
1.250000000000000000e+02 7.000000000000000666e-02 8.576695105728188162e-01 1.944050138661083110e+03 6.133849056991047064e+02 1.731999999999999886e+02
1.250000000000000000e+02 7.000000000000000666e-02 7.848097484439449101e-01 1.851411134067776857e+03 4.679252485175885568e+02 1.731999999999999886e+02
1.250000000000000000e+02 7.000000000000000666e-02 7.604256050163614722e-01 1.709746728486504253e+03 4.496471624161099498e+02 1.731999999999999886e+02
1.250000000000000000e+02 7.000000000000000666e-02 9.957328974267818378e-01 2.212343662619529368e+03 6.481749194844799149e+02 1.731999999999999886e+02
1.250000000000000000e+02 7.000000000000000666e-02 9.477859455929574795e-01 2.189879872695051745e+03 6.172833951957037470e+02 1.731999999999999886e+02
1.250000000000000000e+02 7.000000000000000666e-02 9.553692994082774170e-01 2.121326902483567665e+03 2.474592144593230785e+02 1.731999999999999886e+02
1.250000000000000000e+02 7.000000000000000666e-02 9.125119146341141851e-01 2.039160196235873855e+03 5.354938658502494491e+02 1.731999999999999886e+02
1.250000000000000000e+02 7.000000000000000666e-02 9.184461566015875711e-01 2.179656526511568700e+03 5.002268946663036218e+02 1.731999999999999886e+02
1.250000000000000000e+02 7.000000000000000666e-02 7.516496536978857224e-01 1.759608934605305876e+03 8.129935197489940037e+02 1.731999999999999886e+02
1.250000000000000000e+02 7.000000000000000666e-02 8.882767232754423814e-01 2.125588735607625040e+03 8.386801803281032335e+02 1.731999999999999886e+02
1.250000000000000000e+02 7.000000000000000666e-02 9.457588333862044783e-01 2.215312213297896960e+03 2.492195509185802678e+02 1.731999999999999886e+02
1.250000000000000000e+02 7.000000000000000666e-02 9.303046310734692792e-01 2.129262151530366737e+03 3.925009524753504593e+02 1.731999999999999886e+02
1.250000000000000000e+02 7.000000000000000666e-02 5.678750411203364878e-01 1.333750253987788028e+03 8.839298207109271743e+02 1.731999999999999886e+02
1.250000000000000000e+02 7.000000000000000666e-02 9.203628337040936636e-01 2.092982330826288035e+03 2.664618979549330788e+02 1.731999999999999886e+02
1.250000000000000000e+02 7.000000000000000666e-02 5.724514770451968326e-01 1.360358619520578941e+03 5.926563443249920056e+02 1.731999999999999886e+02
1.250000000000000000e+02 7.000000000000000666e-02 7.263008378802331411e-01 1.674139764722930067e+03 7.936517951038932779e+02 1.731999999999999886e+02
1.250000000000000000e+02 7.000000000000000666e-02 6.035570540953831831e-01 1.361932136051646467e+03 2.922582853942532211e+02 1.731999999999999886e+02
1.250000000000000000e+02 7.000000000000000666e-02 9.219275521900469617e-01 2.153508182447722902e+03 3.837980962669007567e+02 1.731999999999999886e+02
1.250000000000000000e+02 7.000000000000000666e-02 4.389173976073371675e-01 1.038594597941848178e+03 2.214869574179603262e+02 1.731999999999999886e+02
1.250000000000000000e+02 7.000000000000000666e-02 8.514986519216037886e-01 1.991129000817858241e+03 8.561182980615951692e+02 1.731999999999999886e+02
1.250000000000000000e+02 7.000000000000000666e-02 9.614019379497137363e-01 2.200134034410888944e+03 5.880038019019224294e+02 1.731999999999999886e+02
1.250000000000000000e+02 7.000000000000000666e-02 4.527011756920198970e-01 1.034534457217527461e+03 1.867992315745246970e+02 1.731999999999999886e+02
1.250000000000000000e+02 7.000000000000000666e-02 6.567303019037563638e-01 1.487831787228741405e+03 9.391351761710913024e+02 1.731999999999999886e+02
1.250000000000000000e+02 7.000000000000000666e-02 6.659835253224171137e-01 1.543367076075996692e+03 7.165220176738500868e+02 1.731999999999999886e+02
1.250000000000000000e+02 7.000000000000000666e-02 5.688634325726809049e-01 1.306851346934723551e+03 9.410919068220803183e+02 1.731999999999999886e+02
1.250000000000000000e+02 7.000000000000000666e-02 7.332830262830315471e-01 1.658679017715869577e+03 9.605554692926828011e+02 1.731999999999999886e+02
1.250000000000000000e+02 7.000000000000000666e-02 8.215507668559418608e-01 1.915544442450394399e+03 1.124136488090348394e+02 1.731999999999999886e+02
1.250000000000000000e+02 7.000000000000000666e-02 7.135166599362450235e-01 1.650305940031154478e+03 6.776128566555613020e+01 1.731999999999999886e+02
1.250000000000000000e+02 7.000000000000000666e-02 5.037271677354565602e-01 1.120394159340551369e+03 8.701065417279758663e+01 1.731999999999999886e+02
1.250000000000000000e+02 7.000000000000000666e-02 7.828948804421234087e-01 1.856617496431324980e+03 2.047388464583757468e+02 1.731999999999999886e+02
1.250000000000000000e+02 7.000000000000000666e-02 6.206638122207950303e-01 1.481016477488515193e+03 6.251273242090838949e+02 1.731999999999999886e+02
1.250000000000000000e+02 7.000000000000000666e-02 6.527483535310611984e-01 1.564105213157925846e+03 1.523633796759681047e+02 1.731999999999999886e+02
1.250000000000000000e+02 7.000000000000000666e-02 9.982890740270163876e-01 2.262911314984211458e+03 5.141635750867123988e+02 1.731999999999999886e+02
1.250000000000000000e+02 7.000000000000000666e-02 8.519849761429543200e-01 2.031463063439814505e+03 9.058523699181852180e+02 1.731999999999999886e+02
1.250000000000000000e+02 7.000000000000000666e-02 9.214847484097390407e-01 2.052566163018921543e+03 6.049991463457481586e+02 1.731999999999999886e+02
1.250000000000000000e+02 7.000000000000000666e-02 9.914625129867405962e-01 2.319235613879897301e+03 5.258874038198090375e+02 1.731999999999999886e+02
1.250000000000000000e+02 7.000000000000000666e-02 6.996062529112327955e-01 1.599165550687895575e+03 2.082915457109133115e+02 1.731999999999999886e+02
1.250000000000000000e+02 7.000000000000000666e-02 4.534279731604157204e-01 1.025569197893399405e+03 5.277356231048113386e+02 1.731999999999999886e+02
1.250000000000000000e+02 7.000000000000000666e-02 8.613990891257085059e-01 2.039735081599953674e+03 1.416850784319250067e+02 1.731999999999999886e+02
1.250000000000000000e+02 7.000000000000000666e-02 8.367755448755090919e-01 1.913713014246457078e+03 3.878360527001857463e+02 1.731999999999999886e+02
1.250000000000000000e+02 7.000000000000000666e-02 7.606539430547326619e-01 1.734088474899247331e+03 2.077918014493289149e+02 1.731999999999999886e+02
1.250000000000000000e+02 7.000000000000000666e-02 7.686285492173290379e-01 1.837875600324915240e+03 1.187505375329460833e+02 1.731999999999999886e+02
1.250000000000000000e+02 7.000000000000000666e-02 8.839620472674557528e-01 2.107394514995590725e+03 1.209360300560634869e+02 1.731999999999999886e+02
1.250000000000000000e+02 7.000000000000000666e-02 9.497536236411681099e-01 2.209913739295639061e+03 8.031639481556256897e+02 1.731999999999999886e+02
1.250000000000000000e+02 7.000000000000000666e-02 5.759995532015568243e-01 1.352382722548361016e+03 8.089839247656452699e+02 1.731999999999999886e+02
1.250000000000000000e+02 7.000000000000000666e-02 9.129882593674181201e-01 2.171313232045643417e+03 6.931039595627306653e+02 1.731999999999999886e+02
1.250000000000000000e+02 7.000000000000000666e-02 9.902055890017394946e-01 2.249186528989539511e+03 4.347722564757843315e+02 1.731999999999999886e+02
1.250000000000000000e+02 7.000000000000000666e-02 9.256920032435408396e-01 2.138888599690509636e+03 4.305916316925365663e+02 1.731999999999999886e+02
1.250000000000000000e+02 7.000000000000000666e-02 7.057431155160786007e-01 1.571570133103511580e+03 9.319869592454979284e+02 1.731999999999999886e+02
1.250000000000000000e+02 7.000000000000000666e-02 8.000770563354057119e-01 1.810473574867103252e+03 9.596849772357035135e+02 1.731999999999999886e+02
1.250000000000000000e+02 7.000000000000000666e-02 7.305292551190092354e-01 1.698600178639832393e+03 6.665426664488654751e+01 1.731999999999999886e+02
1.250000000000000000e+02 7.000000000000000666e-02 5.750133473107177373e-01 1.276546179821346868e+03 4.359726122252475307e+02 1.731999999999999886e+02
1.250000000000000000e+02 7.000000000000000666e-02 4.966358132329826147e-01 1.185547292495561805e+03 3.639097123092915922e+02 1.731999999999999886e+02
1.250000000000000000e+02 7.000000000000000666e-02 6.845763996072780078e-01 1.566496912910710080e+03 2.152220716384264847e+02 1.731999999999999886e+02
1.250000000000000000e+02 7.000000000000000666e-02 9.321007159423871924e-01 2.084165579320999313e+03 5.096935030518013150e+02 1.731999999999999886e+02
1.250000000000000000e+02 7.000000000000000666e-02 7.993645139845027003e-01 1.904011037183724056e+03 7.964973938893112972e+02 1.731999999999999886e+02
1.250000000000000000e+02 7.000000000000000666e-02 7.447648307372919385e-01 1.740056642855587597e+03 9.249156303823903045e+02 1.731999999999999886e+02
1.250000000000000000e+02 7.000000000000000666e-02 5.749309658962705738e-01 1.383272600411064332e+03 3.148290570937246571e+02 1.731999999999999886e+02
1.250000000000000000e+02 7.000000000000000666e-02 8.610156041035724739e-01 1.942646727998230745e+03 5.156683912710677760e+02 1.731999999999999886e+02
1.250000000000000000e+02 7.000000000000000666e-02 6.002032385910035517e-01 1.332325869507093103e+03 4.422576356547164096e+02 1.731999999999999886e+02
1.250000000000000000e+02 7.000000000000000666e-02 6.685433407141060380e-01 1.564164887366658149e+03 9.974774401417543004e+02 1.731999999999999886e+02
1.250000000000000000e+02 7.000000000000000666e-02 9.632761545127033198e-01 2.150027059123435720e+03 1.473611520317559780e+02 1.731999999999999886e+02
1.250000000000000000e+02 7.000000000000000666e-02 9.587597583187239536e-01 2.138433778853283002e+03 6.559699376095479693e+02 1.731999999999999886e+02
1.250000000000000000e+02 7.000000000000000666e-02 8.568876021840321489e-01 2.022557493462919410e+03 4.966388219998482896e+02 1.731999999999999886e+02
1.250000000000000000e+02 7.000000000000000666e-02 9.770205629124447677e-01 2.236824802792672926e+03 4.705434801480074043e+02 1.731999999999999886e+02
1.250000000000000000e+02 7.000000000000000666e-02 8.652310196664340092e-01 2.002824085563775270e+03 3.762340257387362499e+02 1.731999999999999886e+02
1.250000000000000000e+02 7.000000000000000666e-02 8.631166808261018231e-01 1.911164227679662417e+03 2.032921241191276351e+02 1.731999999999999886e+02
1.250000000000000000e+02 7.000000000000000666e-02 7.273848199725569952e-01 1.632343145305903590e+03 2.915997999294346528e+02 1.731999999999999886e+02
1.250000000000000000e+02 7.000000000000000666e-02 8.082392256871882008e-01 1.856238504373001660e+03 3.094456209371140289e+02 1.731999999999999886e+02
1.250000000000000000e+02 7.000000000000000666e-02 9.355381247463454564e-01 2.216806474567836631e+03 4.288685154126646637e+01 1.731999999999999886e+02
1.250000000000000000e+02 7.000000000000000666e-02 9.323270410062735047e-01 2.080854698986504445e+03 3.749489720045431227e+02 1.731999999999999886e+02
1.250000000000000000e+02 7.000000000000000666e-02 9.134429176724579991e-01 2.097375305944563479e+03 5.930696267812179485e+02 1.731999999999999886e+02
1.250000000000000000e+02 7.000000000000000666e-02 6.539034485442565270e-01 1.483495661750339423e+03 4.704885275497952648e+02 1.731999999999999886e+02
1.250000000000000000e+02 7.000000000000000666e-02 5.776619453721293374e-01 1.317497376567708216e+03 1.212854239076108698e+01 1.731999999999999886e+02
1.250000000000000000e+02 7.000000000000000666e-02 8.524014339170397081e-01 2.007935197958336175e+03 9.326161212062374943e+02 1.731999999999999886e+02
1.250000000000000000e+02 7.000000000000000666e-02 7.063596043842886862e-01 1.649254363376121091e+03 8.839186143838260250e+02 1.731999999999999886e+02
1.250000000000000000e+02 7.000000000000000666e-02 9.106548995505406863e-01 2.026300321914264032e+03 3.048401703367014193e+02 1.731999999999999886e+02
1.250000000000000000e+02 7.000000000000000666e-02 8.369951234469076295e-01 1.994147632793539287e+03 9.862218649964745509e+02 1.731999999999999886e+02
1.250000000000000000e+02 7.000000000000000666e-02 5.083541519017477084e-01 1.184656395892632190e+03 1.165715721316837232e+02 1.731999999999999886e+02
