1.250000000000000000e+02 7.000000000000000666e-02 4.942557026346214299e-02 2.058491060757261266e+02 1.921427344102248185e+02 1.731999999999999886e+02
1.250000000000000000e+02 7.000000000000000666e-02 5.156189665671357530e-02 2.088469686261016989e+02 1.860548411321730100e+02 1.731999999999999886e+02
1.250000000000000000e+02 7.000000000000000666e-02 3.352891914933661677e-02 2.570990450793796640e+02 6.609719736200481748e+02 1.731999999999999886e+02
1.250000000000000000e+02 7.000000000000000666e-02 3.498227103297547186e-02 2.094165686854181843e+02 3.183180730507651788e+02 1.731999999999999886e+02
1.250000000000000000e+02 7.000000000000000666e-02 2.427503453206689144e-02 1.450978051585771595e+02 1.617057652469309517e+02 1.731999999999999886e+02
1.250000000000000000e+02 7.000000000000000666e-02 5.530658146719782259e-02 2.077027468849071283e+02 1.628043203259408074e+02 1.731999999999999886e+02
1.250000000000000000e+02 7.000000000000000666e-02 6.652432451407958025e-02 2.080162570883870785e+02 1.182023984483473669e+02 1.731999999999999886e+02
1.250000000000000000e+02 7.000000000000000666e-02 1.109481749128085337e-01 2.958580781450979771e+02 1.426019752545353469e+02 1.731999999999999886e+02
1.250000000000000000e+02 7.000000000000000666e-02 5.827221616834286910e-02 1.816710447880809625e+02 9.609389426717613958e+01 1.731999999999999886e+02
1.250000000000000000e+02 7.000000000000000666e-02 3.007736017857038160e-02 1.113529956816012998e+02 5.023845832680294166e+02 1.731999999999999886e+02
1.250000000000000000e+02 7.000000000000000666e-02 1.052634285722963137e-01 2.809630886706036677e+02 1.030185288375788275e+02 1.731999999999999886e+02
1.250000000000000000e+02 7.000000000000000666e-02 1.661155370748922805e-02 1.927089728051090560e+02 5.551008397760265325e+02 1.731999999999999886e+02
1.250000000000000000e+02 7.000000000000000666e-02 5.216329889950403753e-02 2.410084785601729322e+02 3.030280486669502125e+02 1.731999999999999886e+02
1.250000000000000000e+02 7.000000000000000666e-02 4.220984420630524703e-02 2.610828252090534534e+02 5.348237294415558836e+02 1.731999999999999886e+02
1.250000000000000000e+02 7.000000000000000666e-02 4.708861205055965560e-02 1.058928375396534562e+02 3.255574783862539334e+02 1.731999999999999886e+02
1.250000000000000000e+02 7.000000000000000666e-02 3.467600065029058376e-02 2.393401422618118488e+02 5.258426113987728741e+02 1.731999999999999886e+02
1.250000000000000000e+02 7.000000000000000666e-02 5.721232211319022404e-02 1.157489392685603349e+02 1.062128451894847281e+01 1.731999999999999886e+02
1.250000000000000000e+02 7.000000000000000666e-02 6.222114874763235576e-02 2.281061077472201930e+02 1.876660488596203038e+02 1.731999999999999886e+02
1.250000000000000000e+02 7.000000000000000666e-02 3.001344393229607443e-02 1.139388329289864998e+02 3.859979342095631978e+02 1.731999999999999886e+02
1.250000000000000000e+02 7.000000000000000666e-02 5.794624045090790432e-02 1.969938014377907791e+02 1.169208586673416050e+02 1.731999999999999886e+02
1.250000000000000000e+02 7.000000000000000666e-02 9.885656026149830522e-02 2.901283384430062142e+02 1.711805759605819617e+02 1.731999999999999886e+02
1.250000000000000000e+02 7.000000000000000666e-02 5.464952898443833570e-03 1.451556123728260559e+02 7.583927463361352466e+02 1.731999999999999886e+02
1.250000000000000000e+02 7.000000000000000666e-02 6.756033323432766510e-03 1.502496026612956825e+02 7.043721492665684991e+02 1.731999999999999886e+02
1.250000000000000000e+02 7.000000000000000666e-02 8.955509908306001632e-02 2.356389279632287526e+02 9.355818253041124422e+01 1.731999999999999886e+02
1.250000000000000000e+02 7.000000000000000666e-02 8.529229896541740130e-02 2.046026382450116898e+02 3.050876399420022267e+01 1.731999999999999886e+02
1.250000000000000000e+02 7.000000000000000666e-02 3.369248126187875114e-02 2.678106120316398915e+02 7.357443731029375158e+02 1.731999999999999886e+02
1.250000000000000000e+02 7.000000000000000666e-02 6.692498865041554557e-02 1.560142175397621997e+02 2.299106014174452994e+01 1.731999999999999886e+02
1.250000000000000000e+02 7.000000000000000666e-02 9.045402981826483613e-02 2.232908301749743032e+02 2.203431974923365289e+01 1.731999999999999886e+02
1.250000000000000000e+02 7.000000000000000666e-02 5.555405153132265961e-02 2.303358605001749879e+02 2.408046043936805063e+02 1.731999999999999886e+02
1.250000000000000000e+02 7.000000000000000666e-02 7.369884003530328964e-02 2.326136708931872192e+02 1.597284409582184992e+02 1.731999999999999886e+02
1.250000000000000000e+02 7.000000000000000666e-02 8.305804498967826743e-02 2.434207561714496535e+02 1.290496270280699491e+02 1.731999999999999886e+02
1.250000000000000000e+02 7.000000000000000666e-02 3.901567444354455544e-02 2.859045352529901720e+02 7.603117620813455915e+02 1.731999999999999886e+02
1.250000000000000000e+02 7.000000000000000666e-02 1.067749213689737076e-01 2.712396592290676836e+02 8.558301839877157136e+01 1.731999999999999886e+02
1.250000000000000000e+02 7.000000000000000666e-02 1.190056231000560447e-02 1.500279759616954891e+02 3.813480601298604142e+02 1.731999999999999886e+02
1.250000000000000000e+02 7.000000000000000666e-02 9.672941387389741297e-02 2.470159372200274106e+02 6.197081922805144671e+01 1.731999999999999886e+02
1.250000000000000000e+02 7.000000000000000666e-02 8.910746644229350366e-02 2.715866854628228566e+02 1.665998966063431794e+02 1.731999999999999886e+02
1.250000000000000000e+02 7.000000000000000666e-02 1.544543929169710401e-02 1.670845195489619641e+02 3.921509519879641630e+02 1.731999999999999886e+02
1.250000000000000000e+02 7.000000000000000666e-02 3.105161019389234694e-02 2.697870911964203060e+02 8.501345326091561674e+02 1.731999999999999886e+02
1.250000000000000000e+02 7.000000000000000666e-02 7.290583543046010029e-02 2.665545929975735362e+02 2.532589598488613944e+02 1.731999999999999886e+02
1.250000000000000000e+02 7.000000000000000666e-02 4.450824330759958064e-02 1.056008647063985819e+02 4.980103609870590731e+02 1.731999999999999886e+02
1.250000000000000000e+02 7.000000000000000666e-02 4.882168088494417274e-02 2.978421661971204912e+02 7.087171545972594231e+02 1.731999999999999886e+02
1.250000000000000000e+02 7.000000000000000666e-02 1.152663565241538457e-01 2.879448014812380734e+02 8.454029323299052123e+01 1.731999999999999886e+02
1.250000000000000000e+02 7.000000000000000666e-02 7.918944867743236971e-02 2.391589780835649606e+02 1.228304907405481003e+02 1.731999999999999886e+02
1.250000000000000000e+02 7.000000000000000666e-02 9.423370463614348658e-02 2.953449066906267717e+02 2.183242245370302612e+02 1.731999999999999886e+02
1.250000000000000000e+02 7.000000000000000666e-02 7.676445350051575023e-02 1.866058075389829582e+02 1.500919382401955460e+01 1.731999999999999886e+02
1.250000000000000000e+02 7.000000000000000666e-02 1.874470333734646471e-02 2.384440848259785923e+02 9.795323015227252199e+02 1.731999999999999886e+02
1.250000000000000000e+02 7.000000000000000666e-02 3.268434217110938178e-02 1.827176824650264848e+02 2.167856159725581051e+02 1.731999999999999886e+02
1.250000000000000000e+02 7.000000000000000666e-02 2.331424693152477426e-02 1.430137494916693299e+02 1.573644454828942969e+02 1.731999999999999886e+02
1.250000000000000000e+02 7.000000000000000666e-02 6.751726253813357392e-02 1.787781142602269426e+02 4.910946783641792024e+01 1.731999999999999886e+02
1.250000000000000000e+02 7.000000000000000666e-02 5.303956206070630647e-02 2.871769385130619412e+02 5.360833639759893003e+02 1.731999999999999886e+02
1.250000000000000000e+02 7.000000000000000666e-02 4.707967371293760028e-02 2.893643760046029456e+02 6.486788480704951780e+02 1.731999999999999886e+02
1.250000000000000000e+02 7.000000000000000666e-02 1.109468497100231238e-01 2.830847101752417529e+02 4.106663399487076305e+01 1.731999999999999886e+02
1.250000000000000000e+02 7.000000000000000666e-02 4.421862571319598589e-02 1.890050559698624966e+02 1.763447444723332183e+02 1.731999999999999886e+02
1.250000000000000000e+02 7.000000000000000666e-02 1.243205115668197767e-02 1.154556357129246464e+02 8.955406110138246731e+02 1.731999999999999886e+02
1.250000000000000000e+02 7.000000000000000666e-02 1.041645644988929004e-01 2.531521214316173030e+02 5.177282271683578330e+01 1.731999999999999886e+02
1.250000000000000000e+02 7.000000000000000666e-02 8.109528757120174070e-02 2.022590707645487669e+02 1.072437043070453733e+01 1.731999999999999886e+02
1.250000000000000000e+02 7.000000000000000666e-02 3.160162073735159338e-02 1.083205663642156367e+02 6.640648146864940600e+02 1.731999999999999886e+02
1.250000000000000000e+02 7.000000000000000666e-02 1.250408458574782042e-02 2.065429651880194797e+02 9.340045245856302927e+02 1.731999999999999886e+02
1.250000000000000000e+02 7.000000000000000666e-02 3.717313564233372392e-02 2.927360208195452174e+02 8.804282234096323236e+02 1.731999999999999886e+02
1.250000000000000000e+02 7.000000000000000666e-02 6.026464263660459564e-02 2.862308977396329510e+02 4.594126754901569143e+02 1.731999999999999886e+02
1.250000000000000000e+02 7.000000000000000666e-02 3.145342270319427536e-02 1.713198862239860318e+02 1.972327200460958352e+02 1.731999999999999886e+02
1.250000000000000000e+02 7.000000000000000666e-02 4.840917817142273427e-02 1.037981325632772069e+02 4.162594561932828583e+02 1.731999999999999886e+02
1.250000000000000000e+02 7.000000000000000666e-02 3.847906529262783148e-02 1.708984810571639628e+02 1.481998550818861133e+02 1.731999999999999886e+02
1.250000000000000000e+02 7.000000000000000666e-02 1.185840296157848923e-02 1.700763107983386533e+02 5.558131503226102268e+02 1.731999999999999886e+02
1.250000000000000000e+02 7.000000000000000666e-02 1.122814426490556690e-02 1.678718875516797482e+02 5.555130589088037141e+02 1.731999999999999886e+02
1.250000000000000000e+02 7.000000000000000666e-02 6.683671164382433416e-02 2.901388317041950131e+02 3.910545827305432454e+02 1.731999999999999886e+02
1.250000000000000000e+02 7.000000000000000666e-02 1.186527739255182484e-02 1.173636490670940020e+02 7.417469122169775346e+02 1.731999999999999886e+02
1.250000000000000000e+02 7.000000000000000666e-02 8.290795229537670230e-02 2.913199508126770070e+02 2.982632191057395517e+02 1.731999999999999886e+02
1.250000000000000000e+02 7.000000000000000666e-02 1.989489395083655215e-02 2.287061502146450209e+02 8.050399171641836347e+02 1.731999999999999886e+02
1.250000000000000000e+02 7.000000000000000666e-02 5.678006024214404118e-02 2.703743328439485367e+02 4.006972681902753948e+02 1.731999999999999886e+02
1.250000000000000000e+02 7.000000000000000666e-02 3.913576187067065865e-02 2.979901212444800649e+02 8.427788256250646555e+02 1.731999999999999886e+02
1.250000000000000000e+02 7.000000000000000666e-02 2.426011470216458271e-02 2.605095981046191014e+02 9.356046468088717347e+02 1.731999999999999886e+02
1.250000000000000000e+02 7.000000000000000666e-02 1.034498702217404725e-02 1.585190585429716634e+02 5.052439486513717384e+02 1.731999999999999886e+02
1.250000000000000000e+02 7.000000000000000666e-02 6.914588741213660572e-02 1.603703869705486227e+02 2.728715524703877549e+01 1.731999999999999886e+02
1.250000000000000000e+02 7.000000000000000666e-02 8.187525250420439604e-02 2.577502736120469535e+02 1.818533602662386670e+02 1.731999999999999886e+02
1.250000000000000000e+02 7.000000000000000666e-02 3.983552569004022992e-02 1.082572459292508995e+02 4.682290369295572532e+02 1.731999999999999886e+02
1.250000000000000000e+02 7.000000000000000666e-02 3.390074746630923619e-02 2.043363755906633514e+02 3.186537245287887572e+02 1.731999999999999886e+02
1.250000000000000000e+02 7.000000000000000666e-02 8.717555827955952852e-02 2.550724453696063279e+02 1.296171105740935445e+02 1.731999999999999886e+02
1.250000000000000000e+02 7.000000000000000666e-02 7.605272259955736525e-02 2.736242871407658868e+02 2.881816392357055747e+02 1.731999999999999886e+02
1.250000000000000000e+02 7.000000000000000666e-02 7.449032291922670634e-02 2.427185177423916969e+02 1.652756905378550130e+02 1.731999999999999886e+02
1.250000000000000000e+02 7.000000000000000666e-02 4.026142003634016614e-02 1.210026585195550268e+02 1.085845429788985967e+02 1.731999999999999886e+02
1.250000000000000000e+02 7.000000000000000666e-02 4.190536452564409819e-02 1.702445697164506839e+02 1.343857689580793249e+02 1.731999999999999886e+02
1.250000000000000000e+02 7.000000000000000666e-02 7.054641366343249176e-02 1.960742690647249162e+02 7.517724398260432395e+01 1.731999999999999886e+02
1.250000000000000000e+02 7.000000000000000666e-02 5.312092761800027430e-02 1.138570051126670535e+02 1.023122417630867460e+02 1.731999999999999886e+02
1.250000000000000000e+02 7.000000000000000666e-02 6.044231256167850730e-02 2.721928174518543528e+02 4.050082018002420341e+02 1.731999999999999886e+02
1.250000000000000000e+02 7.000000000000000666e-02 1.484878074885645147e-02 1.760957520248914534e+02 4.943473314382137005e+02 1.731999999999999886e+02
1.250000000000000000e+02 7.000000000000000666e-02 4.395552081796517963e-02 1.107919917234425782e+02 2.712790012912394104e+02 1.731999999999999886e+02
1.250000000000000000e+02 7.000000000000000666e-02 4.379317033870749193e-02 2.998263451433014097e+02 7.900957323436980460e+02 1.731999999999999886e+02
1.250000000000000000e+02 7.000000000000000666e-02 3.476012589033299766e-02 1.667965037046380132e+02 1.614785731842135874e+02 1.731999999999999886e+02
1.250000000000000000e+02 7.000000000000000666e-02 4.511114512132607252e-02 2.879403856407474223e+02 6.942005284189391432e+02 1.731999999999999886e+02
1.250000000000000000e+02 7.000000000000000666e-02 1.086210504658498416e-01 2.864312045823490394e+02 1.253834915391561537e+02 1.731999999999999886e+02
1.250000000000000000e+02 7.000000000000000666e-02 9.718797961486509707e-02 2.904147972140093543e+02 1.798558360450035707e+02 1.731999999999999886e+02
1.250000000000000000e+02 7.000000000000000666e-02 2.201282043420792200e-02 1.195367059065016946e+02 3.068726989347653671e+02 1.731999999999999886e+02
1.250000000000000000e+02 7.000000000000000666e-02 6.979453207773488044e-02 1.660567971691622233e+02 2.292116525203918798e+01 1.731999999999999886e+02
1.250000000000000000e+02 7.000000000000000666e-02 5.306604284174942093e-02 2.540818779812928767e+02 3.534260074765331865e+02 1.731999999999999886e+02
1.250000000000000000e+02 7.000000000000000666e-02 8.581468346476398001e-02 2.240670512808260071e+02 6.287841974993900607e+01 1.731999999999999886e+02
1.250000000000000000e+02 7.000000000000000666e-02 2.325516039353926062e-02 2.498909924913227485e+02 8.839961649327472060e+02 1.731999999999999886e+02
1.250000000000000000e+02 7.000000000000000666e-02 2.335200487927827084e-02 1.954961234283697991e+02 4.034108200932645332e+02 1.731999999999999886e+02
1.250000000000000000e+02 7.000000000000000666e-02 5.379713290326758324e-02 1.295663910403693819e+02 3.287588250839139903e+01 1.731999999999999886e+02
1.250000000000000000e+02 7.000000000000000666e-02 1.010011177430666096e-01 2.672832279386796586e+02 8.160873943066263791e+01 1.731999999999999886e+02
1.250000000000000000e+02 7.000000000000000666e-02 4.142056461043273907e-02 1.244230253847786969e+02 7.070919608756274499e+01 1.731999999999999886e+02
1.250000000000000000e+02 7.000000000000000666e-02 3.310516629898958840e-02 2.345029647071662282e+02 5.123616507688647062e+02 1.731999999999999886e+02
1.250000000000000000e+02 7.000000000000000666e-02 1.105777677661676089e-01 2.867104235589594055e+02 1.195629837434005935e+02 1.731999999999999886e+02
1.250000000000000000e+02 7.000000000000000666e-02 1.189213248167626108e-01 2.987891740688501727e+02 9.617274998961200083e+01 1.731999999999999886e+02
1.250000000000000000e+02 7.000000000000000666e-02 7.585665368828216348e-02 1.695470139118145880e+02 1.701914105418200407e+01 1.731999999999999886e+02
1.250000000000000000e+02 7.000000000000000666e-02 5.210231585070623089e-02 2.751145095651610291e+02 4.761344997865589335e+02 1.731999999999999886e+02
1.250000000000000000e+02 7.000000000000000666e-02 5.466720225608995287e-02 2.453570100812353587e+02 3.013629952068529860e+02 1.731999999999999886e+02
1.250000000000000000e+02 7.000000000000000666e-02 8.536960837995924423e-02 2.509753932362003752e+02 1.494631659695595545e+02 1.731999999999999886e+02
1.250000000000000000e+02 7.000000000000000666e-02 6.009890947569938857e-02 3.332225059866515267e+02 7.345924699237859841e+02 1.731999999999999886e+02
1.250000000000000000e+02 7.000000000000000666e-02 1.671974874500459507e-01 4.350066159010714841e+02 2.838808875224062263e+02 1.731999999999999886e+02
1.250000000000000000e+02 7.000000000000000666e-02 1.287323718118227600e-01 3.626425827337976671e+02 2.995875696909180874e+02 1.731999999999999886e+02
1.250000000000000000e+02 7.000000000000000666e-02 1.052429475243319423e-01 4.295183557588492249e+02 8.878971194946248033e+02 1.731999999999999886e+02
1.250000000000000000e+02 7.000000000000000666e-02 1.097494298429209508e-01 3.521958101486787882e+02 3.603511209261246790e+02 1.731999999999999886e+02
1.250000000000000000e+02 7.000000000000000666e-02 1.648956505323490029e-01 4.125278021747026855e+02 1.244396486888381190e+02 1.731999999999999886e+02
1.250000000000000000e+02 7.000000000000000666e-02 1.155824165648444285e-01 4.170034068964275775e+02 6.718507853341782265e+02 1.731999999999999886e+02
1.250000000000000000e+02 7.000000000000000666e-02 1.552264705219646712e-01 3.857962042546693056e+02 1.857212801290691289e+02 1.731999999999999886e+02
1.250000000000000000e+02 7.000000000000000666e-02 1.438134996986139003e-01 4.503218257194001239e+02 5.887604043192936842e+02 1.731999999999999886e+02
1.250000000000000000e+02 7.000000000000000666e-02 9.015220813054758420e-02 3.777314700071827360e+02 6.603971065335666708e+02 1.731999999999999886e+02
1.250000000000000000e+02 7.000000000000000666e-02 9.107460209160966880e-02 3.735375783615137379e+02 6.741618989263114372e+02 1.731999999999999886e+02
1.250000000000000000e+02 7.000000000000000666e-02 1.525913408096571944e-01 4.716608868841287858e+02 5.620275864082033195e+02 1.731999999999999886e+02
1.250000000000000000e+02 7.000000000000000666e-02 1.456624981523287898e-01 4.852656917864684942e+02 7.607308751880647151e+02 1.731999999999999886e+02
1.250000000000000000e+02 7.000000000000000666e-02 8.167739591355116513e-02 2.407547936279624992e+02 1.314491420014003324e+02 1.731999999999999886e+02
1.250000000000000000e+02 7.000000000000000666e-02 1.767216977845154358e-01 4.222856200147252252e+02 5.106513009378503654e+01 1.731999999999999886e+02
1.250000000000000000e+02 7.000000000000000666e-02 1.564878966110555825e-01 3.662644202037479317e+02 7.377795815518707911e+01 1.731999999999999886e+02
1.250000000000000000e+02 7.000000000000000666e-02 4.464069041919896397e-02 2.855348065457633879e+02 6.391170540584543005e+02 1.731999999999999886e+02
1.250000000000000000e+02 7.000000000000000666e-02 4.587179876904119713e-02 2.846009813149215688e+02 6.050006422837773243e+02 1.731999999999999886e+02
1.250000000000000000e+02 7.000000000000000666e-02 1.269136395264968131e-01 3.226521315970469459e+02 8.839259929899652946e+01 1.731999999999999886e+02
1.250000000000000000e+02 7.000000000000000666e-02 5.733082394440482815e-02 3.378878069647130360e+02 8.349759874136686904e+02 1.731999999999999886e+02
1.250000000000000000e+02 7.000000000000000666e-02 2.139937049017431314e-01 4.990525366120677973e+02 1.537789106223457907e+02 1.731999999999999886e+02
1.250000000000000000e+02 7.000000000000000666e-02 1.188726136333613237e-01 4.636228267066382500e+02 9.131792990265995513e+02 1.731999999999999886e+02
1.250000000000000000e+02 7.000000000000000666e-02 1.104674402404395850e-01 4.341655240413891761e+02 8.001455859110164965e+02 1.731999999999999886e+02
1.250000000000000000e+02 7.000000000000000666e-02 1.243687554828180053e-01 4.018259028990428874e+02 4.709506913418115914e+02 1.731999999999999886e+02
1.250000000000000000e+02 7.000000000000000666e-02 1.106824239429067408e-01 3.633026296512935005e+02 4.375089338294917525e+02 1.731999999999999886e+02
1.250000000000000000e+02 7.000000000000000666e-02 4.268038339928531544e-02 2.636272731500282589e+02 5.518356621063189777e+02 1.731999999999999886e+02
1.250000000000000000e+02 7.000000000000000666e-02 1.181680425365609216e-01 3.299545642405498711e+02 2.257916141166346335e+02 1.731999999999999886e+02
1.250000000000000000e+02 7.000000000000000666e-02 3.614566035082313056e-02 2.798447844025493509e+02 7.632818222036081579e+02 1.731999999999999886e+02
1.250000000000000000e+02 7.000000000000000666e-02 1.368663195020338452e-01 4.297193087791611106e+02 5.017040789238582761e+02 1.731999999999999886e+02
1.250000000000000000e+02 7.000000000000000666e-02 8.947256463265249038e-02 3.280556312114267143e+02 4.319327933562469184e+02 1.731999999999999886e+02
1.250000000000000000e+02 7.000000000000000666e-02 1.383546344121400207e-01 4.133961189841265309e+02 3.854463785965189118e+02 1.731999999999999886e+02
1.250000000000000000e+02 7.000000000000000666e-02 1.979010407597710519e-01 4.767702637493808879e+02 9.380477329171927181e+01 1.731999999999999886e+02
1.250000000000000000e+02 7.000000000000000666e-02 1.414599689357704804e-01 3.985670223324810308e+02 3.202080901928313210e+02 1.731999999999999886e+02
1.250000000000000000e+02 7.000000000000000666e-02 1.287280493675598270e-01 4.953019676733757137e+02 9.804954736080027260e+02 1.731999999999999886e+02
1.250000000000000000e+02 7.000000000000000666e-02 2.107415279174232881e-01 4.921974193617977562e+02 1.354931470346651849e+02 1.731999999999999886e+02
1.250000000000000000e+02 7.000000000000000666e-02 1.616654925154434874e-01 3.916816117067691039e+02 1.212592429454924314e+02 1.731999999999999886e+02
1.250000000000000000e+02 7.000000000000000666e-02 1.553054497649006271e-01 4.346877149137537799e+02 3.916637863703597304e+02 1.731999999999999886e+02
1.250000000000000000e+02 7.000000000000000666e-02 1.354893703470438915e-01 4.267774911607543800e+02 5.341266247575947546e+02 1.731999999999999886e+02
1.250000000000000000e+02 7.000000000000000666e-02 2.074887965689663494e-01 4.941579453726753286e+02 6.961273962330837151e+01 1.731999999999999886e+02
1.250000000000000000e+02 7.000000000000000666e-02 3.143892916201959653e-02 2.249005107811346988e+02 4.745982386207435866e+02 1.731999999999999886e+02
1.250000000000000000e+02 7.000000000000000666e-02 5.991504353303366004e-02 2.564988999027062846e+02 3.315567372454046335e+02 1.731999999999999886e+02
1.250000000000000000e+02 7.000000000000000666e-02 1.422508708833613300e-01 4.993433332055506639e+02 8.540027568607567900e+02 1.731999999999999886e+02
1.250000000000000000e+02 7.000000000000000666e-02 1.072817712377329147e-01 3.603237592213947664e+02 4.444444142514039982e+02 1.731999999999999886e+02
1.250000000000000000e+02 7.000000000000000666e-02 1.807715144584631783e-01 4.634308523262012613e+02 3.630365585268469317e+02 1.731999999999999886e+02
1.250000000000000000e+02 7.000000000000000666e-02 1.228183899727724182e-01 3.115887271401240355e+02 6.023742101174144636e+01 1.731999999999999886e+02
1.250000000000000000e+02 7.000000000000000666e-02 9.134498357219351938e-02 2.917643115275032528e+02 2.512059663367833480e+02 1.731999999999999886e+02
1.250000000000000000e+02 7.000000000000000666e-02 1.706193878269589015e-01 4.150621608994717917e+02 2.089930806758472954e+02 1.731999999999999886e+02
1.250000000000000000e+02 7.000000000000000666e-02 1.939097533458578881e-01 4.665716466523830377e+02 1.444108546037755332e+02 1.731999999999999886e+02
1.250000000000000000e+02 7.000000000000000666e-02 6.413119311742115913e-02 3.702365776835281395e+02 9.647204547340843419e+02 1.731999999999999886e+02
1.250000000000000000e+02 7.000000000000000666e-02 1.193118010521722616e-01 3.281266205102775757e+02 1.960191123258479990e+02 1.731999999999999886e+02
1.250000000000000000e+02 7.000000000000000666e-02 8.995407013577098876e-02 3.698540943901571723e+02 6.252641035172594002e+02 1.731999999999999886e+02
1.250000000000000000e+02 7.000000000000000666e-02 1.579785472634285814e-01 4.333547012218578516e+02 3.299484011258669511e+02 1.731999999999999886e+02
1.250000000000000000e+02 7.000000000000000666e-02 8.206379335629522542e-02 3.338453224543935676e+02 4.754564806384860844e+02 1.731999999999999886e+02
1.250000000000000000e+02 7.000000000000000666e-02 8.357258087088707821e-02 2.845748393440253494e+02 2.601193352382343846e+02 1.731999999999999886e+02
1.250000000000000000e+02 7.000000000000000666e-02 4.965641234264282777e-02 2.000498731197528457e+02 1.667912300451378940e+02 1.731999999999999886e+02
1.250000000000000000e+02 7.000000000000000666e-02 1.377241665600167364e-01 3.506835904280661680e+02 1.555299358224295929e+02 1.731999999999999886e+02
1.250000000000000000e+02 7.000000000000000666e-02 1.160972775417623282e-01 4.195502350162930156e+02 6.971200379731487828e+02 1.731999999999999886e+02
1.250000000000000000e+02 7.000000000000000666e-02 1.206857677045260480e-01 4.125195523902309560e+02 5.404143376509535983e+02 1.731999999999999886e+02
1.250000000000000000e+02 7.000000000000000666e-02 1.317203868986104032e-01 4.022875929999968889e+02 4.292914455314834186e+02 1.731999999999999886e+02
1.250000000000000000e+02 7.000000000000000666e-02 1.229660830054533638e-01 4.639309827988931261e+02 9.049232836166723928e+02 1.731999999999999886e+02
1.250000000000000000e+02 7.000000000000000666e-02 1.348825685920376216e-01 3.455299822374596488e+02 1.748235594469019532e+02 1.731999999999999886e+02
1.250000000000000000e+02 7.000000000000000666e-02 8.136225965357607448e-02 2.471933554343509343e+02 1.567620407417637693e+02 1.731999999999999886e+02
1.250000000000000000e+02 7.000000000000000666e-02 4.180730106941818458e-02 2.374102572347286468e+02 3.975430120181535472e+02 1.731999999999999886e+02
1.250000000000000000e+02 7.000000000000000666e-02 1.885347882536770048e-01 4.416899553380494012e+02 5.593955389781655896e+01 1.731999999999999886e+02
1.250000000000000000e+02 7.000000000000000666e-02 2.041983941303735506e-01 4.984024757796270819e+02 2.635278736012145373e+02 1.731999999999999886e+02
1.250000000000000000e+02 7.000000000000000666e-02 5.251491989352113920e-02 3.234658265891040969e+02 8.064245028531120170e+02 1.731999999999999886e+02
1.250000000000000000e+02 7.000000000000000666e-02 1.270846714680014811e-01 3.322642427196964263e+02 1.397922390219235069e+02 1.731999999999999886e+02
1.250000000000000000e+02 7.000000000000000666e-02 1.213345741069771083e-01 2.959048304987588267e+02 5.556054194391978029e+01 1.731999999999999886e+02
1.250000000000000000e+02 7.000000000000000666e-02 1.579775446791164550e-01 3.819327364737737298e+02 1.187634012234937728e+02 1.731999999999999886e+02
1.250000000000000000e+02 7.000000000000000666e-02 3.263301251191326469e-02 2.344589776948409394e+02 4.960222613598759835e+02 1.731999999999999886e+02
1.250000000000000000e+02 7.000000000000000666e-02 6.090156931558369374e-02 3.262581929035668509e+02 7.116743157898679328e+02 1.731999999999999886e+02
1.250000000000000000e+02 7.000000000000000666e-02 1.549447806477626255e-01 4.702853555810327180e+02 6.349201401352090670e+02 1.731999999999999886e+02
1.250000000000000000e+02 7.000000000000000666e-02 1.297732583817621799e-01 4.529569751366782384e+02 7.431555759915534054e+02 1.731999999999999886e+02
1.250000000000000000e+02 7.000000000000000666e-02 9.890367223308717259e-02 3.970128315201941405e+02 7.524557425393463745e+02 1.731999999999999886e+02
1.250000000000000000e+02 7.000000000000000666e-02 1.579094788396460947e-01 4.464451494106832570e+02 4.118701203141538940e+02 1.731999999999999886e+02
1.250000000000000000e+02 7.000000000000000666e-02 1.556957207696836321e-01 4.282058501635734729e+02 3.227433873478802298e+02 1.731999999999999886e+02
1.250000000000000000e+02 7.000000000000000666e-02 1.421039456726859440e-01 4.807364954058466537e+02 7.365280807452496674e+02 1.731999999999999886e+02
1.250000000000000000e+02 7.000000000000000666e-02 1.767979239635104893e-01 4.313173804258229325e+02 2.010948726050977768e+02 1.731999999999999886e+02
1.250000000000000000e+02 7.000000000000000666e-02 1.424807743965844642e-01 3.467442234451031595e+02 4.810384902605224511e+01 1.731999999999999886e+02
1.250000000000000000e+02 7.000000000000000666e-02 6.032009975449208194e-02 2.973610189977353002e+02 5.036103767806262681e+02 1.731999999999999886e+02
1.250000000000000000e+02 7.000000000000000666e-02 1.554317729168498419e-01 4.330988147619254960e+02 3.251311407603682824e+02 1.731999999999999886e+02
1.250000000000000000e+02 7.000000000000000666e-02 8.807007824926803286e-02 2.868007880869868131e+02 2.549703103326237397e+02 1.731999999999999886e+02
1.250000000000000000e+02 7.000000000000000666e-02 1.645802330282468418e-01 4.960740601902629123e+02 6.339081650750381414e+02 1.731999999999999886e+02
1.250000000000000000e+02 7.000000000000000666e-02 1.025763212029334459e-01 2.486750540262943900e+02 4.998474192413177519e+01 1.731999999999999886e+02
1.250000000000000000e+02 7.000000000000000666e-02 7.586440542239014651e-02 3.708907427604191298e+02 8.553106327031060800e+02 1.731999999999999886e+02
1.250000000000000000e+02 7.000000000000000666e-02 1.297055586968456631e-01 4.669275138366375018e+02 7.958290152223810310e+02 1.731999999999999886e+02
1.250000000000000000e+02 7.000000000000000666e-02 1.213253493160395408e-01 3.929409832644140010e+02 4.303460651833242991e+02 1.731999999999999886e+02
1.250000000000000000e+02 7.000000000000000666e-02 7.676735890135941154e-02 2.420178128708653844e+02 1.721519557726902008e+02 1.731999999999999886e+02
1.250000000000000000e+02 7.000000000000000666e-02 1.054009849271062699e-01 3.372849537390708861e+02 3.077207227175748585e+02 1.731999999999999886e+02
1.250000000000000000e+02 7.000000000000000666e-02 6.867791563636058139e-02 3.234341130810119580e+02 5.627483559192789926e+02 1.731999999999999886e+02
1.250000000000000000e+02 7.000000000000000666e-02 1.573310781908158207e-01 4.657188603637133610e+02 5.692650828217697381e+02 1.731999999999999886e+02
1.250000000000000000e+02 7.000000000000000666e-02 1.245635294291956990e-01 4.482596188608531520e+02 7.093667414167318839e+02 1.731999999999999886e+02
1.250000000000000000e+02 7.000000000000000666e-02 1.151582122994560808e-01 3.037064755790184449e+02 1.631673400405657617e+02 1.731999999999999886e+02
1.250000000000000000e+02 7.000000000000000666e-02 1.709404416185325570e-01 4.123856106960292891e+02 1.701477612511799293e+02 1.731999999999999886e+02
1.250000000000000000e+02 7.000000000000000666e-02 9.059259596957623673e-02 3.669714078910024568e+02 6.458053291053392968e+02 1.731999999999999886e+02
1.250000000000000000e+02 7.000000000000000666e-02 1.857457424746126740e-01 4.722402923250528488e+02 3.391591433285629478e+02 1.731999999999999886e+02
1.250000000000000000e+02 7.000000000000000666e-02 6.743978608697299981e-02 3.499486342164902908e+02 7.525936943727065227e+02 1.731999999999999886e+02
1.250000000000000000e+02 7.000000000000000666e-02 6.800736406381759080e-02 3.337982671496961302e+02 6.873820781884880944e+02 1.731999999999999886e+02
1.250000000000000000e+02 7.000000000000000666e-02 1.587318158545094615e-01 4.213200911556434676e+02 2.745305488632743618e+02 1.731999999999999886e+02
1.250000000000000000e+02 7.000000000000000666e-02 1.805862017074120474e-01 4.531669232168824237e+02 1.327109873861282949e+02 1.731999999999999886e+02
1.250000000000000000e+02 7.000000000000000666e-02 5.776021903083268516e-02 2.718804595110696596e+02 4.090034487282954387e+02 1.731999999999999886e+02
1.250000000000000000e+02 7.000000000000000666e-02 2.129365294264642661e-01 4.978935723787711822e+02 1.621990509672404812e+02 1.731999999999999886e+02
1.250000000000000000e+02 7.000000000000000666e-02 1.086673757315926164e-01 3.179399726910137360e+02 2.483530577847966185e+02 1.731999999999999886e+02
1.250000000000000000e+02 7.000000000000000666e-02 9.796175018200192763e-02 2.903785172473051261e+02 1.924686589277016822e+02 1.731999999999999886e+02
1.250000000000000000e+02 7.000000000000000666e-02 1.445774837289553749e-01 3.827985446400531941e+02 1.766213650388752967e+02 1.731999999999999886e+02
1.250000000000000000e+02 7.000000000000000666e-02 1.574484390725698069e-01 4.883628524708619238e+02 6.745805176035074737e+02 1.731999999999999886e+02
1.250000000000000000e+02 7.000000000000000666e-02 5.157577574068060444e-02 2.009677672405145472e+02 1.738233526728965330e+02 1.731999999999999886e+02
1.250000000000000000e+02 7.000000000000000666e-02 7.963571567018448705e-02 3.524452689088091120e+02 6.337358899364851368e+02 1.731999999999999886e+02
1.250000000000000000e+02 7.000000000000000666e-02 1.923866634441546708e-01 4.551154892519887198e+02 1.471974376149953834e+01 1.731999999999999886e+02
1.250000000000000000e+02 7.000000000000000666e-02 1.418968662939470160e-01 4.229139266083954567e+02 4.219758278215927589e+02 1.731999999999999886e+02
1.250000000000000000e+02 7.000000000000000666e-02 1.248686024934838740e-01 4.046392971067438680e+02 4.824384339537709252e+02 1.731999999999999886e+02
1.250000000000000000e+02 7.000000000000000666e-02 4.610397333879300702e-02 2.882137180974518174e+02 6.454878664004166922e+02 1.731999999999999886e+02
1.250000000000000000e+02 7.000000000000000666e-02 7.312408473857812119e-02 2.634335250667446644e+02 2.404457422932289603e+02 1.731999999999999886e+02
1.250000000000000000e+02 7.000000000000000666e-02 6.709777669256709876e-02 2.866025103084821239e+02 3.732519307356960780e+02 1.731999999999999886e+02
1.250000000000000000e+02 7.000000000000000666e-02 3.030056333341770575e-02 2.629734773567954562e+02 7.879303063296797518e+02 1.731999999999999886e+02
1.250000000000000000e+02 7.000000000000000666e-02 1.523102491931720148e-01 4.067630711585596828e+02 2.410184718379923083e+02 1.731999999999999886e+02
1.250000000000000000e+02 7.000000000000000666e-02 1.599822147202130951e-01 4.863425400760268076e+02 6.133502127723745616e+02 1.731999999999999886e+02
1.250000000000000000e+02 7.000000000000000666e-02 1.444082146973743042e-01 4.676011915792796003e+02 6.962334676381682357e+02 1.731999999999999886e+02
1.250000000000000000e+02 7.000000000000000666e-02 1.004577549667031444e-01 3.509503142400988054e+02 4.289036115595422984e+02 1.731999999999999886e+02
1.250000000000000000e+02 7.000000000000000666e-02 4.314252172318966405e-02 2.254029618632234815e+02 3.198390303820003737e+02 1.731999999999999886e+02
1.250000000000000000e+02 7.000000000000000666e-02 1.878256717418061716e-01 4.637060441114831519e+02 2.796291346887377358e+02 1.731999999999999886e+02
1.250000000000000000e+02 7.000000000000000666e-02 1.637999987690044179e-01 4.270820824349196414e+02 3.358771803674899274e+02 1.731999999999999886e+02
1.250000000000000000e+02 7.000000000000000666e-02 1.703008330002691029e-01 4.711298001360965486e+02 4.077206041645996493e+02 1.731999999999999886e+02
1.250000000000000000e+02 7.000000000000000666e-02 1.095339441502458239e-01 2.605626500542574036e+02 4.125457418063983539e+01 1.731999999999999886e+02
1.250000000000000000e+02 7.000000000000000666e-02 1.629354427057015942e-01 3.872879827231063814e+02 2.056439004419436500e+01 1.731999999999999886e+02
1.250000000000000000e+02 7.000000000000000666e-02 1.854201906797139365e-01 4.813961662098022884e+02 3.738109960731987371e+02 1.731999999999999886e+02
1.250000000000000000e+02 7.000000000000000666e-02 1.435567627003199176e-01 4.357436243823854056e+02 5.264105182043034574e+02 1.731999999999999886e+02
1.250000000000000000e+02 7.000000000000000666e-02 6.113595654889104891e-02 3.348018805593403613e+02 7.970001387594717244e+02 1.731999999999999886e+02
1.250000000000000000e+02 7.000000000000000666e-02 6.560642722451946740e-02 3.505965516316425692e+02 7.949756069950188930e+02 1.731999999999999886e+02
1.250000000000000000e+02 7.000000000000000666e-02 1.677550041920431723e-01 4.498080446580614762e+02 3.243414753441090852e+02 1.731999999999999886e+02
1.250000000000000000e+02 7.000000000000000666e-02 8.764265912918346724e-02 3.369743710561581338e+02 4.561614251576635866e+02 1.731999999999999886e+02
1.250000000000000000e+02 7.000000000000000666e-02 1.328599968167711864e-01 3.899717909134808451e+02 3.722488400506821336e+02 1.731999999999999886e+02
1.250000000000000000e+02 7.000000000000000666e-02 1.257168658564443153e-01 4.133385602707949147e+02 5.163543072396358866e+02 1.731999999999999886e+02
1.250000000000000000e+02 7.000000000000000666e-02 1.607437354609521363e-01 4.165016540669581673e+02 2.855373872567665785e+02 1.731999999999999886e+02
1.250000000000000000e+02 7.000000000000000666e-02 4.324135141097742996e-02 2.546454681577386054e+02 4.946603198808793422e+02 1.731999999999999886e+02
1.250000000000000000e+02 7.000000000000000666e-02 4.867774398112633544e-02 2.951113509686835528e+02 6.904745702993025134e+02 1.731999999999999886e+02
1.250000000000000000e+02 7.000000000000000666e-02 1.589132315019528563e-01 4.896399281514104587e+02 6.547340265845539307e+02 1.731999999999999886e+02
1.250000000000000000e+02 7.000000000000000666e-02 1.528954392653374406e-01 3.625428463388197997e+02 1.468529946673034026e+01 1.731999999999999886e+02
1.250000000000000000e+02 7.000000000000000666e-02 1.700226748647392094e-01 4.350396313017998864e+02 2.434798401173027287e+02 1.731999999999999886e+02
1.250000000000000000e+02 7.000000000000000666e-02 1.038997946645619230e-01 3.470095964400574644e+02 4.049902231298269726e+02 1.731999999999999886e+02
1.250000000000000000e+02 7.000000000000000666e-02 1.077181383946891335e-01 3.757533596375990896e+02 4.781339468820455636e+02 1.731999999999999886e+02
1.250000000000000000e+02 7.000000000000000666e-02 4.081185321759656787e-02 2.597925533470693154e+02 5.610669871703078115e+02 1.731999999999999886e+02
1.250000000000000000e+02 7.000000000000000666e-02 5.949444291501563425e-02 3.265950134210398232e+02 6.966276248044728163e+02 1.731999999999999886e+02
1.250000000000000000e+02 7.000000000000000666e-02 9.429849625151852377e-02 3.034041756272457633e+02 2.432776729777295373e+02 1.731999999999999886e+02
1.250000000000000000e+02 7.000000000000000666e-02 1.790065350466889804e-01 4.095925054111594363e+02 4.877811940751070807e+01 1.731999999999999886e+02
1.250000000000000000e+02 7.000000000000000666e-02 1.743144337969759761e-02 2.252448178153034917e+02 9.025251887827253086e+02 1.731999999999999886e+02
1.250000000000000000e+02 7.000000000000000666e-02 1.442869956440081813e-01 4.552817987462942710e+02 5.806634786985105166e+02 1.731999999999999886e+02
1.250000000000000000e+02 7.000000000000000666e-02 1.879181053685601011e-02 2.207073537471956115e+02 7.604097445446843722e+02 1.731999999999999886e+02
1.250000000000000000e+02 7.000000000000000666e-02 1.858075407087120545e-01 4.526856810792240253e+02 2.542698217622545940e+02 1.731999999999999886e+02
1.250000000000000000e+02 7.000000000000000666e-02 1.626897655388287733e-01 4.357962423022376015e+02 3.558235640936572963e+02 1.731999999999999886e+02
1.250000000000000000e+02 7.000000000000000666e-02 1.947561519807966268e-01 4.895149557254612773e+02 3.227029737741479494e+02 1.731999999999999886e+02
1.250000000000000000e+02 7.000000000000000666e-02 5.234329215523864098e-02 2.806231525499844679e+02 4.924120363783794119e+02 1.731999999999999886e+02
