1.250000000000000000e+02 7.000000000000000666e-02 4.674334821008418843e-03 1.953714843005711259e+02 2.201105800734505465e+03 1.731999999999999886e+02
1.250000000000000000e+02 7.000000000000000666e-02 2.045447928368641661e-03 1.364674595791226750e+02 1.783847634010473712e+03 1.731999999999999886e+02
1.250000000000000000e+02 7.000000000000000666e-02 1.317203147091845295e-03 1.235122807549198853e+02 3.634820515624482141e+03 1.731999999999999886e+02
1.250000000000000000e+02 7.000000000000000666e-02 3.431302493521912796e-03 1.242929603159390979e+02 1.253756712991734275e+03 1.731999999999999886e+02
1.250000000000000000e+02 7.000000000000000666e-02 3.504146934296596336e-03 1.560646377783752428e+02 1.462420604990240918e+03 1.731999999999999886e+02
1.250000000000000000e+02 7.000000000000000666e-02 3.907955090965200065e-03 1.787514207695421931e+02 1.932246633230964335e+03 1.731999999999999886e+02
1.250000000000000000e+02 7.000000000000000666e-02 5.639063112058348426e-03 1.128061543633956774e+02 2.674441502757889793e+03 1.731999999999999886e+02
1.250000000000000000e+02 7.000000000000000666e-02 9.265060055564688576e-03 1.062814133427149983e+02 3.434255419051214176e+03 1.731999999999999886e+02
1.250000000000000000e+02 7.000000000000000666e-02 4.013282538114867730e-03 1.525596206167291484e+02 1.247039199244148676e+03 1.731999999999999886e+02
1.250000000000000000e+02 7.000000000000000666e-02 4.948681488533774112e-03 1.150723734060045160e+02 2.454840633484111095e+03 1.731999999999999886e+02
1.250000000000000000e+02 7.000000000000000666e-02 2.916481882538654851e-03 1.761334497276596380e+02 2.542771661569939170e+03 1.731999999999999886e+02
1.250000000000000000e+02 7.000000000000000666e-02 1.999901106142475994e-03 1.445385685049529343e+02 2.039964488171829089e+03 1.731999999999999886e+02
1.250000000000000000e+02 7.000000000000000666e-02 9.856649169432189078e-03 1.750751336892298582e+02 7.167875770994478444e+02 1.731999999999999886e+02
1.250000000000000000e+02 7.000000000000000666e-02 6.884703860798092358e-03 1.630047986398424200e+02 8.104956926792090144e+02 1.731999999999999886e+02
1.250000000000000000e+02 7.000000000000000666e-02 4.507803039555456463e-03 1.913822756762805852e+02 2.049297758845958015e+03 1.731999999999999886e+02
1.250000000000000000e+02 7.000000000000000666e-02 4.263724493994008012e-03 1.296613498084598461e+02 8.347015804046491212e+02 1.731999999999999886e+02
1.250000000000000000e+02 7.000000000000000666e-02 2.363004307212548949e-03 1.383855233278085279e+02 1.553961498930302014e+03 1.731999999999999886e+02
1.250000000000000000e+02 7.000000000000000666e-02 4.503015515971394052e-03 1.178085233270292775e+02 1.984342894546550951e+03 1.731999999999999886e+02
1.250000000000000000e+02 7.000000000000000666e-02 6.720299993774585950e-03 1.708641728323705138e+02 9.722165697229340822e+02 1.731999999999999886e+02
1.250000000000000000e+02 7.000000000000000666e-02 9.164357680515705998e-03 1.765572926250172259e+02 8.134816273904795025e+02 1.731999999999999886e+02
1.250000000000000000e+02 7.000000000000000666e-02 7.966655333865221497e-03 1.373348033477864192e+02 4.586162243763052402e+02 1.731999999999999886e+02
1.250000000000000000e+02 7.000000000000000666e-02 7.247469870603030079e-03 1.264211452049013502e+02 4.806011291903660094e+02 1.731999999999999886e+02
1.250000000000000000e+02 7.000000000000000666e-02 1.557770435178809859e-03 1.538420713401816897e+02 3.060760920983313099e+03 1.731999999999999886e+02
1.250000000000000000e+02 7.000000000000000666e-02 6.681201374148073094e-03 1.120505754558497813e+02 2.404989448532105143e+03 1.731999999999999886e+02
1.250000000000000000e+02 7.000000000000000666e-02 9.330682111261546716e-03 1.749352472955180815e+02 7.605118207460179747e+02 1.731999999999999886e+02
1.250000000000000000e+02 7.000000000000000666e-02 1.374621995033217196e-03 1.460570518011577974e+02 3.012137695651490048e+03 1.731999999999999886e+02
1.250000000000000000e+02 7.000000000000000666e-02 3.340229090648883480e-03 1.758507196706654554e+02 2.158806783998113588e+03 1.731999999999999886e+02
1.250000000000000000e+02 7.000000000000000666e-02 5.912875180485341678e-03 1.709942175919696865e+02 1.152225715784741851e+03 1.731999999999999886e+02
1.250000000000000000e+02 7.000000000000000666e-02 4.016309526493160725e-03 1.419921044820641214e+02 9.649325672987293956e+02 1.731999999999999886e+02
1.250000000000000000e+02 7.000000000000000666e-02 5.785943123184413180e-03 1.795545701401478880e+02 1.366527615302436516e+03 1.731999999999999886e+02
1.250000000000000000e+02 7.000000000000000666e-02 7.471965032089436694e-03 1.966713520271945299e+02 1.381239785014312474e+03 1.731999999999999886e+02
1.250000000000000000e+02 7.000000000000000666e-02 3.900345996260332418e-03 1.358765741149104258e+02 9.480422354600182189e+02 1.731999999999999886e+02
1.250000000000000000e+02 7.000000000000000666e-02 3.810202821875785257e-03 1.155876756197900761e+02 2.875190591481819865e+03 1.731999999999999886e+02
1.250000000000000000e+02 7.000000000000000666e-02 4.333603724703143090e-03 1.579323696230854921e+02 1.203027613934770216e+03 1.731999999999999886e+02
1.250000000000000000e+02 7.000000000000000666e-02 2.563304536741922799e-03 1.547498177758639599e+02 2.008231858663898493e+03 1.731999999999999886e+02
1.250000000000000000e+02 7.000000000000000666e-02 5.413450140549302438e-03 1.791444789838859606e+02 1.376824384942357483e+03 1.731999999999999886e+02
1.250000000000000000e+02 7.000000000000000666e-02 1.869378092068000674e-03 1.674293866401557977e+02 3.322823532788329885e+03 1.731999999999999886e+02
1.250000000000000000e+02 7.000000000000000666e-02 2.777282429612542430e-03 1.775097598806451629e+02 2.714492989600636975e+03 1.731999999999999886e+02
1.250000000000000000e+02 7.000000000000000666e-02 6.826832751880071784e-03 1.790353473695521984e+02 1.165036918887338743e+03 1.731999999999999886e+02
1.250000000000000000e+02 7.000000000000000666e-02 2.925158483500763049e-03 1.458394732069995143e+02 1.436564312567544903e+03 1.731999999999999886e+02
1.250000000000000000e+02 7.000000000000000666e-02 9.596571035560063495e-03 1.064104259871415934e+02 3.487558440894906198e+03 1.731999999999999886e+02
1.250000000000000000e+02 7.000000000000000666e-02 2.625647501510109533e-03 1.412776163512756966e+02 1.528132243957171568e+03 1.731999999999999886e+02
1.250000000000000000e+02 7.000000000000000666e-02 2.958682073920692723e-03 1.836363894593416148e+02 2.785488771585425638e+03 1.731999999999999886e+02
1.250000000000000000e+02 7.000000000000000666e-02 1.812148473386073801e-03 1.220349224694018773e+02 2.912723978532256751e+03 1.731999999999999886e+02
1.250000000000000000e+02 7.000000000000000666e-02 3.077071909993913789e-03 1.200114555843493918e+02 2.202012666437488861e+03 1.731999999999999886e+02
1.250000000000000000e+02 7.000000000000000666e-02 6.899448593530380092e-03 1.812697807035737299e+02 1.132067387598540108e+03 1.731999999999999886e+02
1.250000000000000000e+02 7.000000000000000666e-02 5.295537228240378320e-03 1.506917194317443034e+02 8.585400915611445498e+02 1.731999999999999886e+02
1.250000000000000000e+02 7.000000000000000666e-02 8.289900969194675256e-03 1.898988048066295846e+02 1.074928224648063633e+03 1.731999999999999886e+02
1.250000000000000000e+02 7.000000000000000666e-02 5.734151500555600273e-03 1.219302781350144755e+02 9.898284514772273042e+02 1.731999999999999886e+02
1.250000000000000000e+02 7.000000000000000666e-02 6.023174541996347171e-03 1.592388304025069488e+02 8.874488959182102690e+02 1.731999999999999886e+02
1.250000000000000000e+02 7.000000000000000666e-02 2.479515735978995907e-03 1.658658155801844885e+02 2.426030525021275025e+03 1.731999999999999886e+02
1.250000000000000000e+02 7.000000000000000666e-02 2.373367963347637697e-03 1.769495527721317671e+02 3.074526927961308957e+03 1.731999999999999886e+02
1.250000000000000000e+02 7.000000000000000666e-02 7.237173589402775241e-03 1.244350410953254453e+02 5.580235670222815543e+02 1.731999999999999886e+02
1.250000000000000000e+02 7.000000000000000666e-02 3.024366340548446334e-03 1.914810486462081371e+02 3.080044773518051898e+03 1.731999999999999886e+02
1.250000000000000000e+02 7.000000000000000666e-02 2.296598179231535385e-03 1.819759390564380510e+02 3.511034436958236256e+03 1.731999999999999886e+02
1.250000000000000000e+02 7.000000000000000666e-02 3.184478233214528119e-03 1.477338194123050812e+02 1.406424904775145478e+03 1.731999999999999886e+02
1.250000000000000000e+02 7.000000000000000666e-02 9.951496807276253437e-03 1.615219216201991230e+02 5.463103721180577850e+02 1.731999999999999886e+02
1.250000000000000000e+02 7.000000000000000666e-02 8.276016818127540295e-03 1.442382833239210527e+02 4.921805769504801447e+02 1.731999999999999886e+02
1.250000000000000000e+02 7.000000000000000666e-02 9.316258836051818926e-03 1.476929540816107078e+02 4.590026101227118147e+02 1.731999999999999886e+02
1.250000000000000000e+02 7.000000000000000666e-02 2.475403477797295804e-03 1.172852760090686672e+02 3.777991482570606422e+03 1.731999999999999886e+02
1.250000000000000000e+02 7.000000000000000666e-02 5.870255227254924518e-03 1.962128743498660697e+02 1.724712353456677874e+03 1.731999999999999886e+02
1.250000000000000000e+02 7.000000000000000666e-02 3.285788623795132292e-03 1.940941807755249329e+02 2.909236711148002541e+03 1.731999999999999886e+02
1.250000000000000000e+02 7.000000000000000666e-02 8.498537115458271868e-03 1.748367078580848215e+02 8.039184706891435326e+02 1.731999999999999886e+02
1.250000000000000000e+02 7.000000000000000666e-02 9.014007741553304101e-03 1.796770656538633375e+02 8.700379206993176240e+02 1.731999999999999886e+02
1.250000000000000000e+02 7.000000000000000666e-02 7.922636119504847252e-03 1.069277964322947696e+02 3.798639422567708152e+03 1.731999999999999886e+02
1.250000000000000000e+02 7.000000000000000666e-02 3.717795025965518665e-03 1.381478374610902904e+02 1.051833867447075818e+03 1.731999999999999886e+02
1.250000000000000000e+02 7.000000000000000666e-02 7.374248189949575080e-03 1.209951511090929159e+02 8.215287812897748836e+02 1.731999999999999886e+02
1.250000000000000000e+02 7.000000000000000666e-02 3.168993675925022707e-03 1.318569311928659715e+02 1.146080784897078956e+03 1.731999999999999886e+02
1.250000000000000000e+02 7.000000000000000666e-02 4.416862725587175111e-03 1.859397552919368195e+02 1.908959093256024971e+03 1.731999999999999886e+02
1.250000000000000000e+02 7.000000000000000666e-02 3.570613881027056690e-03 1.891624601976318445e+02 2.565866462096924806e+03 1.731999999999999886e+02
1.250000000000000000e+02 7.000000000000000666e-02 8.486431270262762699e-03 1.642035239950002676e+02 7.075854761453266519e+02 1.731999999999999886e+02
1.250000000000000000e+02 7.000000000000000666e-02 8.735751510810340140e-03 1.189686593963969301e+02 8.592433020135188144e+02 1.731999999999999886e+02
1.250000000000000000e+02 7.000000000000000666e-02 9.590796225885935347e-03 1.978196577814493082e+02 1.075158620415879113e+03 1.731999999999999886e+02
1.250000000000000000e+02 7.000000000000000666e-02 1.476239279454754109e-03 1.402277562558533646e+02 2.676283759699782422e+03 1.731999999999999886e+02
1.250000000000000000e+02 7.000000000000000666e-02 3.059905886003049056e-03 1.512131866992872347e+02 1.515178621179888523e+03 1.731999999999999886e+02
1.250000000000000000e+02 7.000000000000000666e-02 2.255668296709891635e-03 1.877458552516340262e+02 3.792283600724294047e+03 1.731999999999999886e+02
1.250000000000000000e+02 7.000000000000000666e-02 8.176390072799579259e-03 1.984761469244044747e+02 1.242713116885723139e+03 1.731999999999999886e+02
1.250000000000000000e+02 7.000000000000000666e-02 3.275443826041787767e-03 1.858770791824364892e+02 2.614333704994406162e+03 1.731999999999999886e+02
1.250000000000000000e+02 7.000000000000000666e-02 1.815274513819103552e-03 1.254936233998087829e+02 2.120861492689615716e+03 1.731999999999999886e+02
1.250000000000000000e+02 7.000000000000000666e-02 9.202769005095055854e-03 1.068955367289545961e+02 3.372961178541125264e+03 1.731999999999999886e+02
1.250000000000000000e+02 7.000000000000000666e-02 5.757600570930525817e-03 1.216893618521164342e+02 9.884528568341446544e+02 1.731999999999999886e+02
1.250000000000000000e+02 7.000000000000000666e-02 1.784336931750304380e-03 1.272025023538414104e+02 2.055200407641117636e+03 1.731999999999999886e+02
1.250000000000000000e+02 7.000000000000000666e-02 4.836833146895350502e-03 1.110523941444224363e+02 3.930347828707025201e+03 1.731999999999999886e+02
1.250000000000000000e+02 7.000000000000000666e-02 2.608174885427090584e-03 1.694287584891623624e+02 2.521055888936090014e+03 1.731999999999999886e+02
1.250000000000000000e+02 7.000000000000000666e-02 4.300961000817554204e-03 1.937832307081715726e+02 2.225849415529662110e+03 1.731999999999999886e+02
1.250000000000000000e+02 7.000000000000000666e-02 5.158783482773626750e-03 1.984874704186480017e+02 1.978156376842558757e+03 1.731999999999999886e+02
1.250000000000000000e+02 7.000000000000000666e-02 5.979857284432238060e-03 1.119829126116370048e+02 2.885485156163543252e+03 1.731999999999999886e+02
1.250000000000000000e+02 7.000000000000000666e-02 4.743174719647791186e-03 1.115488200599729822e+02 3.825978423090601609e+03 1.731999999999999886e+02
1.250000000000000000e+02 7.000000000000000666e-02 6.276604790576677771e-03 1.157241315725960646e+02 1.728390436096713529e+03 1.731999999999999886e+02
1.250000000000000000e+02 7.000000000000000666e-02 2.472555658200174464e-03 1.637619548038575203e+02 2.413613656070889192e+03 1.731999999999999886e+02
1.250000000000000000e+02 7.000000000000000666e-02 2.964782587498714615e-03 1.527586231749056367e+02 1.650251737488722483e+03 1.731999999999999886e+02
1.250000000000000000e+02 7.000000000000000666e-02 5.844316349829460112e-03 1.921833676844633203e+02 1.607261797585794966e+03 1.731999999999999886e+02
1.250000000000000000e+02 7.000000000000000666e-02 4.180877216865800869e-03 1.587914792946237412e+02 1.266545852290354105e+03 1.731999999999999886e+02
1.250000000000000000e+02 7.000000000000000666e-02 1.605208123191705430e-03 1.622419104322288206e+02 3.648480031849187071e+03 1.731999999999999886e+02
1.250000000000000000e+02 7.000000000000000666e-02 6.988062416877480199e-03 1.956209627909306903e+02 1.489737498249807004e+03 1.731999999999999886e+02
1.250000000000000000e+02 7.000000000000000666e-02 9.120451590655396026e-03 1.766506319353646859e+02 8.129390114961973950e+02 1.731999999999999886e+02
1.250000000000000000e+02 7.000000000000000666e-02 7.273696250973044931e-03 1.820182713079124994e+02 1.063910901391489006e+03 1.731999999999999886e+02
1.250000000000000000e+02 7.000000000000000666e-02 1.872812669263623211e-03 1.640729820549801445e+02 3.083239366866249838e+03 1.731999999999999886e+02
1.250000000000000000e+02 7.000000000000000666e-02 8.866722602712777748e-03 1.417886363940066872e+02 4.426805654786978153e+02 1.731999999999999886e+02
1.250000000000000000e+02 7.000000000000000666e-02 9.364716012237489810e-04 1.388142320677564783e+02 3.931706341463934223e+03 1.731999999999999886e+02
1.250000000000000000e+02 7.000000000000000666e-02 7.480513122836756658e-03 1.229887489665023566e+02 6.390403372919970479e+02 1.731999999999999886e+02
1.250000000000000000e+02 7.000000000000000666e-02 3.178157702705470232e-03 1.325203517574655336e+02 1.103981623737256086e+03 1.731999999999999886e+02
1.250000000000000000e+02 7.000000000000000666e-02 4.066245441406477791e-03 1.235455344156351032e+02 1.116388071990661047e+03 1.731999999999999886e+02
1.250000000000000000e+02 7.000000000000000666e-02 4.256256758825531852e-03 1.793590018015520400e+02 1.803685450340465650e+03 1.731999999999999886e+02
1.250000000000000000e+02 7.000000000000000666e-02 6.207359999269748511e-03 1.268665373547956960e+02 5.855479140588970495e+02 1.731999999999999886e+02
1.250000000000000000e+02 7.000000000000000666e-02 3.972276779446087813e-03 1.704831816135709914e+02 1.664868585863962380e+03 1.731999999999999886e+02
1.250000000000000000e+02 7.000000000000000666e-02 1.506748171172279070e-03 1.458743099595994011e+02 2.885648736184272366e+03 1.731999999999999886e+02
1.250000000000000000e+02 7.000000000000000666e-02 4.606641547037832428e-03 1.692751999853691416e+02 1.404759860843876595e+03 1.731999999999999886e+02
1.250000000000000000e+02 7.000000000000000666e-02 2.164388618651084083e-03 1.329434883679812174e+02 1.584107486008686919e+03 1.731999999999999886e+02
1.250000000000000000e+02 7.000000000000000666e-02 3.059541263333411757e-03 1.910232764336663536e+02 3.147455168401551418e+03 1.731999999999999886e+02
1.250000000000000000e+02 7.000000000000000666e-02 4.665771589733384503e-03 1.723751711903076398e+02 1.495689593188330491e+03 1.731999999999999886e+02
1.250000000000000000e+02 7.000000000000000666e-02 1.054572924655879139e-03 1.435809496652095731e+02 3.957609216306952931e+03 1.731999999999999886e+02
1.250000000000000000e+02 7.000000000000000666e-02 1.613195179681449617e-03 1.445993575972892131e+02 2.619592933847033692e+03 1.731999999999999886e+02
1.250000000000000000e+02 7.000000000000000666e-02 1.824558232185556367e-03 1.445435113178069173e+02 2.326401599231423006e+03 1.731999999999999886e+02
1.250000000000000000e+02 7.000000000000000666e-02 6.697108861452720149e-03 1.592653099902544227e+02 8.265650299836022441e+02 1.731999999999999886e+02
1.250000000000000000e+02 7.000000000000000666e-02 9.973850127326938306e-03 1.228833756938683308e+02 4.912019810884178241e+02 1.731999999999999886e+02
1.250000000000000000e+02 7.000000000000000666e-02 8.998396800118090358e-03 1.060097999202929202e+02 3.765280422689156694e+03 1.731999999999999886e+02
1.250000000000000000e+02 7.000000000000000666e-02 8.034766034437571328e-03 1.127634613808162385e+02 1.809214526892383901e+03 1.731999999999999886e+02
1.250000000000000000e+02 7.000000000000000666e-02 3.670109474493144387e-03 1.138541878241971688e+02 3.539404174305046581e+03 1.731999999999999886e+02
1.250000000000000000e+02 7.000000000000000666e-02 7.057901687533018470e-03 1.272983997128227998e+02 5.046805930122641826e+02 1.731999999999999886e+02
1.250000000000000000e+02 7.000000000000000666e-02 6.574697802485866827e-03 1.661015968548330477e+02 9.526437384338044012e+02 1.731999999999999886e+02
1.250000000000000000e+02 7.000000000000000666e-02 2.961214058942794863e-03 1.398630849920541834e+02 1.275023907943697623e+03 1.731999999999999886e+02
1.250000000000000000e+02 7.000000000000000666e-02 9.050051904641004397e-03 1.743142256688087741e+02 7.668806686235893721e+02 1.731999999999999886e+02
1.250000000000000000e+02 7.000000000000000666e-02 6.404808686300693041e-03 1.949822285786764837e+02 1.503959677012709562e+03 1.731999999999999886e+02
1.250000000000000000e+02 7.000000000000000666e-02 3.120838506592986221e-03 1.325705710588187856e+02 1.080246849480996843e+03 1.731999999999999886e+02
1.250000000000000000e+02 7.000000000000000666e-02 2.589372048859986310e-03 1.517704280795607872e+02 1.908376872405140148e+03 1.731999999999999886e+02
1.250000000000000000e+02 7.000000000000000666e-02 6.883407507703630246e-03 1.843441062743995644e+02 1.179446303133458287e+03 1.731999999999999886e+02
1.250000000000000000e+02 7.000000000000000666e-02 8.852049532935082204e-03 1.068642844378228034e+02 3.324028961722090116e+03 1.731999999999999886e+02
1.250000000000000000e+02 7.000000000000000666e-02 4.430369393542269059e-03 1.123248057733533471e+02 3.781259625705416966e+03 1.731999999999999886e+02
1.250000000000000000e+02 7.000000000000000666e-02 4.181632726531137566e-03 1.715442230352733191e+02 1.582980409595832498e+03 1.731999999999999886e+02
1.250000000000000000e+02 7.000000000000000666e-02 6.872291825218579224e-03 1.195890019248370351e+02 1.022903943752645318e+03 1.731999999999999886e+02
1.250000000000000000e+02 7.000000000000000666e-02 1.694601891967356319e-03 1.255826107185738181e+02 2.223907138737856712e+03 1.731999999999999886e+02
1.250000000000000000e+02 7.000000000000000666e-02 7.220624164762337593e-03 1.426075515451646538e+02 5.601760981604613789e+02 1.731999999999999886e+02
1.250000000000000000e+02 7.000000000000000666e-02 4.437555695953942191e-03 1.167367348952907946e+02 2.253388285159463521e+03 1.731999999999999886e+02
1.250000000000000000e+02 7.000000000000000666e-02 2.017579823582035716e-03 1.588364435036943405e+02 2.755627573932880750e+03 1.731999999999999886e+02
1.250000000000000000e+02 7.000000000000000666e-02 3.168252758278960329e-03 1.203602912420388833e+02 2.042398264476991244e+03 1.731999999999999886e+02
1.250000000000000000e+02 7.000000000000000666e-02 9.454004652312773468e-03 1.410590596138793558e+02 4.184086895453491479e+02 1.731999999999999886e+02
1.250000000000000000e+02 7.000000000000000666e-02 2.707790565156874708e-03 1.720937014005571939e+02 2.599573949712209014e+03 1.731999999999999886e+02
1.250000000000000000e+02 7.000000000000000666e-02 1.532476620782457187e-03 1.366162693199782439e+02 2.495578421864298889e+03 1.731999999999999886e+02
1.250000000000000000e+02 7.000000000000000666e-02 5.903001499372114574e-03 1.881942216134246451e+02 1.559921314639109141e+03 1.731999999999999886e+02
1.250000000000000000e+02 7.000000000000000666e-02 8.930202914460585312e-03 1.064365313459009741e+02 3.535752617477838157e+03 1.731999999999999886e+02
1.250000000000000000e+02 7.000000000000000666e-02 8.666678213150317417e-03 1.068122997349327221e+02 3.553874768557097468e+03 1.731999999999999886e+02
1.250000000000000000e+02 7.000000000000000666e-02 1.272839804749072504e-03 1.410993655260953403e+02 2.996842028113825108e+03 1.731999999999999886e+02
1.250000000000000000e+02 7.000000000000000666e-02 6.163980416269212136e-03 1.818338167828673022e+02 1.285929564825029274e+03 1.731999999999999886e+02
1.250000000000000000e+02 7.000000000000000666e-02 5.652268639400521467e-03 1.775936774994386269e+02 1.296847269676715769e+03 1.731999999999999886e+02
1.250000000000000000e+02 7.000000000000000666e-02 3.639268783511408287e-03 1.795449879113780867e+02 2.143347413201761356e+03 1.731999999999999886e+02
1.250000000000000000e+02 7.000000000000000666e-02 1.764586951661921855e-03 1.727533912144664612e+02 3.791463705798476894e+03 1.731999999999999886e+02
1.250000000000000000e+02 7.000000000000000666e-02 4.635037221080481884e-03 1.713380689778175281e+02 1.445237688375579864e+03 1.731999999999999886e+02
1.250000000000000000e+02 7.000000000000000666e-02 1.527443247381921011e-03 1.645695746038266520e+02 3.880029293937556304e+03 1.731999999999999886e+02
1.250000000000000000e+02 7.000000000000000666e-02 7.602177486440861442e-03 1.473635065237367030e+02 5.873118961857675231e+02 1.731999999999999886e+02
1.250000000000000000e+02 7.000000000000000666e-02 2.432413227281058146e-03 1.238062803480344343e+02 1.919946916202026614e+03 1.731999999999999886e+02
1.250000000000000000e+02 7.000000000000000666e-02 5.427203765059416228e-03 1.928596972103415226e+02 1.781891405084250891e+03 1.731999999999999886e+02
1.250000000000000000e+02 7.000000000000000666e-02 6.136663109783936816e-03 1.626386482922633263e+02 9.634669791557239478e+02 1.731999999999999886e+02
1.250000000000000000e+02 7.000000000000000666e-02 6.715339101161052482e-03 1.756428779269633367e+02 1.105431036010064190e+03 1.731999999999999886e+02
1.250000000000000000e+02 7.000000000000000666e-02 3.924377238923268917e-03 1.846251345413533613e+02 2.224631683184827125e+03 1.731999999999999886e+02
1.250000000000000000e+02 7.000000000000000666e-02 3.586926306264348781e-03 1.144451493710157592e+02 3.474936747129105697e+03 1.731999999999999886e+02
1.250000000000000000e+02 7.000000000000000666e-02 1.840446017893151076e-03 1.683581760708971160e+02 3.489883028802646550e+03 1.731999999999999886e+02
1.250000000000000000e+02 7.000000000000000666e-02 1.911613286947236746e-03 1.540930319516734244e+02 2.520158857817553326e+03 1.731999999999999886e+02
1.250000000000000000e+02 7.000000000000000666e-02 8.539771719312312659e-03 1.169586867618829018e+02 1.074564796661736182e+03 1.731999999999999886e+02
1.250000000000000000e+02 7.000000000000000666e-02 5.262272945903665421e-03 1.305781879980768281e+02 6.546093179018716910e+02 1.731999999999999886e+02
1.250000000000000000e+02 7.000000000000000666e-02 1.240747897070179151e-03 1.337070256346431165e+02 2.889041721828590653e+03 1.731999999999999886e+02
1.250000000000000000e+02 7.000000000000000666e-02 2.022647023407757316e-03 1.520547483917622742e+02 2.407226660030813946e+03 1.731999999999999886e+02
1.250000000000000000e+02 7.000000000000000666e-02 2.756435616497815259e-03 1.786076379820893010e+02 2.693246134629151584e+03 1.731999999999999886e+02
1.250000000000000000e+02 7.000000000000000666e-02 5.293397049943090495e-03 1.164319634722703256e+02 1.921297319462777978e+03 1.731999999999999886e+02
1.250000000000000000e+02 7.000000000000000666e-02 2.939610987260102282e-03 1.979635189889630169e+02 3.409045022466720184e+03 1.731999999999999886e+02
1.250000000000000000e+02 7.000000000000000666e-02 2.455342358625035599e-03 1.907177354356345518e+02 3.875551118566050718e+03 1.731999999999999886e+02
1.250000000000000000e+02 7.000000000000000666e-02 5.300540302236506941e-03 1.666899506373683835e+02 1.205608592877999854e+03 1.731999999999999886e+02
1.250000000000000000e+02 7.000000000000000666e-02 4.848094486252922317e-03 1.441609295464289175e+02 8.373125846668756367e+02 1.731999999999999886e+02
1.250000000000000000e+02 7.000000000000000666e-02 5.329628493239459142e-03 1.887756341770361814e+02 1.641654645837804537e+03 1.731999999999999886e+02
1.250000000000000000e+02 7.000000000000000666e-02 1.699786848316688168e-03 1.585405530790502553e+02 3.246518315775616429e+03 1.731999999999999886e+02
1.250000000000000000e+02 7.000000000000000666e-02 2.114360542932743493e-03 1.470719087910148914e+02 1.999962610499436323e+03 1.731999999999999886e+02
1.250000000000000000e+02 7.000000000000000666e-02 7.870276916719560339e-03 1.674677614874581764e+02 8.059042151597535621e+02 1.731999999999999886e+02
1.250000000000000000e+02 7.000000000000000666e-02 5.604400564674900422e-03 1.958742057977918876e+02 1.768107330001894297e+03 1.731999999999999886e+02
1.250000000000000000e+02 7.000000000000000666e-02 4.056217062604312341e-03 1.502088790004478938e+02 1.120164898040497519e+03 1.731999999999999886e+02
1.250000000000000000e+02 7.000000000000000666e-02 4.367191195721219048e-03 1.758582874062202563e+02 1.655884748111012641e+03 1.731999999999999886e+02
1.250000000000000000e+02 7.000000000000000666e-02 2.637511261874711087e-03 1.433079032859394601e+02 1.535729607472990892e+03 1.731999999999999886e+02
1.250000000000000000e+02 7.000000000000000666e-02 2.561715419477414608e-03 1.342367238292160323e+02 1.392962093632868346e+03 1.731999999999999886e+02
1.250000000000000000e+02 7.000000000000000666e-02 9.989871714920085799e-03 1.875860546291316950e+02 8.782418037996908424e+02 1.731999999999999886e+02
1.250000000000000000e+02 7.000000000000000666e-02 4.034209896462375225e-03 1.333926328651307642e+02 8.710842450795092873e+02 1.731999999999999886e+02
1.250000000000000000e+02 7.000000000000000666e-02 5.801671178744752071e-03 1.843104618479763701e+02 1.465183908536030003e+03 1.731999999999999886e+02
1.250000000000000000e+02 7.000000000000000666e-02 2.413404930535603937e-03 1.919358438593903600e+02 3.885635685686649140e+03 1.731999999999999886e+02
1.250000000000000000e+02 7.000000000000000666e-02 1.711758914030638793e-03 1.281205348771707122e+02 2.021311188413581476e+03 1.731999999999999886e+02
1.250000000000000000e+02 7.000000000000000666e-02 6.434746306484217214e-03 1.104684469696496194e+02 3.186115211678054038e+03 1.731999999999999886e+02
1.250000000000000000e+02 7.000000000000000666e-02 4.537770635333491544e-03 1.430690308388893470e+02 8.965798458020626640e+02 1.731999999999999886e+02
1.250000000000000000e+02 7.000000000000000666e-02 2.612660520806887789e-03 1.706992607731059195e+02 2.484601622952770413e+03 1.731999999999999886e+02
1.250000000000000000e+02 7.000000000000000666e-02 4.661656479868669239e-03 1.841920634147907094e+02 1.813352892877923750e+03 1.731999999999999886e+02
1.250000000000000000e+02 7.000000000000000666e-02 4.146289027750704563e-03 1.132244191246558671e+02 3.461530208805947950e+03 1.731999999999999886e+02
1.250000000000000000e+02 7.000000000000000666e-02 4.354072217630927666e-03 1.157824150017476086e+02 2.467459168073956334e+03 1.731999999999999886e+02
1.250000000000000000e+02 7.000000000000000666e-02 3.398668817277443292e-03 1.533928864104324248e+02 1.383413881532793084e+03 1.731999999999999886e+02
1.250000000000000000e+02 7.000000000000000666e-02 1.880450862054729557e-03 1.663039310844667398e+02 3.377131501522528197e+03 1.731999999999999886e+02
1.250000000000000000e+02 7.000000000000000666e-02 4.184978791851618786e-03 1.250555028519604548e+02 8.831222639143389870e+02 1.731999999999999886e+02
1.250000000000000000e+02 7.000000000000000666e-02 2.156219041171766968e-03 1.680085209233590149e+02 2.924811066641708294e+03 1.731999999999999886e+02
1.250000000000000000e+02 7.000000000000000666e-02 2.107723007481034170e-03 1.193809099102791151e+02 3.592050932013301917e+03 1.731999999999999886e+02
1.250000000000000000e+02 7.000000000000000666e-02 7.639162765599731737e-03 1.511620968041561071e+02 6.072803488520924020e+02 1.731999999999999886e+02
1.250000000000000000e+02 7.000000000000000666e-02 6.087832463874030819e-03 1.170750870031191653e+02 1.502440222708873989e+03 1.731999999999999886e+02
1.250000000000000000e+02 7.000000000000000666e-02 8.134305232042020675e-03 1.334702404781955920e+02 4.308860127829303792e+02 1.731999999999999886e+02
1.250000000000000000e+02 7.000000000000000666e-02 2.530060581014041340e-03 1.241087359852187859e+02 1.716117695304062863e+03 1.731999999999999886e+02
1.250000000000000000e+02 7.000000000000000666e-02 9.905705584764570859e-03 1.843100131896674156e+02 8.279345932263914847e+02 1.731999999999999886e+02
1.250000000000000000e+02 7.000000000000000666e-02 8.392348427075212863e-03 1.708526617249125366e+02 7.885598325045788215e+02 1.731999999999999886e+02
1.250000000000000000e+02 7.000000000000000666e-02 6.472409947842852965e-03 1.110643934740318457e+02 2.994821768514383621e+03 1.731999999999999886e+02
1.250000000000000000e+02 7.000000000000000666e-02 1.339496852901668695e-03 1.594066060038848036e+02 3.970758907992309105e+03 1.731999999999999886e+02
1.250000000000000000e+02 7.000000000000000666e-02 2.124540868195323642e-03 1.223559788294415824e+02 2.392825464255979114e+03 1.731999999999999886e+02
1.250000000000000000e+02 7.000000000000000666e-02 3.730608116300111743e-03 1.917169441508661976e+02 2.556841662820233068e+03 1.731999999999999886e+02
1.250000000000000000e+02 7.000000000000000666e-02 2.349879163469770736e-03 1.846867050575723965e+02 3.662733355417779876e+03 1.731999999999999886e+02
1.250000000000000000e+02 7.000000000000000666e-02 3.570229621622642967e-03 1.757765712129865960e+02 2.004624940667239798e+03 1.731999999999999886e+02
1.250000000000000000e+02 7.000000000000000666e-02 3.495751618875397610e-03 1.965354093167761107e+02 2.830789018918550482e+03 1.731999999999999886e+02
1.250000000000000000e+02 7.000000000000000666e-02 3.904669806331017515e-03 1.896958910568337728e+02 2.300977273730064098e+03 1.731999999999999886e+02
1.250000000000000000e+02 7.000000000000000666e-02 4.357365248160021375e-03 1.895725160203672601e+02 2.147085186271737257e+03 1.731999999999999886e+02
1.250000000000000000e+02 7.000000000000000666e-02 2.002094873506496137e-03 1.753583856903725291e+02 3.701978698291063665e+03 1.731999999999999886e+02
1.250000000000000000e+02 7.000000000000000666e-02 2.106067707368109061e-03 1.799824062447644337e+02 3.613997349187632608e+03 1.731999999999999886e+02
1.250000000000000000e+02 7.000000000000000666e-02 1.238473249649957525e-03 1.387436302288957677e+02 3.026233005398064051e+03 1.731999999999999886e+02
1.250000000000000000e+02 7.000000000000000666e-02 2.071338045263279061e-03 1.337965766693663170e+02 1.701285488560462682e+03 1.731999999999999886e+02
1.250000000000000000e+02 7.000000000000000666e-02 3.206961662232049939e-03 1.472559063132177926e+02 1.419535967201584299e+03 1.731999999999999886e+02
1.250000000000000000e+02 7.000000000000000666e-02 6.478713192777807266e-03 1.829199750592470934e+02 1.225548477755504337e+03 1.731999999999999886e+02
1.250000000000000000e+02 7.000000000000000666e-02 3.426156583636019801e-03 1.620181065781638381e+02 1.620430506337462020e+03 1.731999999999999886e+02
1.250000000000000000e+02 7.000000000000000666e-02 2.924228577050163799e-03 1.684252167364217598e+02 2.107885119442607447e+03 1.731999999999999886e+02
1.250000000000000000e+02 7.000000000000000666e-02 6.694434574311744837e-03 1.301991459759304348e+02 5.175020958581106925e+02 1.731999999999999886e+02
1.250000000000000000e+02 7.000000000000000666e-02 7.644679832062396992e-03 1.554737236219498300e+02 6.375603647060468120e+02 1.731999999999999886e+02
1.250000000000000000e+02 7.000000000000000666e-02 3.389817375351599892e-03 1.894773375881695188e+02 2.583298975162577335e+03 1.731999999999999886e+02
1.250000000000000000e+02 7.000000000000000666e-02 5.526625861923145124e-03 1.262295730445442388e+02 6.497343447886123613e+02 1.731999999999999886e+02
1.250000000000000000e+02 7.000000000000000666e-02 6.774889383312967389e-03 1.696505414659406483e+02 9.546049258011381653e+02 1.731999999999999886e+02
1.250000000000000000e+02 7.000000000000000666e-02 4.189817805747782925e-03 1.571795998038892890e+02 1.208004084307854328e+03 1.731999999999999886e+02
1.250000000000000000e+02 7.000000000000000666e-02 3.751325881124761060e-03 1.359727063234072375e+02 1.000682255902554971e+03 1.731999999999999886e+02
1.250000000000000000e+02 7.000000000000000666e-02 4.681374645674469051e-03 1.652788781857951790e+02 1.289309339273616615e+03 1.731999999999999886e+02
1.250000000000000000e+02 7.000000000000000666e-02 4.215353048374617488e-03 1.217058987161329071e+02 1.356857750591719650e+03 1.731999999999999886e+02
1.250000000000000000e+02 7.000000000000000666e-02 2.907988691684428289e-03 1.798731969662792949e+02 2.697041440239567237e+03 1.731999999999999886e+02
1.250000000000000000e+02 7.000000000000000666e-02 6.979683581846501082e-03 1.116804915291222358e+02 2.500945836350147147e+03 1.731999999999999886e+02
1.250000000000000000e+02 7.000000000000000666e-02 4.392162926286856915e-03 1.170771619143209534e+02 2.193220370464161533e+03 1.731999999999999886e+02
1.250000000000000000e+02 7.000000000000000666e-02 4.246889121471021829e-03 1.912717145890562165e+02 2.296449869098601539e+03 1.731999999999999886e+02
1.250000000000000000e+02 7.000000000000000666e-02 7.046274247376447392e-03 1.138313182694347319e+02 1.856925629192726319e+03 1.731999999999999886e+02
1.250000000000000000e+02 7.000000000000000666e-02 4.213553790385253864e-03 1.618044361514160698e+02 1.344534021585421897e+03 1.731999999999999886e+02
1.250000000000000000e+02 7.000000000000000666e-02 8.754608935169997525e-03 1.163148985879428210e+02 1.109874165318736004e+03 1.731999999999999886e+02
1.250000000000000000e+02 7.000000000000000666e-02 7.290276493938262735e-03 1.723789286729636672e+02 9.688355662753864408e+02 1.731999999999999886e+02
1.250000000000000000e+02 7.000000000000000666e-02 7.087081487205538349e-03 1.901976648984025360e+02 1.246356830833788081e+03 1.731999999999999886e+02
1.250000000000000000e+02 7.000000000000000666e-02 9.614693003439544333e-03 1.079110017145284814e+02 2.752547072646915694e+03 1.731999999999999886e+02
1.250000000000000000e+02 7.000000000000000666e-02 9.790712847853585976e-03 1.084513547143029939e+02 2.622658714961195983e+03 1.731999999999999886e+02
1.250000000000000000e+02 7.000000000000000666e-02 5.876891683526872662e-03 1.163190380289597954e+02 1.749651069399237031e+03 1.731999999999999886e+02
1.250000000000000000e+02 7.000000000000000666e-02 7.390737649274619833e-03 1.144971230024325735e+02 1.757391163859750804e+03 1.731999999999999886e+02
1.250000000000000000e+02 7.000000000000000666e-02 1.739235192230904371e-03 1.691585464167100668e+02 3.842944024110748614e+03 1.731999999999999886e+02
1.250000000000000000e+02 7.000000000000000666e-02 3.336678643227895900e-03 1.984670258982878863e+02 3.123757990518129645e+03 1.731999999999999886e+02
1.250000000000000000e+02 7.000000000000000666e-02 2.147631114720764678e-03 1.295206060813402473e+02 1.658815806137482696e+03 1.731999999999999886e+02
1.250000000000000000e+02 7.000000000000000666e-02 2.345032628660237081e-03 1.494347527470217187e+02 1.881383143438581101e+03 1.731999999999999886e+02
1.250000000000000000e+02 7.000000000000000666e-02 3.585819388430742070e-03 1.758408982020180247e+02 2.015316830034854092e+03 1.731999999999999886e+02
1.250000000000000000e+02 7.000000000000000666e-02 7.138805514733922823e-03 1.105884941680287454e+02 2.842615531830906093e+03 1.731999999999999886e+02
1.250000000000000000e+02 7.000000000000000666e-02 5.183885455348898399e-03 1.958078436422636059e+02 1.914126720654091059e+03 1.731999999999999886e+02
1.250000000000000000e+02 7.000000000000000666e-02 5.551874776695713866e-03 1.187890681960334405e+02 1.431164732240203421e+03 1.731999999999999886e+02
1.250000000000000000e+02 7.000000000000000666e-02 5.591899901127915344e-03 1.180662530011206997e+02 1.556606855622086869e+03 1.731999999999999886e+02
1.250000000000000000e+02 7.000000000000000666e-02 3.525103312182735309e-03 1.949096095346820903e+02 2.724348753874243357e+03 1.731999999999999886e+02
1.250000000000000000e+02 7.000000000000000666e-02 3.762769279744093785e-03 1.131946298320349200e+02 3.814856384737133340e+03 1.731999999999999886e+02
1.250000000000000000e+02 7.000000000000000666e-02 3.950899106234571391e-03 1.147576617859493666e+02 2.958386008289553047e+03 1.731999999999999886e+02
1.250000000000000000e+02 7.000000000000000666e-02 1.794790666061572750e-03 1.768487751734805897e+02 3.998991284475249358e+03 1.731999999999999886e+02
1.250000000000000000e+02 7.000000000000000666e-02 9.279844984772878461e-03 1.080109040646138396e+02 2.800679279927549942e+03 1.731999999999999886e+02
1.250000000000000000e+02 7.000000000000000666e-02 3.470872908542680605e-03 1.360520801693166675e+02 1.068795012125661060e+03 1.731999999999999886e+02
1.250000000000000000e+02 7.000000000000000666e-02 8.195874728711869187e-03 1.697178777075031348e+02 8.242048716655334601e+02 1.731999999999999886e+02
1.250000000000000000e+02 7.000000000000000666e-02 5.953237090354971013e-03 1.688824061983770264e+02 1.101722020475035606e+03 1.731999999999999886e+02
1.250000000000000000e+02 7.000000000000000666e-02 4.047356646897424734e-03 1.799846689639379633e+02 1.881497826586906513e+03 1.731999999999999886e+02
1.250000000000000000e+02 7.000000000000000666e-02 6.481989841429951389e-03 1.098933902328744381e+02 3.424143216209984075e+03 1.731999999999999886e+02
1.250000000000000000e+02 7.000000000000000666e-02 5.978063581950744144e-03 1.149146612549101860e+02 1.931297564417799322e+03 1.731999999999999886e+02
1.250000000000000000e+02 7.000000000000000666e-02 1.422121822200225804e-03 1.246999942251458151e+02 2.908933468893772897e+03 1.731999999999999886e+02
1.250000000000000000e+02 7.000000000000000666e-02 4.646147314016494008e-03 1.285631503791802857e+02 7.579252620947012247e+02 1.731999999999999886e+02
1.250000000000000000e+02 7.000000000000000666e-02 9.877306835554607034e-03 1.088847137911985072e+02 2.482952733858679494e+03 1.731999999999999886e+02
1.250000000000000000e+02 7.000000000000000666e-02 3.923822044704252873e-03 1.925490850723073493e+02 2.426932215768015794e+03 1.731999999999999886e+02
1.250000000000000000e+02 7.000000000000000666e-02 5.803728534988892782e-03 1.155051082322740257e+02 1.959777489108360896e+03 1.731999999999999886e+02
1.250000000000000000e+02 7.000000000000000666e-02 6.622290236136989597e-03 1.942967338637366765e+02 1.489506289912312468e+03 1.731999999999999886e+02
1.250000000000000000e+02 7.000000000000000666e-02 2.059641323221312204e-03 1.703978001608615500e+02 3.172382813502983481e+03 1.731999999999999886e+02
1.250000000000000000e+02 7.000000000000000666e-02 3.548707363382937359e-03 1.966029213868087027e+02 2.927538554578694402e+03 1.731999999999999886e+02
1.250000000000000000e+02 7.000000000000000666e-02 2.533549076757019101e-03 1.887923486365278904e+02 3.445264806748148203e+03 1.731999999999999886e+02
1.250000000000000000e+02 7.000000000000000666e-02 3.370733181212916957e-03 1.334685902718774742e+02 1.065144977888213134e+03 1.731999999999999886e+02
1.250000000000000000e+02 7.000000000000000666e-02 5.747292358965832952e-03 1.644940671374268391e+02 1.025129793302165808e+03 1.731999999999999886e+02
1.250000000000000000e+02 7.000000000000000666e-02 1.768507071320296782e-03 1.472826881435653945e+02 2.573103700538196335e+03 1.731999999999999886e+02
1.250000000000000000e+02 7.000000000000000666e-02 3.973806646049439506e-03 1.455767990851882416e+02 1.067410912646257884e+03 1.731999999999999886e+02
1.250000000000000000e+02 7.000000000000000666e-02 1.790696563925983642e-03 1.564303343381828881e+02 2.934758084887289442e+03 1.731999999999999886e+02
1.250000000000000000e+02 7.000000000000000666e-02 8.357041998315941148e-03 1.921260107411626734e+02 1.163862655978698967e+03 1.731999999999999886e+02
1.250000000000000000e+02 7.000000000000000666e-02 7.637710971266285960e-03 1.676986779610613496e+02 8.299249684927549424e+02 1.731999999999999886e+02
1.250000000000000000e+02 7.000000000000000666e-02 7.846862356853941817e-03 1.990387011941252240e+02 1.385038909127475335e+03 1.731999999999999886e+02
1.250000000000000000e+02 7.000000000000000666e-02 9.310608698937071145e-03 1.667486447045225759e+02 6.380478819793755747e+02 1.731999999999999886e+02
1.250000000000000000e+02 7.000000000000000666e-02 3.991718344425037972e-03 1.982323670686065213e+02 2.631325945696314193e+03 1.731999999999999886e+02
1.250000000000000000e+02 7.000000000000000666e-02 2.698283005619569151e-03 1.656315319489353044e+02 2.234481263152541032e+03 1.731999999999999886e+02
1.250000000000000000e+02 7.000000000000000666e-02 5.128599389334299354e-03 1.121029404946762895e+02 3.214029756051651475e+03 1.731999999999999886e+02
1.250000000000000000e+02 7.000000000000000666e-02 3.855606990162167673e-03 1.906028086809764375e+02 2.462094602060071793e+03 1.731999999999999886e+02
1.250000000000000000e+02 7.000000000000000666e-02 2.473411193197182223e-03 1.805725137348971430e+02 3.238979870735695840e+03 1.731999999999999886e+02
1.250000000000000000e+02 7.000000000000000666e-02 1.151732079057517406e-03 1.382420444834259570e+02 3.299214363769450756e+03 1.731999999999999886e+02
1.250000000000000000e+02 7.000000000000000666e-02 7.822763109356301731e-03 1.203773786938518242e+02 8.213519675391780765e+02 1.731999999999999886e+02
1.250000000000000000e+02 7.000000000000000666e-02 1.787153229152600416e-03 1.606547815217883795e+02 3.100557453506954516e+03 1.731999999999999886e+02
1.250000000000000000e+02 7.000000000000000666e-02 9.675165386992649191e-03 1.943054252394083505e+02 1.037954826290158962e+03 1.731999999999999886e+02
1.250000000000000000e+02 7.000000000000000666e-02 4.382335851037854127e-03 1.185135280985337687e+02 1.911805869097104733e+03 1.731999999999999886e+02
1.250000000000000000e+02 7.000000000000000666e-02 2.082684922748948876e-03 1.491453147265564496e+02 2.100220923648708776e+03 1.731999999999999886e+02
1.250000000000000000e+02 7.000000000000000666e-02 9.763035199420511123e-03 1.728655251047543970e+02 7.283027771083557127e+02 1.731999999999999886e+02
1.250000000000000000e+02 7.000000000000000666e-02 9.862172849785648746e-03 1.822858973050903728e+02 8.019598690322031871e+02 1.731999999999999886e+02
1.250000000000000000e+02 7.000000000000000666e-02 3.517804870854803877e-03 1.804361401997319376e+02 2.275813679961313483e+03 1.731999999999999886e+02
1.250000000000000000e+02 7.000000000000000666e-02 4.588139563911617681e-03 1.904914011264724536e+02 1.936716795269692966e+03 1.731999999999999886e+02
1.250000000000000000e+02 7.000000000000000666e-02 7.047891918224045114e-03 1.373089443424902640e+02 5.099735421755839866e+02 1.731999999999999886e+02
1.250000000000000000e+02 7.000000000000000666e-02 2.352408998033287801e-03 1.684202177978025361e+02 2.656232012221662444e+03 1.731999999999999886e+02
1.250000000000000000e+02 7.000000000000000666e-02 5.442346629134456153e-03 1.118811298727918455e+02 3.200108963946775020e+03 1.731999999999999886e+02
1.250000000000000000e+02 7.000000000000000666e-02 2.351827831681148340e-03 1.180579136125420234e+02 3.456268833613742572e+03 1.731999999999999886e+02
1.250000000000000000e+02 7.000000000000000666e-02 2.783734261626355511e-03 1.700334949345538575e+02 2.300723542847043063e+03 1.731999999999999886e+02
1.250000000000000000e+02 7.000000000000000666e-02 2.000806004025677733e-03 1.690328542399762739e+02 3.218556109173286131e+03 1.731999999999999886e+02
1.250000000000000000e+02 7.000000000000000666e-02 5.738398790554491251e-03 1.997155005145353641e+02 1.873485900755624016e+03 1.731999999999999886e+02
1.250000000000000000e+02 7.000000000000000666e-02 2.085308059130686151e-03 1.188097004748776726e+02 3.759984517434955251e+03 1.731999999999999886e+02
1.250000000000000000e+02 7.000000000000000666e-02 5.839532968812321742e-03 1.907848077140614578e+02 1.551882787760819156e+03 1.731999999999999886e+02
1.250000000000000000e+02 7.000000000000000666e-02 5.662730550002777197e-03 1.805057631884771467e+02 1.344585343518046329e+03 1.731999999999999886e+02
1.250000000000000000e+02 7.000000000000000666e-02 6.887644631336750298e-03 1.681438211288731850e+02 9.027780676126612889e+02 1.731999999999999886e+02
1.250000000000000000e+02 7.000000000000000666e-02 7.547939949168098323e-03 1.786654461591792256e+02 9.996482289709587121e+02 1.731999999999999886e+02
1.250000000000000000e+02 7.000000000000000666e-02 4.811882164067913734e-03 1.521298938368185532e+02 1.006035142957744597e+03 1.731999999999999886e+02
1.250000000000000000e+02 7.000000000000000666e-02 2.096063602827120693e-03 1.209519378989873530e+02 2.992727844807920974e+03 1.731999999999999886e+02
1.250000000000000000e+02 7.000000000000000666e-02 2.834862232007619338e-03 1.733315256290439379e+02 2.378324050139466181e+03 1.731999999999999886e+02
1.250000000000000000e+02 7.000000000000000666e-02 9.148937942111731725e-03 1.905627823627705482e+02 9.950959844873285647e+02 1.731999999999999886e+02
1.250000000000000000e+02 7.000000000000000666e-02 9.356738917940069303e-03 1.332979813155589284e+02 3.652721051678957451e+02 1.731999999999999886e+02
1.250000000000000000e+02 7.000000000000000666e-02 3.824521390304933769e-03 1.142311968562848961e+02 3.400826583748698340e+03 1.731999999999999886e+02
1.250000000000000000e+02 7.000000000000000666e-02 2.572465308847707733e-03 1.313876023952736318e+02 1.306100345110568469e+03 1.731999999999999886e+02
1.250000000000000000e+02 7.000000000000000666e-02 5.842770595067206182e-03 1.107280979653621813e+02 3.197696507082024254e+03 1.731999999999999886e+02
1.250000000000000000e+02 7.000000000000000666e-02 4.921281492186778753e-03 1.795697506077122512e+02 1.585055877883535231e+03 1.731999999999999886e+02
1.250000000000000000e+02 7.000000000000000666e-02 9.784471492970715778e-03 1.790129916954496139e+02 7.509699396895271093e+02 1.731999999999999886e+02
1.250000000000000000e+02 7.000000000000000666e-02 9.449467909956458730e-03 1.954228003820239792e+02 1.017376709777554083e+03 1.731999999999999886e+02
1.250000000000000000e+02 7.000000000000000666e-02 7.339566536150539389e-03 1.955550734803512967e+02 1.414104453091929372e+03 1.731999999999999886e+02
1.250000000000000000e+02 7.000000000000000666e-02 4.937474128657343315e-03 1.725856402739679822e+02 1.350632415815420472e+03 1.731999999999999886e+02
1.250000000000000000e+02 7.000000000000000666e-02 4.312061093021032562e-03 1.534918840539251050e+02 1.124521722266602183e+03 1.731999999999999886e+02
1.250000000000000000e+02 7.000000000000000666e-02 1.558069067143045498e-03 1.302843010328720084e+02 2.201688466184136360e+03 1.731999999999999886e+02
1.250000000000000000e+02 7.000000000000000666e-02 5.604351531022087017e-03 1.506809386552603769e+02 8.575566024638026192e+02 1.731999999999999886e+02
1.250000000000000000e+02 7.000000000000000666e-02 4.995208177401591794e-03 1.257196811998116459e+02 7.481275241992398151e+02 1.731999999999999886e+02
1.250000000000000000e+02 7.000000000000000666e-02 6.834831080156507713e-03 1.455531232253380836e+02 6.229810593486364496e+02 1.731999999999999886e+02
1.250000000000000000e+02 7.000000000000000666e-02 4.334833689425424477e-03 1.980882759343014641e+02 2.365896168171818772e+03 1.731999999999999886e+02
1.250000000000000000e+02 7.000000000000000666e-02 1.968535821490671484e-03 1.677578700649094969e+02 3.207118457537194899e+03 1.731999999999999886e+02
1.250000000000000000e+02 7.000000000000000666e-02 1.790811667782918597e-03 1.702597836286367681e+02 3.828124288122388407e+03 1.731999999999999886e+02
1.250000000000000000e+02 7.000000000000000666e-02 2.158113790904419346e-03 1.790253046301480140e+02 3.510574841034047040e+03 1.731999999999999886e+02
1.250000000000000000e+02 7.000000000000000666e-02 2.821856043436223559e-03 1.161159633655806829e+02 3.773135728055161962e+03 1.731999999999999886e+02
1.250000000000000000e+02 7.000000000000000666e-02 2.486097567902236568e-03 1.175047281950552218e+02 3.687539696425507827e+03 1.731999999999999886e+02
1.250000000000000000e+02 7.000000000000000666e-02 1.501642533989851333e-03 1.663199750586926484e+02 3.984619354812864913e+03 1.731999999999999886e+02
1.250000000000000000e+02 7.000000000000000666e-02 4.228790389702220646e-03 1.817532807648096309e+02 1.824119701768407367e+03 1.731999999999999886e+02
1.250000000000000000e+02 7.000000000000000666e-02 1.683863730467352257e-03 1.571441419508000195e+02 3.127188717488240400e+03 1.731999999999999886e+02
1.250000000000000000e+02 7.000000000000000666e-02 9.726829064891960933e-03 1.599657710044708949e+02 5.577916045017720990e+02 1.731999999999999886e+02
1.250000000000000000e+02 7.000000000000000666e-02 5.063539110842635131e-03 1.108823799707016775e+02 3.883342356201796520e+03 1.731999999999999886e+02
1.250000000000000000e+02 7.000000000000000666e-02 3.086798392293442495e-03 1.150198161543012532e+02 3.870625266294017365e+03 1.731999999999999886e+02
1.250000000000000000e+02 7.000000000000000666e-02 6.567565476114515036e-03 1.932240627646976918e+02 1.414068831480641165e+03 1.731999999999999886e+02
1.250000000000000000e+02 7.000000000000000666e-02 7.269109345743153885e-03 1.490278032060288069e+02 6.188296151785243637e+02 1.731999999999999886e+02
1.250000000000000000e+02 7.000000000000000666e-02 7.981890254296162418e-03 1.597032103356126811e+02 6.837894800972787834e+02 1.731999999999999886e+02
1.250000000000000000e+02 7.000000000000000666e-02 2.035324142463988337e-03 1.681873302246211779e+02 3.259972582454102849e+03 1.731999999999999886e+02
1.250000000000000000e+02 7.000000000000000666e-02 2.360942015817004379e-03 1.358174106748540169e+02 1.547958419752720147e+03 1.731999999999999886e+02
1.250000000000000000e+02 7.000000000000000666e-02 3.366667904105127840e-03 1.832421458301594157e+02 2.542717561294169172e+03 1.731999999999999886e+02
1.250000000000000000e+02 7.000000000000000666e-02 2.423965538216251228e-03 1.646235557275835220e+02 2.520716031367458527e+03 1.731999999999999886e+02
1.250000000000000000e+02 7.000000000000000666e-02 4.016212889917962145e-03 1.248404445381989092e+02 9.454052012979285564e+02 1.731999999999999886e+02
1.250000000000000000e+02 7.000000000000000666e-02 2.876391319718033142e-03 1.519966236755111879e+02 1.619143318775608350e+03 1.731999999999999886e+02
1.250000000000000000e+02 7.000000000000000666e-02 8.578003855892772297e-03 1.890751902677899352e+02 1.065744234877772442e+03 1.731999999999999886e+02
1.250000000000000000e+02 7.000000000000000666e-02 8.318152692117070784e-03 1.846591979027316484e+02 1.050519086457532239e+03 1.731999999999999886e+02
1.250000000000000000e+02 7.000000000000000666e-02 3.568529457533470717e-03 1.795395211722985209e+02 2.108427122909210084e+03 1.731999999999999886e+02
1.250000000000000000e+02 7.000000000000000666e-02 3.560597012513497164e-03 1.860996273626783193e+02 2.481221395314980782e+03 1.731999999999999886e+02
1.250000000000000000e+02 7.000000000000000666e-02 1.936351540146423900e-03 1.666226846630435148e+02 3.315324719834941789e+03 1.731999999999999886e+02
1.250000000000000000e+02 7.000000000000000666e-02 6.718804548975539602e-03 1.916647709356309122e+02 1.428552618799869833e+03 1.731999999999999886e+02
1.250000000000000000e+02 7.000000000000000666e-02 4.178858760212826422e-03 1.248447539542924858e+02 9.377351672537530476e+02 1.731999999999999886e+02
1.250000000000000000e+02 7.000000000000000666e-02 5.045461747684012142e-03 1.807177073442193773e+02 1.618836265307783606e+03 1.731999999999999886e+02
1.250000000000000000e+02 7.000000000000000666e-02 2.749002385246311804e-03 1.935468326774189052e+02 3.440896619532992645e+03 1.731999999999999886e+02
1.250000000000000000e+02 7.000000000000000666e-02 2.569382579409739201e-03 1.940747362195378685e+02 3.711223659782332561e+03 1.731999999999999886e+02
1.250000000000000000e+02 7.000000000000000666e-02 9.968887838902732931e-03 1.263646569673074822e+02 3.667994478690706046e+02 1.731999999999999886e+02
1.250000000000000000e+02 7.000000000000000666e-02 5.290331237721481936e-03 1.519857513966256590e+02 9.306125794874025132e+02 1.731999999999999886e+02
1.250000000000000000e+02 7.000000000000000666e-02 7.560375468768205931e-03 1.093001885844998213e+02 2.926729859411279449e+03 1.731999999999999886e+02
1.250000000000000000e+02 7.000000000000000666e-02 7.560625425505074389e-03 1.136410041847018846e+02 1.738057960348296319e+03 1.731999999999999886e+02
1.250000000000000000e+02 7.000000000000000666e-02 9.348193734764033772e-04 1.302789863747530035e+02 3.596350330508401385e+03 1.731999999999999886e+02
1.250000000000000000e+02 7.000000000000000666e-02 5.799803070414279518e-03 1.448944192272312819e+02 6.926612019431739782e+02 1.731999999999999886e+02
1.250000000000000000e+02 7.000000000000000666e-02 3.286425737814445327e-03 1.524792297300734276e+02 1.453566015341507182e+03 1.731999999999999886e+02
1.250000000000000000e+02 7.000000000000000666e-02 4.260401922215637655e-03 1.928270217537771600e+02 2.198532726992775224e+03 1.731999999999999886e+02
1.250000000000000000e+02 7.000000000000000666e-02 7.385974770459886873e-03 1.104520528535872188e+02 2.570169745477857305e+03 1.731999999999999886e+02
1.250000000000000000e+02 7.000000000000000666e-02 2.108488914803683702e-03 1.792265195934422763e+02 3.718641998924351356e+03 1.731999999999999886e+02
1.250000000000000000e+02 7.000000000000000666e-02 4.519298863786533338e-03 1.330252780154403354e+02 7.554204648869706489e+02 1.731999999999999886e+02
1.250000000000000000e+02 7.000000000000000666e-02 4.685468901492930577e-03 1.206866493150990038e+02 1.376738900444910541e+03 1.731999999999999886e+02
1.250000000000000000e+02 7.000000000000000666e-02 3.488864891902450707e-03 1.919978488657777120e+02 2.682588434279295598e+03 1.731999999999999886e+02
1.250000000000000000e+02 7.000000000000000666e-02 2.135122524869520824e-03 1.723555446535740430e+02 3.231837792199275555e+03 1.731999999999999886e+02
1.250000000000000000e+02 7.000000000000000666e-02 5.479345805744259557e-03 1.434843187536002347e+02 7.565954223070465332e+02 1.731999999999999886e+02
1.250000000000000000e+02 7.000000000000000666e-02 6.119850651684880134e-03 1.880071100697239217e+02 1.405635673740093580e+03 1.731999999999999886e+02
1.250000000000000000e+02 7.000000000000000666e-02 8.093802676322132614e-03 1.138847500904164178e+02 1.715997339393273705e+03 1.731999999999999886e+02
1.250000000000000000e+02 7.000000000000000666e-02 4.668697520754497114e-03 1.699416390806622417e+02 1.433559245647381431e+03 1.731999999999999886e+02
1.250000000000000000e+02 7.000000000000000666e-02 3.354466776198527719e-03 1.168050149239847997e+02 3.009382645366839370e+03 1.731999999999999886e+02
1.250000000000000000e+02 7.000000000000000666e-02 3.384689997026291575e-03 1.837322466171739848e+02 2.483899967266014755e+03 1.731999999999999886e+02
1.250000000000000000e+02 7.000000000000000666e-02 5.811632523214347451e-03 1.851470850953649858e+02 1.451370216413180060e+03 1.731999999999999886e+02
1.250000000000000000e+02 7.000000000000000666e-02 7.574202323762340219e-03 1.944190595244432700e+02 1.328292944536655341e+03 1.731999999999999886e+02
1.250000000000000000e+02 7.000000000000000666e-02 3.802591477237439802e-03 1.991857752375760242e+02 2.717019074538316545e+03 1.731999999999999886e+02
1.250000000000000000e+02 7.000000000000000666e-02 6.061079004799932619e-03 1.713851677299404912e+02 1.108425635891439924e+03 1.731999999999999886e+02
1.250000000000000000e+02 7.000000000000000666e-02 9.165310395671677143e-03 1.117995430272567035e+02 1.828294054781622435e+03 1.731999999999999886e+02
1.250000000000000000e+02 7.000000000000000666e-02 5.130906177874103649e-03 1.801519018008077353e+02 1.467191531709292803e+03 1.731999999999999886e+02
1.250000000000000000e+02 7.000000000000000666e-02 2.190903684868427716e-03 1.790479102154532995e+02 3.562620364227141181e+03 1.731999999999999886e+02
1.250000000000000000e+02 7.000000000000000666e-02 8.940560783616106205e-03 1.781726908823312101e+02 8.649079277219300366e+02 1.731999999999999886e+02
1.250000000000000000e+02 7.000000000000000666e-02 2.396501252329351957e-03 1.667065756492892206e+02 2.673254715249196124e+03 1.731999999999999886e+02
1.250000000000000000e+02 7.000000000000000666e-02 3.852702260501265907e-03 1.386714355290221761e+02 9.990606734884663638e+02 1.731999999999999886e+02
1.250000000000000000e+02 7.000000000000000666e-02 3.376548232361191969e-03 1.978233695509995869e+02 3.042060082145836077e+03 1.731999999999999886e+02
1.250000000000000000e+02 7.000000000000000666e-02 8.983837710768538369e-04 1.324750268026019455e+02 3.768678054578775573e+03 1.731999999999999886e+02
1.250000000000000000e+02 7.000000000000000666e-02 5.103401318559134398e-03 1.454049044738869725e+02 8.428734617065547354e+02 1.731999999999999886e+02
1.250000000000000000e+02 7.000000000000000666e-02 6.037607157517921840e-03 1.564608032203029495e+02 8.600177315324874598e+02 1.731999999999999886e+02
1.250000000000000000e+02 7.000000000000000666e-02 1.266561849093274456e-03 1.480158495314018410e+02 3.522845400278213674e+03 1.731999999999999886e+02
1.250000000000000000e+02 7.000000000000000666e-02 5.242837978822931753e-03 1.753030504937250953e+02 1.347945807807200936e+03 1.731999999999999886e+02
1.250000000000000000e+02 7.000000000000000666e-02 7.891798052656629273e-03 1.811068505068135437e+02 9.652339019205129489e+02 1.731999999999999886e+02
1.250000000000000000e+02 7.000000000000000666e-02 8.147148842089385959e-03 1.068390556670122891e+02 3.646575392130375803e+03 1.731999999999999886e+02
1.250000000000000000e+02 7.000000000000000666e-02 1.018630234095778105e-03 1.396645821049377787e+02 3.839650655458312031e+03 1.731999999999999886e+02
1.250000000000000000e+02 7.000000000000000666e-02 2.292516330487927474e-03 1.454299837716831689e+02 1.836210851903124421e+03 1.731999999999999886e+02
1.250000000000000000e+02 7.000000000000000666e-02 3.365693447497595300e-03 1.939802695129842505e+02 2.876437682280133686e+03 1.731999999999999886e+02
1.250000000000000000e+02 7.000000000000000666e-02 7.549866622855375478e-03 1.534526826039567027e+02 6.498248401726249313e+02 1.731999999999999886e+02
1.250000000000000000e+02 7.000000000000000666e-02 2.594921109976847107e-03 1.580568566188323132e+02 1.987025394305090003e+03 1.731999999999999886e+02
1.250000000000000000e+02 7.000000000000000666e-02 2.548277877194035992e-03 1.725148168946481633e+02 2.793140105884476270e+03 1.731999999999999886e+02
1.250000000000000000e+02 7.000000000000000666e-02 9.274267782979737570e-03 1.635240614790166944e+02 6.033296706196305195e+02 1.731999999999999886e+02
1.250000000000000000e+02 7.000000000000000666e-02 2.349956393464500397e-03 1.324725786220283226e+02 1.528463245113355697e+03 1.731999999999999886e+02
1.250000000000000000e+02 7.000000000000000666e-02 3.314551113640373803e-03 1.962485013423044506e+02 2.951511169712120136e+03 1.731999999999999886e+02
1.250000000000000000e+02 7.000000000000000666e-02 6.164890542091384928e-03 1.117910407384111124e+02 2.891336786360012866e+03 1.731999999999999886e+02
1.250000000000000000e+02 7.000000000000000666e-02 1.742168109625605787e-03 1.217656054485274524e+02 3.127232951935409801e+03 1.731999999999999886e+02
1.250000000000000000e+02 7.000000000000000666e-02 4.876349138574355424e-03 1.110403519456348249e+02 3.764380941737065768e+03 1.731999999999999886e+02
1.250000000000000000e+02 7.000000000000000666e-02 4.366548041738626922e-03 1.479406027613821379e+02 9.795235923802372326e+02 1.731999999999999886e+02
1.250000000000000000e+02 7.000000000000000666e-02 4.618619045854900629e-03 1.303351638044501613e+02 7.743097605460343402e+02 1.731999999999999886e+02
1.250000000000000000e+02 7.000000000000000666e-02 8.098649983931763621e-03 1.447250527777203502e+02 5.053302469802782753e+02 1.731999999999999886e+02
1.250000000000000000e+02 7.000000000000000666e-02 4.748526545483167625e-03 1.964143198195095579e+02 2.187341213909227008e+03 1.731999999999999886e+02
1.250000000000000000e+02 7.000000000000000666e-02 7.287608723612804332e-03 1.532181813347802404e+02 6.914748475901011489e+02 1.731999999999999886e+02
1.250000000000000000e+02 7.000000000000000666e-02 5.129552036032894446e-03 1.489293781478096719e+02 9.013451318894527731e+02 1.731999999999999886e+02
1.250000000000000000e+02 7.000000000000000666e-02 8.381179824688479718e-03 1.448795630162263990e+02 5.072055363755074495e+02 1.731999999999999886e+02
1.250000000000000000e+02 7.000000000000000666e-02 3.199611092096788737e-03 1.639000907782470051e+02 1.847765654583419291e+03 1.731999999999999886e+02
1.250000000000000000e+02 7.000000000000000666e-02 7.503894308871081158e-03 1.139698562346740545e+02 1.772924197665158545e+03 1.731999999999999886e+02
1.250000000000000000e+02 7.000000000000000666e-02 1.629740858321358614e-03 1.614768518012016898e+02 3.407198796999779006e+03 1.731999999999999886e+02
1.250000000000000000e+02 7.000000000000000666e-02 8.799609243366122296e-03 1.109244020637997323e+02 2.079676681620254840e+03 1.731999999999999886e+02
1.250000000000000000e+02 7.000000000000000666e-02 9.119973559784654363e-03 1.083438436715273099e+02 2.866352798414112840e+03 1.731999999999999886e+02
1.250000000000000000e+02 7.000000000000000666e-02 4.200534613479028553e-03 1.253301175064082145e+02 9.263170512441454321e+02 1.731999999999999886e+02
1.250000000000000000e+02 7.000000000000000666e-02 9.121332727709397306e-03 1.278872816097134404e+02 3.864715896317649708e+02 1.731999999999999886e+02
1.250000000000000000e+02 7.000000000000000666e-02 2.128605209151848178e-03 1.769751868459928801e+02 3.525261612885609338e+03 1.731999999999999886e+02
1.250000000000000000e+02 7.000000000000000666e-02 7.714734499828124203e-03 1.102274500258469772e+02 2.699088278474780054e+03 1.731999999999999886e+02
1.250000000000000000e+02 7.000000000000000666e-02 3.909389852972703847e-03 1.596284490585738922e+02 1.430243448783709709e+03 1.731999999999999886e+02
1.250000000000000000e+02 7.000000000000000666e-02 6.779787198894832688e-03 1.145917014420224689e+02 1.819355507756588622e+03 1.731999999999999886e+02
1.250000000000000000e+02 7.000000000000000666e-02 8.196198617484625956e-03 1.335184947038276277e+02 4.337284214139139067e+02 1.731999999999999886e+02
1.250000000000000000e+02 7.000000000000000666e-02 6.332599145169951101e-03 1.227120071659814471e+02 7.752422954364579937e+02 1.731999999999999886e+02
1.250000000000000000e+02 7.000000000000000666e-02 6.402653914137234996e-03 1.902261426068658920e+02 1.462792308851313692e+03 1.731999999999999886e+02
1.250000000000000000e+02 7.000000000000000666e-02 8.853962874664850907e-03 1.379624021559657479e+02 4.016134964602811124e+02 1.731999999999999886e+02
1.250000000000000000e+02 7.000000000000000666e-02 4.176887810327663264e-03 1.165134106871036437e+02 2.491316359720283344e+03 1.731999999999999886e+02
1.250000000000000000e+02 7.000000000000000666e-02 6.815729767759947169e-03 1.445717885479305949e+02 6.159740258113015443e+02 1.731999999999999886e+02
1.250000000000000000e+02 7.000000000000000666e-02 5.914222889568899674e-03 1.961246286427626728e+02 1.650933342213668766e+03 1.731999999999999886e+02
1.250000000000000000e+02 7.000000000000000666e-02 2.000054839493901719e-03 1.424188086886159681e+02 1.999742694533288613e+03 1.731999999999999886e+02
1.250000000000000000e+02 7.000000000000000666e-02 5.694074276959646547e-03 1.631584392735889821e+02 1.009695556909802463e+03 1.731999999999999886e+02
1.250000000000000000e+02 7.000000000000000666e-02 8.232686469439913501e-03 1.904131866330790785e+02 1.152945559724858867e+03 1.731999999999999886e+02
1.250000000000000000e+02 7.000000000000000666e-02 5.184929264209287708e-03 1.796245538889896523e+02 1.504854637876997003e+03 1.731999999999999886e+02
1.250000000000000000e+02 7.000000000000000666e-02 1.896764546148686174e-03 1.322050359944268507e+02 1.923069728153858023e+03 1.731999999999999886e+02
1.250000000000000000e+02 7.000000000000000666e-02 4.042686833590665441e-03 1.949338366161124441e+02 2.425635699566900257e+03 1.731999999999999886e+02
1.250000000000000000e+02 7.000000000000000666e-02 3.270054059901272847e-03 1.976154813245184698e+02 3.179775575109557849e+03 1.731999999999999886e+02
1.250000000000000000e+02 7.000000000000000666e-02 6.190516423470369088e-03 1.832311284875265187e+02 1.285813071039865235e+03 1.731999999999999886e+02
1.250000000000000000e+02 7.000000000000000666e-02 4.837332027593500144e-03 1.261072606233944242e+02 7.204595926953394383e+02 1.731999999999999886e+02
1.250000000000000000e+02 7.000000000000000666e-02 2.100927378516967599e-03 1.404808413799262894e+02 1.886457373309490549e+03 1.731999999999999886e+02
1.250000000000000000e+02 7.000000000000000666e-02 1.245311759638350300e-03 1.382531707790893165e+02 3.144644792835790213e+03 1.731999999999999886e+02
1.250000000000000000e+02 7.000000000000000666e-02 8.226348056560169389e-03 1.069846799063955700e+02 3.720013904960859236e+03 1.731999999999999886e+02
1.250000000000000000e+02 7.000000000000000666e-02 1.686364943623862734e-03 1.653115335207681085e+02 3.560658095993374900e+03 1.731999999999999886e+02
1.250000000000000000e+02 7.000000000000000666e-02 2.748676639081272955e-03 1.165673780842674887e+02 3.571700115615991763e+03 1.731999999999999886e+02
1.250000000000000000e+02 7.000000000000000666e-02 4.401309199656590690e-03 1.775799665786921651e+02 1.714664638919791742e+03 1.731999999999999886e+02
1.250000000000000000e+02 7.000000000000000666e-02 9.764568781548987365e-04 1.400382839121242000e+02 3.838773367107715330e+03 1.731999999999999886e+02
1.250000000000000000e+02 7.000000000000000666e-02 6.507854166355478420e-03 1.673384018914616149e+02 9.660681289272532695e+02 1.731999999999999886e+02
1.250000000000000000e+02 7.000000000000000666e-02 7.329999699100031574e-03 1.138686108376450790e+02 1.833459497432475700e+03 1.731999999999999886e+02
1.250000000000000000e+02 7.000000000000000666e-02 2.733628427576514659e-03 1.682428842305114927e+02 2.298449679456078229e+03 1.731999999999999886e+02
1.250000000000000000e+02 7.000000000000000666e-02 6.348688629297581827e-03 1.270498948102555801e+02 5.604950313790903920e+02 1.731999999999999886e+02
1.250000000000000000e+02 7.000000000000000666e-02 7.720088971283880531e-03 1.072849262617518065e+02 3.797134930328877090e+03 1.731999999999999886e+02
1.250000000000000000e+02 7.000000000000000666e-02 7.420536071831611985e-03 1.102294656723274215e+02 2.875047251051261355e+03 1.731999999999999886e+02
1.250000000000000000e+02 7.000000000000000666e-02 9.046384516843936768e-03 1.519074918086891444e+02 5.235332366700089324e+02 1.731999999999999886e+02
1.250000000000000000e+02 7.000000000000000666e-02 5.885944361849532701e-03 1.692866881957686189e+02 1.133569022830224412e+03 1.731999999999999886e+02
1.250000000000000000e+02 7.000000000000000666e-02 4.539193932530991189e-03 1.378947411381577979e+02 7.966192480998888641e+02 1.731999999999999886e+02
1.250000000000000000e+02 7.000000000000000666e-02 5.144692057999701584e-03 1.542410324419085157e+02 9.286487489862932989e+02 1.731999999999999886e+02
1.250000000000000000e+02 7.000000000000000666e-02 2.467371517633754324e-03 1.756341825395501246e+02 3.052623190752308801e+03 1.731999999999999886e+02
1.250000000000000000e+02 7.000000000000000666e-02 2.578974291255076417e-03 1.677257262169175647e+02 2.423308819959305765e+03 1.731999999999999886e+02
1.250000000000000000e+02 7.000000000000000666e-02 1.809150689256421940e-03 1.477480016150699953e+02 2.472484988706500644e+03 1.731999999999999886e+02
1.250000000000000000e+02 7.000000000000000666e-02 4.244399908977680713e-03 1.782663838324027097e+02 1.741129032648331986e+03 1.731999999999999886e+02
1.250000000000000000e+02 7.000000000000000666e-02 2.194686589546649292e-03 1.849757446555390743e+02 3.742421160675929059e+03 1.731999999999999886e+02
1.250000000000000000e+02 7.000000000000000666e-02 2.134113974165977468e-03 1.557479919325238029e+02 2.304154352639433910e+03 1.731999999999999886e+02
1.250000000000000000e+02 7.000000000000000666e-02 9.716122279570098622e-03 1.857748019395211543e+02 8.874460885771777612e+02 1.731999999999999886e+02
