1.250000000000000000e+02 7.000000000000000666e-02 1.929637764263440747e-01 1.108659411792711580e+03 9.433127251267756947e+03 1.731999999999999886e+02
1.250000000000000000e+02 7.000000000000000666e-02 9.645905649516788305e-01 2.492638666787566763e+03 9.979158645079129201e+03 1.731999999999999886e+02
1.250000000000000000e+02 7.000000000000000666e-02 8.312229688467566158e-01 2.039726778483309545e+03 3.872738265247937761e+03 1.731999999999999886e+02
1.250000000000000000e+02 7.000000000000000666e-02 9.302813053924920972e-01 2.139161115381813033e+03 1.966288058856721364e+03 1.731999999999999886e+02
1.250000000000000000e+02 7.000000000000000666e-02 9.509236494380051141e-01 2.388954350942889505e+03 9.232322469407370590e+03 1.731999999999999886e+02
1.250000000000000000e+02 7.000000000000000666e-02 6.968046461316647067e-01 1.691428508919229444e+03 3.066029576879666820e+03 1.731999999999999886e+02
1.250000000000000000e+02 7.000000000000000666e-02 9.434014667798156228e-01 2.254567151761104469e+03 5.664440292792201035e+03 1.731999999999999886e+02
1.250000000000000000e+02 7.000000000000000666e-02 7.743840457647372943e-01 1.811478729151448078e+03 1.262853450959194788e+03 1.731999999999999886e+02
1.250000000000000000e+02 7.000000000000000666e-02 7.902730116114526915e-01 1.884439559260610849e+03 3.585970129670020469e+03 1.731999999999999886e+02
1.250000000000000000e+02 7.000000000000000666e-02 5.587459633341662624e-01 1.447100288944620615e+03 3.095811422285085882e+03 1.731999999999999886e+02
1.250000000000000000e+02 7.000000000000000666e-02 8.276949029189824003e-01 1.998120294477334483e+03 1.758271964809781366e+03 1.731999999999999886e+02
1.250000000000000000e+02 7.000000000000000666e-02 8.894842242141339783e-01 2.135803376121277324e+03 4.836904776881552607e+03 1.731999999999999886e+02
1.250000000000000000e+02 7.000000000000000666e-02 5.081937529461770797e-01 1.377505347842591846e+03 4.217287216328179966e+03 1.731999999999999886e+02
1.250000000000000000e+02 7.000000000000000666e-02 4.867890615654805186e-01 1.216089327078937004e+03 2.435743550089463497e+03 1.731999999999999886e+02
1.250000000000000000e+02 7.000000000000000666e-02 6.525925226171381821e-01 1.587636449899066520e+03 1.742868091317824110e+03 1.731999999999999886e+02
1.250000000000000000e+02 7.000000000000000666e-02 7.659669849443817569e-01 2.052598143869721753e+03 9.234352602900553393e+03 1.731999999999999886e+02
1.250000000000000000e+02 7.000000000000000666e-02 2.669067838839418449e-01 1.046991228308265136e+03 4.994347151144294912e+03 1.731999999999999886e+02
1.250000000000000000e+02 7.000000000000000666e-02 9.408907860828321645e-01 2.462603548844847410e+03 9.432106261151764556e+03 1.731999999999999886e+02
1.250000000000000000e+02 7.000000000000000666e-02 9.435500983958740040e-01 2.239083699285930379e+03 1.119346996917839533e+03 1.731999999999999886e+02
1.250000000000000000e+02 7.000000000000000666e-02 7.338326610965170138e-01 1.811511842347178572e+03 3.897148466225175980e+03 1.731999999999999886e+02
1.250000000000000000e+02 7.000000000000000666e-02 6.622769986919144758e-01 1.629971474220486016e+03 3.874729131567449258e+03 1.731999999999999886e+02
1.250000000000000000e+02 7.000000000000000666e-02 4.021232983075994638e-01 1.380358871150770710e+03 7.248230178237289692e+03 1.731999999999999886e+02
1.250000000000000000e+02 7.000000000000000666e-02 9.991056139470081421e-01 2.312641037895943555e+03 4.034632632913017915e+03 1.731999999999999886e+02
1.250000000000000000e+02 7.000000000000000666e-02 6.257014372393945312e-01 1.744783351059879806e+03 7.432010270498969476e+03 1.731999999999999886e+02
1.250000000000000000e+02 7.000000000000000666e-02 6.514262433422213228e-01 1.705787720956160683e+03 5.778394126302751829e+03 1.731999999999999886e+02
1.250000000000000000e+02 7.000000000000000666e-02 3.661193211857437513e-01 1.273926775565593516e+03 6.157843901809782437e+03 1.731999999999999886e+02
1.250000000000000000e+02 7.000000000000000666e-02 3.512779198864082741e-01 1.265598501074156957e+03 6.638579371672873094e+03 1.731999999999999886e+02
1.250000000000000000e+02 7.000000000000000666e-02 9.916926323126541432e-01 2.410833411240599162e+03 5.382542743430768496e+03 1.731999999999999886e+02
1.250000000000000000e+02 7.000000000000000666e-02 6.828261670135070682e-01 1.641015984696150554e+03 2.632248133391203282e+03 1.731999999999999886e+02
1.250000000000000000e+02 7.000000000000000666e-02 6.125918550985995914e-01 1.763286435054702451e+03 7.481734661661261271e+03 1.731999999999999886e+02
1.250000000000000000e+02 7.000000000000000666e-02 8.779088372025937170e-01 2.010390915613516427e+03 2.936271894552139202e+03 1.731999999999999886e+02
1.250000000000000000e+02 7.000000000000000666e-02 9.591857677101247592e-01 2.211470468254845855e+03 1.033921595416911941e+03 1.731999999999999886e+02
1.250000000000000000e+02 7.000000000000000666e-02 9.592553176305378404e-01 2.509307836813030917e+03 9.739256902122389874e+03 1.731999999999999886e+02
1.250000000000000000e+02 7.000000000000000666e-02 7.994468915362170636e-01 1.849716857621982399e+03 2.186907350628247968e+03 1.731999999999999886e+02
1.250000000000000000e+02 7.000000000000000666e-02 9.703511977832105506e-01 2.344249870843395001e+03 3.496162811679439983e+03 1.731999999999999886e+02
1.250000000000000000e+02 7.000000000000000666e-02 7.634950733840212278e-01 1.925816766082746199e+03 4.726748368056099935e+03 1.731999999999999886e+02
1.250000000000000000e+02 7.000000000000000666e-02 9.480456676464477095e-01 2.174175026384356897e+03 2.489520856387553067e+03 1.731999999999999886e+02
1.250000000000000000e+02 7.000000000000000666e-02 7.528635515080036589e-01 1.864398424940073937e+03 4.302096505759183856e+03 1.731999999999999886e+02
1.250000000000000000e+02 7.000000000000000666e-02 5.230649363930763851e-01 1.549462430103021234e+03 5.602136210866504371e+03 1.731999999999999886e+02
1.250000000000000000e+02 7.000000000000000666e-02 9.632526127623778356e-01 2.426184245986675705e+03 8.145633902067917006e+03 1.731999999999999886e+02
1.250000000000000000e+02 7.000000000000000666e-02 8.113341001532186070e-01 2.099992787610021878e+03 8.631327804761407606e+03 1.731999999999999886e+02
1.250000000000000000e+02 7.000000000000000666e-02 6.668845669035941004e-01 1.859469179895866546e+03 7.868266295452507620e+03 1.731999999999999886e+02
1.250000000000000000e+02 7.000000000000000666e-02 6.183477167489992432e-01 1.770912655499680568e+03 6.960089564575088843e+03 1.731999999999999886e+02
1.250000000000000000e+02 7.000000000000000666e-02 7.998784949430552960e-01 1.923654995432223586e+03 4.519950903121476586e+03 1.731999999999999886e+02
1.250000000000000000e+02 7.000000000000000666e-02 2.008798875038414200e-01 1.155142072882974389e+03 9.413724634826370675e+03 1.731999999999999886e+02
1.250000000000000000e+02 7.000000000000000666e-02 9.544489102348294729e-01 2.472238495982805034e+03 8.345585371764755109e+03 1.731999999999999886e+02
1.250000000000000000e+02 7.000000000000000666e-02 9.883820209310576477e-01 2.367937922406590587e+03 1.570279195086519167e+03 1.731999999999999886e+02
1.250000000000000000e+02 7.000000000000000666e-02 8.506110046889835408e-01 1.911533769313742596e+03 2.047439813123356316e+03 1.731999999999999886e+02
1.250000000000000000e+02 7.000000000000000666e-02 7.943188669960405957e-01 2.160691016902642332e+03 9.092029723446305070e+03 1.731999999999999886e+02
1.250000000000000000e+02 7.000000000000000666e-02 4.955427933695361054e-01 1.286311675159666265e+03 2.225539879824925265e+03 1.731999999999999886e+02
1.250000000000000000e+02 7.000000000000000666e-02 7.050728615984926950e-01 1.948218503245979264e+03 7.436335939814092853e+03 1.731999999999999886e+02
1.250000000000000000e+02 7.000000000000000666e-02 8.618433927179923737e-01 1.964122272888446787e+03 1.084440980077449922e+03 1.731999999999999886e+02
1.250000000000000000e+02 7.000000000000000666e-02 5.122257818495296045e-01 1.404221607090593807e+03 4.593886772038269555e+03 1.731999999999999886e+02
1.250000000000000000e+02 7.000000000000000666e-02 4.086170560389919548e-01 1.461423878320892754e+03 8.154803528748698227e+03 1.731999999999999886e+02
1.250000000000000000e+02 7.000000000000000666e-02 9.124409097494715626e-01 2.116618918092949116e+03 3.689571749041210751e+03 1.731999999999999886e+02
1.250000000000000000e+02 7.000000000000000666e-02 9.266827334333029853e-01 2.132335801518766402e+03 1.769369683442493169e+03 1.731999999999999886e+02
1.250000000000000000e+02 7.000000000000000666e-02 6.331470581057998537e-01 1.853545825789040464e+03 9.331933325069769126e+03 1.731999999999999886e+02
1.250000000000000000e+02 7.000000000000000666e-02 7.156225997159151309e-01 1.972519279933363123e+03 7.782592642112872454e+03 1.731999999999999886e+02
1.250000000000000000e+02 7.000000000000000666e-02 9.861683779537645522e-01 2.303423486631751985e+03 3.479925516450383839e+03 1.731999999999999886e+02
1.250000000000000000e+02 7.000000000000000666e-02 7.175840065421682512e-01 1.643968872343957628e+03 1.743248714963227940e+03 1.731999999999999886e+02
1.250000000000000000e+02 7.000000000000000666e-02 9.400456276964527236e-01 2.177784051493960305e+03 1.989511176182884810e+03 1.731999999999999886e+02
1.250000000000000000e+02 7.000000000000000666e-02 9.780464224571019383e-01 2.452564030190608719e+03 8.279597428800085254e+03 1.731999999999999886e+02
1.250000000000000000e+02 7.000000000000000666e-02 5.851653983572869810e-01 1.480881097172614545e+03 2.944050816850116462e+03 1.731999999999999886e+02
1.250000000000000000e+02 7.000000000000000666e-02 4.677760776401564957e-01 1.667251353024579203e+03 9.986252407203923212e+03 1.731999999999999886e+02
1.250000000000000000e+02 7.000000000000000666e-02 5.409985202554377093e-01 1.456327570415900936e+03 4.285722552447954513e+03 1.731999999999999886e+02
1.250000000000000000e+02 7.000000000000000666e-02 3.595617438671014354e-01 1.260039848123076808e+03 5.708250071822159953e+03 1.731999999999999886e+02
1.250000000000000000e+02 7.000000000000000666e-02 5.915600109125337402e-01 1.758465897690520706e+03 8.229357623714513466e+03 1.731999999999999886e+02
1.250000000000000000e+02 7.000000000000000666e-02 8.505535238892911742e-01 1.990057083645435341e+03 1.324806693499780067e+03 1.731999999999999886e+02
1.250000000000000000e+02 7.000000000000000666e-02 4.145371103210795938e-01 1.391260458285203185e+03 6.795966059367819980e+03 1.731999999999999886e+02
1.250000000000000000e+02 7.000000000000000666e-02 8.321572293739373238e-01 2.018684959995551253e+03 3.846557737642016491e+03 1.731999999999999886e+02
1.250000000000000000e+02 7.000000000000000666e-02 6.148149593896681253e-01 1.671942639499512552e+03 5.386173270282673911e+03 1.731999999999999886e+02
1.250000000000000000e+02 7.000000000000000666e-02 6.100879612348892866e-01 1.655790843715317351e+03 5.135478710203505216e+03 1.731999999999999886e+02
1.250000000000000000e+02 7.000000000000000666e-02 8.634841510334487769e-01 2.156186989611826903e+03 4.507859145122308291e+03 1.731999999999999886e+02
1.250000000000000000e+02 7.000000000000000666e-02 5.904860770134475745e-01 1.429933836866258389e+03 2.413265276851168892e+03 1.731999999999999886e+02
1.250000000000000000e+02 7.000000000000000666e-02 7.381737299968718080e-01 2.012521958580728096e+03 8.545543343335844838e+03 1.731999999999999886e+02
1.250000000000000000e+02 7.000000000000000666e-02 5.250438368481307183e-01 1.502542195838850603e+03 4.763692415785276353e+03 1.731999999999999886e+02
1.250000000000000000e+02 7.000000000000000666e-02 9.390179606308045601e-01 2.246064401294916024e+03 4.216886106955020296e+03 1.731999999999999886e+02
1.250000000000000000e+02 7.000000000000000666e-02 6.992901919860693427e-01 1.751963012274882658e+03 3.935102544616840078e+03 1.731999999999999886e+02
1.250000000000000000e+02 7.000000000000000666e-02 9.402303170475254657e-01 2.231091723355241811e+03 3.304697126475089590e+03 1.731999999999999886e+02
1.250000000000000000e+02 7.000000000000000666e-02 8.145504679949979732e-01 2.120237884362031764e+03 8.780902014434448574e+03 1.731999999999999886e+02
1.250000000000000000e+02 7.000000000000000666e-02 8.682739322823929129e-01 2.221282485189460203e+03 9.102585888855690428e+03 1.731999999999999886e+02
1.250000000000000000e+02 7.000000000000000666e-02 6.762846312223663725e-01 1.914263317450678414e+03 7.766620453100652412e+03 1.731999999999999886e+02
1.250000000000000000e+02 7.000000000000000666e-02 7.256527313421817782e-01 1.947236582525929862e+03 8.320539307523667958e+03 1.731999999999999886e+02
1.250000000000000000e+02 7.000000000000000666e-02 7.984780157302416859e-01 1.979672420578174069e+03 4.583850584222787802e+03 1.731999999999999886e+02
1.250000000000000000e+02 7.000000000000000666e-02 9.814607843337740389e-01 2.400004251547666172e+03 6.779711731717427938e+03 1.731999999999999886e+02
1.250000000000000000e+02 7.000000000000000666e-02 8.232426030059539768e-01 1.965878784158875078e+03 1.869020920898284203e+03 1.731999999999999886e+02
1.250000000000000000e+02 7.000000000000000666e-02 7.743008313227820461e-01 1.794969566347627278e+03 1.196998188948602774e+03 1.731999999999999886e+02
1.250000000000000000e+02 7.000000000000000666e-02 6.903899384685567853e-01 1.645163593245424181e+03 2.606069753930030856e+03 1.731999999999999886e+02
1.250000000000000000e+02 7.000000000000000666e-02 2.618417623904991109e-01 1.216978149498535458e+03 8.136565939153064392e+03 1.731999999999999886e+02
1.250000000000000000e+02 7.000000000000000666e-02 8.760628699478408832e-01 2.004266523353583580e+03 3.047292195571115826e+03 1.731999999999999886e+02
1.250000000000000000e+02 7.000000000000000666e-02 5.599582271363888752e-01 1.422258259821870070e+03 3.419295507457374242e+03 1.731999999999999886e+02
1.250000000000000000e+02 7.000000000000000666e-02 1.483727430488081256e-01 1.027817007564632831e+03 9.278911436762966332e+03 1.731999999999999886e+02
1.250000000000000000e+02 7.000000000000000666e-02 8.028811398628027396e-01 2.006877449915926718e+03 4.450278964041452127e+03 1.731999999999999886e+02
1.250000000000000000e+02 7.000000000000000666e-02 9.915433012414858194e-01 2.315538481080328893e+03 2.635333660495437471e+03 1.731999999999999886e+02
1.250000000000000000e+02 7.000000000000000666e-02 4.416471475247088496e-01 1.217448574051062678e+03 2.697686198575391700e+03 1.731999999999999886e+02
1.250000000000000000e+02 7.000000000000000666e-02 6.694928661726041730e-01 1.646098671023133647e+03 4.129378303068097011e+03 1.731999999999999886e+02
1.250000000000000000e+02 7.000000000000000666e-02 4.555777659242429833e-01 1.490054556511624924e+03 6.984410413618527855e+03 1.731999999999999886e+02
1.250000000000000000e+02 7.000000000000000666e-02 9.324610228033748394e-01 2.282347644514477906e+03 5.373019314983244840e+03 1.731999999999999886e+02
1.250000000000000000e+02 7.000000000000000666e-02 7.019739040320951418e-01 1.662607613572672562e+03 2.691761545296951226e+03 1.731999999999999886e+02
1.250000000000000000e+02 7.000000000000000666e-02 1.862189032468715422e-01 1.043264654485427627e+03 7.802323694115595572e+03 1.731999999999999886e+02
1.250000000000000000e+02 7.000000000000000666e-02 9.720094488989250436e-01 2.445953891458806538e+03 9.403656706501275039e+03 1.731999999999999886e+02
1.250000000000000000e+02 7.000000000000000666e-02 5.855564834767243987e-01 1.761601114248675685e+03 8.368286207183777151e+03 1.731999999999999886e+02
1.250000000000000000e+02 7.000000000000000666e-02 6.372770377255533303e-01 1.898418117934644897e+03 9.552420914637144961e+03 1.731999999999999886e+02
1.250000000000000000e+02 7.000000000000000666e-02 9.306173324493656196e-01 2.355097382349906184e+03 9.129570744607059169e+03 1.731999999999999886e+02
1.250000000000000000e+02 7.000000000000000666e-02 9.186981563052073474e-01 2.155812361817478632e+03 1.028073200244163672e+03 1.731999999999999886e+02
1.250000000000000000e+02 7.000000000000000666e-02 7.630921211156647121e-01 1.957942868847170530e+03 6.061379360166428341e+03 1.731999999999999886e+02
1.250000000000000000e+02 7.000000000000000666e-02 4.852735866263285791e-01 1.652421620025417269e+03 9.409550495450701419e+03 1.731999999999999886e+02
1.250000000000000000e+02 7.000000000000000666e-02 8.650332274417368295e-01 2.010749656026959883e+03 1.729517285354735577e+03 1.731999999999999886e+02
1.250000000000000000e+02 7.000000000000000666e-02 3.581177867783765789e-01 1.228969888571507909e+03 5.249972865260917388e+03 1.731999999999999886e+02
1.250000000000000000e+02 7.000000000000000666e-02 5.641249450786992581e-01 1.417477559043044494e+03 2.764067738817014288e+03 1.731999999999999886e+02
1.250000000000000000e+02 7.000000000000000666e-02 9.095486604217845050e-01 2.399497544350552744e+03 9.670942057833064609e+03 1.731999999999999886e+02
1.250000000000000000e+02 7.000000000000000666e-02 7.777312752670224594e-01 1.868621190440239388e+03 2.001279752864070133e+03 1.731999999999999886e+02
1.250000000000000000e+02 7.000000000000000666e-02 9.269696015488239071e-01 2.293220511725630786e+03 7.178238423188508023e+03 1.731999999999999886e+02
1.250000000000000000e+02 7.000000000000000666e-02 7.249669374954529344e-01 1.893045407281026201e+03 6.189693593184344536e+03 1.731999999999999886e+02
1.250000000000000000e+02 7.000000000000000666e-02 5.567774279838868523e-01 1.720783978032998675e+03 9.169497141321662639e+03 1.731999999999999886e+02
1.250000000000000000e+02 7.000000000000000666e-02 2.867848022457106794e-01 1.288888309733122696e+03 8.591850450190120682e+03 1.731999999999999886e+02
1.250000000000000000e+02 7.000000000000000666e-02 9.172770864403256841e-01 2.227917197822087019e+03 5.688493503825630796e+03 1.731999999999999886e+02
1.250000000000000000e+02 7.000000000000000666e-02 4.993054878047698542e-01 1.505274757747205967e+03 5.992141399035088398e+03 1.731999999999999886e+02
1.250000000000000000e+02 7.000000000000000666e-02 6.557039745775141704e-01 1.619921498371703137e+03 2.418542210586404508e+03 1.731999999999999886e+02
1.250000000000000000e+02 7.000000000000000666e-02 9.794323096375374682e-01 2.386904841469410712e+03 6.827149532892475690e+03 1.731999999999999886e+02
1.250000000000000000e+02 7.000000000000000666e-02 6.425056258819303867e-01 1.786942613917512062e+03 7.777213850555319368e+03 1.731999999999999886e+02
1.250000000000000000e+02 7.000000000000000666e-02 8.342720126093197131e-01 2.252916413316970193e+03 9.947360813480850993e+03 1.731999999999999886e+02
1.250000000000000000e+02 7.000000000000000666e-02 7.191598034499099290e-01 1.755391989613901387e+03 4.562707802663262555e+03 1.731999999999999886e+02
1.250000000000000000e+02 7.000000000000000666e-02 8.152999653457478901e-01 1.948537038807932504e+03 2.378285063873724994e+03 1.731999999999999886e+02
1.250000000000000000e+02 7.000000000000000666e-02 3.496096432289929057e-01 1.177652851825906055e+03 4.658947474588070691e+03 1.731999999999999886e+02
1.250000000000000000e+02 7.000000000000000666e-02 6.008816132650159902e-01 1.526414295121151099e+03 2.891173034376417490e+03 1.731999999999999886e+02
1.250000000000000000e+02 7.000000000000000666e-02 3.907001697260834572e-01 1.066929412008273630e+03 1.984899096732965290e+03 1.731999999999999886e+02
1.250000000000000000e+02 7.000000000000000666e-02 6.064288719912414027e-01 1.846649841774352353e+03 9.310322062708084559e+03 1.731999999999999886e+02
1.250000000000000000e+02 7.000000000000000666e-02 9.574586988956033107e-01 2.359926964464553294e+03 5.229065810180621156e+03 1.731999999999999886e+02
1.250000000000000000e+02 7.000000000000000666e-02 8.242980365714817070e-01 1.946215955456208121e+03 3.286823128388332862e+03 1.731999999999999886e+02
1.250000000000000000e+02 7.000000000000000666e-02 5.181422943255697966e-01 1.663315106646953154e+03 8.611529965056517540e+03 1.731999999999999886e+02
1.250000000000000000e+02 7.000000000000000666e-02 4.114305909414573970e-01 1.109203069337059560e+03 2.292210865630780063e+03 1.731999999999999886e+02
1.250000000000000000e+02 7.000000000000000666e-02 7.697461759073577214e-01 2.081845438898751127e+03 8.595151632193346813e+03 1.731999999999999886e+02
1.250000000000000000e+02 7.000000000000000666e-02 5.442157533917358903e-01 1.408025482801152293e+03 3.163873205556422818e+03 1.731999999999999886e+02
1.250000000000000000e+02 7.000000000000000666e-02 6.169297327834252220e-01 1.832995737334913656e+03 9.205207854330812552e+03 1.731999999999999886e+02
1.250000000000000000e+02 7.000000000000000666e-02 2.425476167285179896e-01 1.086526645073111013e+03 6.553208559193789370e+03 1.731999999999999886e+02
1.250000000000000000e+02 7.000000000000000666e-02 4.150222060600198826e-01 1.099880103472702331e+03 2.466108903013193412e+03 1.731999999999999886e+02
1.250000000000000000e+02 7.000000000000000666e-02 6.568117228541529018e-01 1.875230680874440168e+03 7.952998795039951801e+03 1.731999999999999886e+02
1.250000000000000000e+02 7.000000000000000666e-02 9.411385967754183346e-01 2.245466058129747580e+03 4.107416515756975059e+03 1.731999999999999886e+02
1.250000000000000000e+02 7.000000000000000666e-02 9.928517352937248353e-01 2.399395783894106899e+03 3.178805713130636832e+03 1.731999999999999886e+02
1.250000000000000000e+02 7.000000000000000666e-02 8.145899258259227116e-01 1.929842842047579779e+03 3.994623054596157999e+03 1.731999999999999886e+02
1.250000000000000000e+02 7.000000000000000666e-02 6.294989224513064530e-01 1.705309042091178981e+03 5.199703699300329390e+03 1.731999999999999886e+02
1.250000000000000000e+02 7.000000000000000666e-02 7.130055959319399062e-01 1.973680794515235448e+03 8.678543767809611381e+03 1.731999999999999886e+02
1.250000000000000000e+02 7.000000000000000666e-02 7.219782421528999627e-01 1.748247116030878260e+03 4.168310428625945860e+03 1.731999999999999886e+02
1.250000000000000000e+02 7.000000000000000666e-02 9.466396044836022927e-01 2.293337050841088967e+03 5.872780715652756953e+03 1.731999999999999886e+02
1.250000000000000000e+02 7.000000000000000666e-02 3.475415309712689416e-01 1.274476925220782505e+03 6.259713367340575132e+03 1.731999999999999886e+02
1.250000000000000000e+02 7.000000000000000666e-02 8.726766115694761794e-01 2.216334317225992436e+03 8.035302866237645503e+03 1.731999999999999886e+02
1.250000000000000000e+02 7.000000000000000666e-02 5.843444423110076835e-01 1.774264820008330844e+03 9.066592989331484205e+03 1.731999999999999886e+02
1.250000000000000000e+02 7.000000000000000666e-02 5.192477015280942965e-01 1.370710129135126181e+03 3.675488516680853991e+03 1.731999999999999886e+02
1.250000000000000000e+02 7.000000000000000666e-02 7.284831438081539323e-01 1.776654847031985810e+03 4.559693836189954709e+03 1.731999999999999886e+02
1.250000000000000000e+02 7.000000000000000666e-02 5.780360083426508977e-01 1.458068813167597000e+03 2.532750036779525544e+03 1.731999999999999886e+02
1.250000000000000000e+02 7.000000000000000666e-02 8.737657705498078631e-01 2.226253032560804058e+03 6.702149877581353394e+03 1.731999999999999886e+02
1.250000000000000000e+02 7.000000000000000666e-02 4.996387907643339288e-01 1.216926036148111507e+03 1.364972737097502431e+03 1.731999999999999886e+02
1.250000000000000000e+02 7.000000000000000666e-02 5.744624513637267560e-01 1.686273838134758535e+03 7.761436317132272961e+03 1.731999999999999886e+02
1.250000000000000000e+02 7.000000000000000666e-02 3.935279548395059224e-01 1.351366029222461975e+03 6.099891570457348280e+03 1.731999999999999886e+02
1.250000000000000000e+02 7.000000000000000666e-02 6.524013856979421488e-01 1.882960637815239807e+03 8.492769573601024604e+03 1.731999999999999886e+02
1.250000000000000000e+02 7.000000000000000666e-02 9.617928554317911605e-01 2.294520276748537526e+03 6.251653959274064619e+03 1.731999999999999886e+02
1.250000000000000000e+02 7.000000000000000666e-02 9.489311242638492905e-01 2.368688126997423751e+03 6.476169445860414271e+03 1.731999999999999886e+02
1.250000000000000000e+02 7.000000000000000666e-02 7.222450584505151205e-01 1.854402597020155781e+03 5.619254373006407150e+03 1.731999999999999886e+02
1.250000000000000000e+02 7.000000000000000666e-02 7.318413003758810209e-01 1.782667223201617162e+03 2.833458043771031043e+03 1.731999999999999886e+02
1.250000000000000000e+02 7.000000000000000666e-02 9.302721672326489388e-01 2.206048790225818266e+03 5.659286098599837715e+03 1.731999999999999886e+02
1.250000000000000000e+02 7.000000000000000666e-02 4.787798686364977407e-01 1.416984235305307266e+03 4.946335973722234485e+03 1.731999999999999886e+02
1.250000000000000000e+02 7.000000000000000666e-02 9.354825041728903612e-01 2.285680434321979192e+03 7.700588870930369922e+03 1.731999999999999886e+02
1.250000000000000000e+02 7.000000000000000666e-02 9.802326795430390538e-01 2.405639653955766789e+03 6.544285328533356733e+03 1.731999999999999886e+02
1.250000000000000000e+02 7.000000000000000666e-02 8.313451412623954484e-01 2.176000780880335697e+03 8.156579779577716181e+03 1.731999999999999886e+02
1.250000000000000000e+02 7.000000000000000666e-02 6.846456812249260837e-01 1.937513637670044773e+03 9.230753559692730050e+03 1.731999999999999886e+02
1.250000000000000000e+02 7.000000000000000666e-02 4.397228504196878385e-01 1.426763995665269704e+03 6.622592384098775256e+03 1.731999999999999886e+02
1.250000000000000000e+02 7.000000000000000666e-02 6.724089405938613595e-01 1.830536985693844599e+03 6.304583614614894941e+03 1.731999999999999886e+02
1.250000000000000000e+02 7.000000000000000666e-02 7.383448422836488279e-01 1.811982638510748529e+03 3.626715395918487957e+03 1.731999999999999886e+02
1.250000000000000000e+02 7.000000000000000666e-02 7.402620956181322764e-01 1.817195991718917867e+03 4.940888842537037817e+03 1.731999999999999886e+02
1.250000000000000000e+02 7.000000000000000666e-02 8.051351757998712610e-01 1.867396359913737797e+03 2.923726795190071243e+03 1.731999999999999886e+02
1.250000000000000000e+02 7.000000000000000666e-02 9.100129079683100253e-01 2.442305936261869647e+03 9.735908738610296496e+03 1.731999999999999886e+02
1.250000000000000000e+02 7.000000000000000666e-02 5.316553148193189360e-01 1.653869721387457957e+03 8.439279618097647472e+03 1.731999999999999886e+02
1.250000000000000000e+02 7.000000000000000666e-02 9.535807532085930349e-01 2.285650033536006958e+03 6.436638843106641616e+03 1.731999999999999886e+02
1.250000000000000000e+02 7.000000000000000666e-02 5.925376801448568598e-01 1.723310918488779407e+03 7.227709014320821552e+03 1.731999999999999886e+02
1.250000000000000000e+02 7.000000000000000666e-02 4.433469337332037741e-01 1.554430304394314817e+03 8.949688178514370520e+03 1.731999999999999886e+02
1.250000000000000000e+02 7.000000000000000666e-02 4.738043090901913890e-01 1.248008900133088446e+03 2.683752367199508626e+03 1.731999999999999886e+02
1.250000000000000000e+02 7.000000000000000666e-02 5.894295767358653793e-01 1.416641107502710156e+03 1.150883623489437696e+03 1.731999999999999886e+02
1.250000000000000000e+02 7.000000000000000666e-02 6.795590047570096992e-01 1.687074901306876200e+03 3.579804053017682691e+03 1.731999999999999886e+02
1.250000000000000000e+02 7.000000000000000666e-02 5.550721448500537392e-01 1.361910756918025982e+03 1.362493186571027763e+03 1.731999999999999886e+02
1.250000000000000000e+02 7.000000000000000666e-02 7.877640837047875655e-01 2.002578581285141809e+03 6.471746966117928423e+03 1.731999999999999886e+02
1.250000000000000000e+02 7.000000000000000666e-02 8.479470405607494321e-01 2.285557721142107312e+03 9.278283567526581464e+03 1.731999999999999886e+02
1.250000000000000000e+02 7.000000000000000666e-02 5.930914713572199570e-01 1.803050691911303375e+03 9.788079526554720360e+03 1.731999999999999886e+02
1.250000000000000000e+02 7.000000000000000666e-02 4.333949501044442876e-01 1.553078631906536884e+03 8.757706563325900788e+03 1.731999999999999886e+02
1.250000000000000000e+02 7.000000000000000666e-02 7.744732634931345006e-01 1.866919613221693453e+03 3.825019013589921542e+03 1.731999999999999886e+02
1.250000000000000000e+02 7.000000000000000666e-02 7.542349572573220362e-01 1.982065788496701771e+03 6.906423959990795993e+03 1.731999999999999886e+02
1.250000000000000000e+02 7.000000000000000666e-02 6.287188510424152055e-01 1.721953514959397125e+03 5.707891481426088831e+03 1.731999999999999886e+02
1.250000000000000000e+02 7.000000000000000666e-02 7.583665213280960105e-01 1.975100776551537365e+03 7.764675113210296331e+03 1.731999999999999886e+02
1.250000000000000000e+02 7.000000000000000666e-02 8.792939897095286561e-01 2.118313991518618877e+03 1.869626395099427555e+03 1.731999999999999886e+02
1.250000000000000000e+02 7.000000000000000666e-02 9.487173257986294406e-01 2.320645169135990727e+03 6.925171931624281569e+03 1.731999999999999886e+02
1.250000000000000000e+02 7.000000000000000666e-02 8.371990452519048054e-01 2.077299184219756171e+03 3.731240428301685370e+03 1.731999999999999886e+02
1.250000000000000000e+02 7.000000000000000666e-02 6.768590163789381942e-01 1.860131987418039444e+03 8.238258363722965441e+03 1.731999999999999886e+02
1.250000000000000000e+02 7.000000000000000666e-02 8.233927413132936524e-01 2.079020242933990630e+03 5.828422875031273179e+03 1.731999999999999886e+02
1.250000000000000000e+02 7.000000000000000666e-02 6.177176518644843517e-01 1.433627024013759637e+03 1.903259646561992213e+03 1.731999999999999886e+02
1.250000000000000000e+02 7.000000000000000666e-02 9.845283410063988550e-01 2.565236164169915810e+03 9.806145901827136186e+03 1.731999999999999886e+02
1.250000000000000000e+02 7.000000000000000666e-02 9.888878823423460362e-01 2.235034311412616262e+03 2.217789239076378180e+03 1.731999999999999886e+02
1.250000000000000000e+02 7.000000000000000666e-02 6.734256172314837530e-01 1.702915746186497245e+03 4.173127614037568492e+03 1.731999999999999886e+02
1.250000000000000000e+02 7.000000000000000666e-02 9.830009411103970418e-01 2.494966848515375204e+03 9.104083116012265236e+03 1.731999999999999886e+02
1.250000000000000000e+02 7.000000000000000666e-02 8.857868052865994768e-01 2.145572865985457611e+03 2.339821697754355228e+03 1.731999999999999886e+02
1.250000000000000000e+02 7.000000000000000666e-02 5.734545365621604995e-01 1.615521565737328274e+03 6.605266039009688029e+03 1.731999999999999886e+02
1.250000000000000000e+02 7.000000000000000666e-02 9.923937019870581189e-01 2.411545455268003934e+03 3.628971529837310754e+03 1.731999999999999886e+02
1.250000000000000000e+02 7.000000000000000666e-02 6.124107543211405602e-01 1.489718482208591240e+03 2.316065995856863992e+03 1.731999999999999886e+02
1.250000000000000000e+02 7.000000000000000666e-02 7.810827666368054256e-01 1.990161436113899754e+03 5.068992397292937312e+03 1.731999999999999886e+02
1.250000000000000000e+02 7.000000000000000666e-02 6.078571236378450537e-01 1.557473690276960042e+03 4.010017223512180408e+03 1.731999999999999886e+02
1.250000000000000000e+02 7.000000000000000666e-02 3.292775920373195997e-01 1.121715322676595406e+03 4.440363071478546772e+03 1.731999999999999886e+02
1.250000000000000000e+02 7.000000000000000666e-02 5.530965637282962977e-01 1.363134446836286997e+03 1.474036376207711783e+03 1.731999999999999886e+02
1.250000000000000000e+02 7.000000000000000666e-02 8.368515124034211494e-01 2.235362778011840419e+03 9.844531760450519869e+03 1.731999999999999886e+02
1.250000000000000000e+02 7.000000000000000666e-02 2.490212719792203877e-01 1.025590003825091117e+03 5.160674961944760071e+03 1.731999999999999886e+02
1.250000000000000000e+02 7.000000000000000666e-02 7.859559851962720778e-01 1.894281061706758919e+03 4.935098747497160730e+03 1.731999999999999886e+02
1.250000000000000000e+02 7.000000000000000666e-02 9.053874583793268815e-01 2.205267109791936491e+03 6.737188660703567621e+03 1.731999999999999886e+02
1.250000000000000000e+02 7.000000000000000666e-02 4.008976948091348413e-01 1.521108339448473316e+03 9.833431808646275385e+03 1.731999999999999886e+02
1.250000000000000000e+02 7.000000000000000666e-02 8.005133789744112160e-01 1.897425846848847868e+03 3.896769655186381897e+03 1.731999999999999886e+02
1.250000000000000000e+02 7.000000000000000666e-02 3.788996769706692302e-01 1.145187625106626001e+03 3.847722811701839419e+03 1.731999999999999886e+02
1.250000000000000000e+02 7.000000000000000666e-02 9.529094102508368636e-01 2.343646232461663203e+03 4.176184474967240021e+03 1.731999999999999886e+02
1.250000000000000000e+02 7.000000000000000666e-02 6.667349604803687324e-01 1.991785955323059170e+03 9.612557242058470365e+03 1.731999999999999886e+02
1.250000000000000000e+02 7.000000000000000666e-02 4.695594010635507076e-01 1.394405472420568458e+03 5.535663638951172288e+03 1.731999999999999886e+02
1.250000000000000000e+02 7.000000000000000666e-02 3.116775388426745730e-01 1.333171904411485912e+03 8.532583180788227764e+03 1.731999999999999886e+02
1.250000000000000000e+02 7.000000000000000666e-02 9.283974970738578802e-01 2.186786075428532058e+03 2.256736073391532045e+03 1.731999999999999886e+02
1.250000000000000000e+02 7.000000000000000666e-02 6.166964602288057540e-01 1.498272737459501059e+03 1.752342282909506139e+03 1.731999999999999886e+02
1.250000000000000000e+02 7.000000000000000666e-02 7.675845627324642262e-01 1.730008343473071591e+03 1.794284800277325303e+03 1.731999999999999886e+02
1.250000000000000000e+02 7.000000000000000666e-02 8.951863655751882698e-01 2.192739924886617700e+03 3.552148692684674188e+03 1.731999999999999886e+02
1.250000000000000000e+02 7.000000000000000666e-02 7.758244740171197362e-01 2.022866800578122820e+03 6.989431076736574141e+03 1.731999999999999886e+02
1.250000000000000000e+02 7.000000000000000666e-02 6.642257476630798463e-01 1.658772543490369571e+03 3.749762798175763692e+03 1.731999999999999886e+02
1.250000000000000000e+02 7.000000000000000666e-02 8.853488083288800770e-01 2.229821481502468032e+03 7.249137481310814110e+03 1.731999999999999886e+02
1.250000000000000000e+02 7.000000000000000666e-02 7.361123804697893291e-01 1.790111301375452740e+03 3.212963240746147676e+03 1.731999999999999886e+02
1.250000000000000000e+02 7.000000000000000666e-02 8.956812457255042270e-01 2.231146556172855526e+03 6.181381753054050932e+03 1.731999999999999886e+02
1.250000000000000000e+02 7.000000000000000666e-02 9.758476802252319393e-01 2.217418276204795347e+03 1.997792070064306927e+03 1.731999999999999886e+02
1.250000000000000000e+02 7.000000000000000666e-02 9.870856239623970740e-01 2.221615162810655420e+03 2.644507352871230978e+03 1.731999999999999886e+02
1.250000000000000000e+02 7.000000000000000666e-02 6.106646256151953001e-01 1.808790790484383706e+03 8.562882056216858473e+03 1.731999999999999886e+02
1.250000000000000000e+02 7.000000000000000666e-02 9.207552522576245568e-01 2.263155305674786177e+03 6.125560225208683732e+03 1.731999999999999886e+02
1.250000000000000000e+02 7.000000000000000666e-02 8.417546370526162169e-01 2.113210022680432303e+03 7.096337871905362590e+03 1.731999999999999886e+02
1.250000000000000000e+02 7.000000000000000666e-02 7.395751944245255727e-01 1.793957411015472644e+03 4.218678958477537890e+03 1.731999999999999886e+02
1.250000000000000000e+02 7.000000000000000666e-02 7.682254254036517960e-01 2.097874989158442531e+03 9.681084359658161702e+03 1.731999999999999886e+02
1.250000000000000000e+02 7.000000000000000666e-02 8.955333908016864797e-01 2.283096120746051383e+03 6.832186119347207750e+03 1.731999999999999886e+02
1.250000000000000000e+02 7.000000000000000666e-02 9.873250016128160000e-01 2.299063963023584620e+03 2.580474320872605858e+03 1.731999999999999886e+02
1.250000000000000000e+02 7.000000000000000666e-02 5.604194767608955408e-01 1.295564700528110507e+03 1.072754479359383367e+03 1.731999999999999886e+02
1.250000000000000000e+02 7.000000000000000666e-02 3.257450896547739450e-01 1.288314789538490004e+03 7.675745603706027396e+03 1.731999999999999886e+02
1.250000000000000000e+02 7.000000000000000666e-02 9.529533936557408325e-01 2.305549045062647565e+03 4.747613315830741158e+03 1.731999999999999886e+02
1.250000000000000000e+02 7.000000000000000666e-02 9.937095183240254315e-01 2.295119548351442063e+03 1.129290386234065409e+03 1.731999999999999886e+02
1.250000000000000000e+02 7.000000000000000666e-02 7.754472252998607651e-01 1.972206734878381212e+03 5.499629315336803302e+03 1.731999999999999886e+02
1.250000000000000000e+02 7.000000000000000666e-02 9.170573252558243960e-01 2.280237585170447346e+03 7.969381099328328673e+03 1.731999999999999886e+02
1.250000000000000000e+02 7.000000000000000666e-02 5.118013044321594318e-01 1.662036705007231831e+03 9.122054841702345584e+03 1.731999999999999886e+02
1.250000000000000000e+02 7.000000000000000666e-02 9.660724319509083058e-01 2.369322528751481968e+03 7.313659384756766485e+03 1.731999999999999886e+02
1.250000000000000000e+02 7.000000000000000666e-02 6.849898602525041902e-01 1.894693200273854927e+03 6.868750216825753341e+03 1.731999999999999886e+02
1.250000000000000000e+02 7.000000000000000666e-02 8.195904622714379473e-01 2.114024389563266595e+03 6.096342890162248295e+03 1.731999999999999886e+02
1.250000000000000000e+02 7.000000000000000666e-02 3.558207024407075147e-01 1.342557305034240471e+03 7.367462843036623781e+03 1.731999999999999886e+02
1.250000000000000000e+02 7.000000000000000666e-02 5.980765435202938241e-01 1.587815267310207901e+03 4.852542287027468774e+03 1.731999999999999886e+02
1.250000000000000000e+02 7.000000000000000666e-02 8.923958774701417074e-01 2.277277564109110244e+03 7.393511615649576925e+03 1.731999999999999886e+02
1.250000000000000000e+02 7.000000000000000666e-02 7.903954417035753410e-01 2.093744212552493991e+03 8.683239056692140366e+03 1.731999999999999886e+02
1.250000000000000000e+02 7.000000000000000666e-02 4.412973362104967712e-01 1.314706847536467194e+03 4.122612348651949105e+03 1.731999999999999886e+02
1.250000000000000000e+02 7.000000000000000666e-02 6.694195695905692522e-01 1.676530190997276577e+03 4.572300365765844617e+03 1.731999999999999886e+02
1.250000000000000000e+02 7.000000000000000666e-02 6.319112566401230424e-01 1.863017085458584006e+03 8.446590017920339960e+03 1.731999999999999886e+02
1.250000000000000000e+02 7.000000000000000666e-02 9.675281911532344070e-01 2.310414088352491490e+03 5.737323246383939477e+03 1.731999999999999886e+02
1.250000000000000000e+02 7.000000000000000666e-02 8.012639013408430211e-01 1.938197449180655440e+03 2.942203898172863319e+03 1.731999999999999886e+02
1.250000000000000000e+02 7.000000000000000666e-02 8.395633777296835909e-01 2.058699106217224653e+03 4.202055883976321638e+03 1.731999999999999886e+02
1.250000000000000000e+02 7.000000000000000666e-02 9.333316497818557878e-01 2.229791683826096687e+03 4.250037480970042452e+03 1.731999999999999886e+02
1.250000000000000000e+02 7.000000000000000666e-02 8.557206932698797619e-01 1.982396601379447020e+03 1.172409540114259926e+03 1.731999999999999886e+02
1.250000000000000000e+02 7.000000000000000666e-02 9.902832334280120552e-01 2.212024019401776059e+03 1.977264797840759002e+03 1.731999999999999886e+02
1.250000000000000000e+02 7.000000000000000666e-02 8.737669594420394148e-01 2.336576926000132516e+03 9.813490974907870623e+03 1.731999999999999886e+02
1.250000000000000000e+02 7.000000000000000666e-02 9.341535597643469968e-01 2.276917468589502732e+03 3.973040523738920911e+03 1.731999999999999886e+02
1.250000000000000000e+02 7.000000000000000666e-02 6.172716783288361153e-01 1.504326366116746385e+03 1.823173744998836128e+03 1.731999999999999886e+02
1.250000000000000000e+02 7.000000000000000666e-02 4.269301316327012707e-01 1.067322596640538904e+03 1.551615526461572927e+03 1.731999999999999886e+02
1.250000000000000000e+02 7.000000000000000666e-02 9.992618719627917034e-01 2.573401591919356179e+03 9.486260367320090154e+03 1.731999999999999886e+02
1.250000000000000000e+02 7.000000000000000666e-02 5.630981666013706866e-01 1.663833297389774543e+03 6.980112967672222112e+03 1.731999999999999886e+02
1.250000000000000000e+02 7.000000000000000666e-02 9.025295222129304795e-01 2.149713593752621819e+03 4.420644360752779903e+03 1.731999999999999886e+02
1.250000000000000000e+02 7.000000000000000666e-02 4.140234280058880945e-01 1.129866381731889305e+03 2.874099286053016840e+03 1.731999999999999886e+02
1.250000000000000000e+02 7.000000000000000666e-02 9.109369507681944755e-01 2.191936663939525715e+03 5.594885542008071752e+03 1.731999999999999886e+02
1.250000000000000000e+02 7.000000000000000666e-02 9.911341941382157961e-01 2.559063380455633251e+03 8.744716534324645181e+03 1.731999999999999886e+02
1.250000000000000000e+02 7.000000000000000666e-02 8.636261737170987107e-01 2.212830394407885251e+03 6.527281668403045842e+03 1.731999999999999886e+02
1.250000000000000000e+02 7.000000000000000666e-02 9.763523584662294752e-01 2.496619845040649125e+03 7.942854558328388521e+03 1.731999999999999886e+02
1.250000000000000000e+02 7.000000000000000666e-02 9.053349133628827428e-01 2.308423891182923398e+03 9.460019138923102219e+03 1.731999999999999886e+02
1.250000000000000000e+02 7.000000000000000666e-02 7.604856915128167527e-01 1.829635332125253626e+03 3.585845020473308978e+03 1.731999999999999886e+02
1.250000000000000000e+02 7.000000000000000666e-02 9.569203331868059159e-01 2.214744280372264257e+03 2.835439130043807836e+03 1.731999999999999886e+02
1.250000000000000000e+02 7.000000000000000666e-02 7.636875871035186947e-01 2.063999657874938748e+03 7.944522942212867747e+03 1.731999999999999886e+02
1.250000000000000000e+02 7.000000000000000666e-02 3.780011213478484677e-01 1.115034179597463208e+03 2.899512005085552573e+03 1.731999999999999886e+02
1.250000000000000000e+02 7.000000000000000666e-02 7.522520162934475119e-01 1.860180327393326024e+03 4.980714720066313930e+03 1.731999999999999886e+02
1.250000000000000000e+02 7.000000000000000666e-02 9.319552662074253035e-01 2.326297858886818176e+03 7.902646755800474239e+03 1.731999999999999886e+02
1.250000000000000000e+02 7.000000000000000666e-02 7.566975656926098193e-01 2.007211602274270035e+03 6.830198698136687199e+03 1.731999999999999886e+02
1.250000000000000000e+02 7.000000000000000666e-02 7.431216186880444940e-01 2.015592541403162613e+03 7.555524227314346717e+03 1.731999999999999886e+02
1.250000000000000000e+02 7.000000000000000666e-02 7.069254330261134367e-01 1.989615291948582581e+03 9.460500482765492052e+03 1.731999999999999886e+02
1.250000000000000000e+02 7.000000000000000666e-02 7.007770986710243344e-01 1.817328232777255607e+03 6.078522034069733309e+03 1.731999999999999886e+02
1.250000000000000000e+02 7.000000000000000666e-02 6.157894644024364261e-01 1.469265952933367998e+03 2.033964018343094267e+03 1.731999999999999886e+02
1.250000000000000000e+02 7.000000000000000666e-02 4.076230587569609765e-01 1.029147954498437912e+03 1.872618973745458788e+03 1.731999999999999886e+02
1.250000000000000000e+02 7.000000000000000666e-02 6.414090754881043299e-01 1.543284690487825173e+03 2.198389253068833568e+03 1.731999999999999886e+02
1.250000000000000000e+02 7.000000000000000666e-02 6.860625969300984117e-01 1.843453685318077760e+03 6.554655469562525468e+03 1.731999999999999886e+02
1.250000000000000000e+02 7.000000000000000666e-02 2.198898311306579922e-01 1.032914764866473206e+03 6.325441952108576515e+03 1.731999999999999886e+02
1.250000000000000000e+02 7.000000000000000666e-02 5.923850590158344920e-01 1.516304392198973574e+03 3.884114698918922386e+03 1.731999999999999886e+02
1.250000000000000000e+02 7.000000000000000666e-02 8.967614046408571848e-01 2.243597106964951308e+03 7.639911898279685374e+03 1.731999999999999886e+02
1.250000000000000000e+02 7.000000000000000666e-02 3.987852965956588114e-01 1.132275331152093031e+03 2.950990555028971357e+03 1.731999999999999886e+02
1.250000000000000000e+02 7.000000000000000666e-02 3.903964536845977995e-01 1.236175975860753624e+03 4.888606337560442626e+03 1.731999999999999886e+02
1.250000000000000000e+02 7.000000000000000666e-02 6.951947443249743008e-01 1.819585162198613034e+03 5.583603832453633913e+03 1.731999999999999886e+02
1.250000000000000000e+02 7.000000000000000666e-02 8.321147562537226650e-01 1.949342643668492428e+03 1.087796827895124807e+03 1.731999999999999886e+02
1.250000000000000000e+02 7.000000000000000666e-02 4.156012102871536884e-01 1.558844953379536491e+03 9.908782056271329566e+03 1.731999999999999886e+02
1.250000000000000000e+02 7.000000000000000666e-02 4.107239350659148136e-01 1.539725034252524438e+03 9.838821656900247035e+03 1.731999999999999886e+02
1.250000000000000000e+02 7.000000000000000666e-02 8.684386273650255283e-01 2.039265446718598014e+03 1.600496288693327188e+03 1.731999999999999886e+02
1.250000000000000000e+02 7.000000000000000666e-02 5.301857336456062830e-01 1.737647466430336408e+03 9.317308163179801340e+03 1.731999999999999886e+02
1.250000000000000000e+02 7.000000000000000666e-02 7.436554457180862832e-01 1.943404925684913451e+03 6.834579998465587778e+03 1.731999999999999886e+02
1.250000000000000000e+02 7.000000000000000666e-02 9.589670277835793399e-01 2.343941617498792311e+03 4.460472460536347171e+03 1.731999999999999886e+02
1.250000000000000000e+02 7.000000000000000666e-02 8.264650091495331363e-01 2.051766289031684209e+03 6.924019291585776955e+03 1.731999999999999886e+02
1.250000000000000000e+02 7.000000000000000666e-02 2.542160275603531083e-01 1.127397436756348043e+03 6.796142927508169123e+03 1.731999999999999886e+02
1.250000000000000000e+02 7.000000000000000666e-02 6.420363493845063774e-01 1.794853713311508727e+03 7.772491737332671619e+03 1.731999999999999886e+02
1.250000000000000000e+02 7.000000000000000666e-02 5.505899831052518678e-01 1.312197955374999538e+03 2.191283801375018356e+03 1.731999999999999886e+02
1.250000000000000000e+02 7.000000000000000666e-02 9.778012218416413104e-01 2.289544480679339358e+03 2.101506551009311806e+03 1.731999999999999886e+02
1.250000000000000000e+02 7.000000000000000666e-02 9.081166652031985587e-01 2.376558326284338364e+03 8.561249574882000161e+03 1.731999999999999886e+02
1.250000000000000000e+02 7.000000000000000666e-02 3.970930432715024105e-01 1.290532403887349119e+03 5.017182574687849410e+03 1.731999999999999886e+02
1.250000000000000000e+02 7.000000000000000666e-02 4.460428278304588434e-01 1.089196983586405850e+03 1.567043533813835438e+03 1.731999999999999886e+02
1.250000000000000000e+02 7.000000000000000666e-02 7.987151889922373682e-01 2.154408202530494691e+03 8.266461985323134286e+03 1.731999999999999886e+02
1.250000000000000000e+02 7.000000000000000666e-02 9.416711174093597148e-01 2.191920892374200321e+03 2.151852223282904561e+03 1.731999999999999886e+02
1.250000000000000000e+02 7.000000000000000666e-02 3.849186565992326892e-01 1.341731227640581665e+03 6.430144058551989474e+03 1.731999999999999886e+02
1.250000000000000000e+02 7.000000000000000666e-02 6.580147625142542811e-01 1.857933117528141565e+03 7.693164399999271154e+03 1.731999999999999886e+02
1.250000000000000000e+02 7.000000000000000666e-02 9.738130440190635451e-01 2.366142471334263064e+03 3.052951739754144000e+03 1.731999999999999886e+02
1.250000000000000000e+02 7.000000000000000666e-02 9.924078748401564676e-01 2.323649253366190351e+03 5.597623934619218744e+03 1.731999999999999886e+02
1.250000000000000000e+02 7.000000000000000666e-02 7.232166194008766702e-01 2.095690182379048565e+03 9.685500455926789073e+03 1.731999999999999886e+02
1.250000000000000000e+02 7.000000000000000666e-02 6.757816381118364468e-01 1.770127192118126459e+03 5.147793652569530423e+03 1.731999999999999886e+02
1.250000000000000000e+02 7.000000000000000666e-02 8.817503914880540083e-01 2.000660778087388280e+03 2.076796358529251847e+03 1.731999999999999886e+02
1.250000000000000000e+02 7.000000000000000666e-02 9.422437202919036192e-01 2.303824925957154846e+03 5.006412583565761452e+03 1.731999999999999886e+02
1.250000000000000000e+02 7.000000000000000666e-02 5.909292527921002902e-01 1.510485249307118920e+03 3.930144865443865001e+03 1.731999999999999886e+02
1.250000000000000000e+02 7.000000000000000666e-02 6.401175983144795634e-01 1.594819294863383675e+03 3.758901651931500055e+03 1.731999999999999886e+02
1.250000000000000000e+02 7.000000000000000666e-02 9.306226317065295905e-01 2.156005917812622101e+03 2.333029480107517884e+03 1.731999999999999886e+02
1.250000000000000000e+02 7.000000000000000666e-02 8.535106614308882733e-01 2.048877826367435773e+03 4.908017666918477516e+03 1.731999999999999886e+02
1.250000000000000000e+02 7.000000000000000666e-02 7.929423042821399648e-01 2.001000297453057101e+03 6.230335167556985652e+03 1.731999999999999886e+02
1.250000000000000000e+02 7.000000000000000666e-02 5.983920010082055541e-01 1.701918749088144978e+03 7.368798038113954135e+03 1.731999999999999886e+02
1.250000000000000000e+02 7.000000000000000666e-02 5.326999113246644324e-01 1.584917352556801234e+03 6.566783480593447166e+03 1.731999999999999886e+02
1.250000000000000000e+02 7.000000000000000666e-02 7.334263053743198535e-01 1.766367440423445942e+03 4.099889628739838372e+03 1.731999999999999886e+02
1.250000000000000000e+02 7.000000000000000666e-02 8.060678328494382816e-01 2.176002386384923739e+03 8.580325796131175593e+03 1.731999999999999886e+02
1.250000000000000000e+02 7.000000000000000666e-02 4.505037052787315699e-01 1.563044579758632835e+03 9.443300476022142902e+03 1.731999999999999886e+02
1.250000000000000000e+02 7.000000000000000666e-02 9.455281478794699268e-01 2.269666983689486187e+03 6.630343393968649252e+03 1.731999999999999886e+02
1.250000000000000000e+02 7.000000000000000666e-02 7.502486364161298216e-01 1.953792513478386809e+03 5.930119805575196551e+03 1.731999999999999886e+02
1.250000000000000000e+02 7.000000000000000666e-02 8.533992195879761544e-01 2.254076275292972241e+03 8.044194881188649560e+03 1.731999999999999886e+02
1.250000000000000000e+02 7.000000000000000666e-02 9.220476513890071280e-01 2.123019205961953958e+03 3.609743068932968526e+03 1.731999999999999886e+02
1.250000000000000000e+02 7.000000000000000666e-02 8.209053838507885947e-01 2.088934343958299905e+03 7.009286133550084742e+03 1.731999999999999886e+02
1.250000000000000000e+02 7.000000000000000666e-02 9.952601726536520754e-01 2.481000009929351108e+03 9.258183009293281430e+03 1.731999999999999886e+02
1.250000000000000000e+02 7.000000000000000666e-02 8.270500096868509399e-01 2.061701784340186350e+03 5.669981918178244086e+03 1.731999999999999886e+02
1.250000000000000000e+02 7.000000000000000666e-02 4.852182854659485289e-01 1.604848217076628771e+03 9.093770909903167194e+03 1.731999999999999886e+02
1.250000000000000000e+02 7.000000000000000666e-02 9.927860843479300312e-01 2.409778746073789080e+03 7.066045910924760392e+03 1.731999999999999886e+02
1.250000000000000000e+02 7.000000000000000666e-02 8.726997521641747246e-01 2.055854996649354689e+03 3.039946529015007400e+03 1.731999999999999886e+02
1.250000000000000000e+02 7.000000000000000666e-02 5.043615529130791586e-01 1.504639129031945913e+03 5.614200887351961683e+03 1.731999999999999886e+02
1.250000000000000000e+02 7.000000000000000666e-02 5.135019060554492087e-01 1.571882925006849291e+03 6.876540440969796691e+03 1.731999999999999886e+02
1.250000000000000000e+02 7.000000000000000666e-02 7.398746071934014790e-01 1.965922042251726680e+03 7.753351028769877303e+03 1.731999999999999886e+02
1.250000000000000000e+02 7.000000000000000666e-02 7.539264083532346561e-01 1.812466542161279449e+03 1.032752819158820103e+03 1.731999999999999886e+02
1.250000000000000000e+02 7.000000000000000666e-02 4.952785359761439077e-01 1.630592147701395106e+03 8.487140320899849030e+03 1.731999999999999886e+02
1.250000000000000000e+02 7.000000000000000666e-02 9.336197801451718847e-01 2.304295015763933407e+03 5.651699996960738645e+03 1.731999999999999886e+02
1.250000000000000000e+02 7.000000000000000666e-02 7.444852662667307275e-01 1.855495727255366091e+03 4.175277974030610494e+03 1.731999999999999886e+02
1.250000000000000000e+02 7.000000000000000666e-02 4.982410800028680975e-01 1.453705094133061039e+03 5.493640237616225022e+03 1.731999999999999886e+02
1.250000000000000000e+02 7.000000000000000666e-02 4.730111965573462474e-01 1.198642924551694250e+03 2.232670473596238480e+03 1.731999999999999886e+02
1.250000000000000000e+02 7.000000000000000666e-02 7.973578928856185355e-01 1.883014036392698472e+03 1.102089544428485851e+03 1.731999999999999886e+02
1.250000000000000000e+02 7.000000000000000666e-02 9.644907158906808053e-01 2.327571567219048575e+03 4.876354590117933185e+03 1.731999999999999886e+02
1.250000000000000000e+02 7.000000000000000666e-02 9.752236156106348641e-01 2.235563142120753582e+03 1.691620513983475348e+03 1.731999999999999886e+02
1.250000000000000000e+02 7.000000000000000666e-02 6.355360397798335281e-01 1.683105087346144046e+03 4.487636888306707988e+03 1.731999999999999886e+02
1.250000000000000000e+02 7.000000000000000666e-02 8.488309320335870600e-01 2.227939162023209974e+03 8.403501820232379032e+03 1.731999999999999886e+02
1.250000000000000000e+02 7.000000000000000666e-02 4.436427454359245237e-01 1.476314795304142535e+03 7.312138592945809251e+03 1.731999999999999886e+02
1.250000000000000000e+02 7.000000000000000666e-02 5.834161068244764214e-01 1.824737386600682385e+03 8.992284552099874418e+03 1.731999999999999886e+02
1.250000000000000000e+02 7.000000000000000666e-02 7.254628703664697253e-01 1.873012836823816542e+03 6.497329992097610557e+03 1.731999999999999886e+02
1.250000000000000000e+02 7.000000000000000666e-02 6.481175192115671280e-01 1.824162006081648315e+03 7.447397495693415294e+03 1.731999999999999886e+02
1.250000000000000000e+02 7.000000000000000666e-02 7.792492591959512271e-01 1.901502516266588827e+03 5.400333241149472087e+03 1.731999999999999886e+02
1.250000000000000000e+02 7.000000000000000666e-02 6.514429968753504552e-01 1.625130168299614979e+03 2.595065741373780384e+03 1.731999999999999886e+02
1.250000000000000000e+02 7.000000000000000666e-02 9.948151362930017783e-01 2.312674016059176665e+03 4.063751410036926700e+03 1.731999999999999886e+02
1.250000000000000000e+02 7.000000000000000666e-02 8.590520096491567337e-01 2.127992382089295461e+03 5.985203613032927024e+03 1.731999999999999886e+02
1.250000000000000000e+02 7.000000000000000666e-02 5.322903250670555364e-01 1.554154960562229235e+03 6.677441571952815139e+03 1.731999999999999886e+02
1.250000000000000000e+02 7.000000000000000666e-02 4.962149384753136161e-01 1.701799272336420017e+03 9.581464198299576310e+03 1.731999999999999886e+02
1.250000000000000000e+02 7.000000000000000666e-02 9.954378267691170734e-01 2.387077654722553234e+03 3.662693053908310048e+03 1.731999999999999886e+02
1.250000000000000000e+02 7.000000000000000666e-02 6.582885944521086330e-01 1.947291836441536816e+03 9.682463629316362130e+03 1.731999999999999886e+02
1.250000000000000000e+02 7.000000000000000666e-02 8.191265713105051471e-01 2.075908069966455059e+03 5.010994690835555957e+03 1.731999999999999886e+02
1.250000000000000000e+02 7.000000000000000666e-02 3.486669537923122175e-01 1.359402762224429580e+03 8.339641409993444540e+03 1.731999999999999886e+02
1.250000000000000000e+02 7.000000000000000666e-02 8.423432038783684739e-01 2.180161305677631390e+03 8.047992114576943095e+03 1.731999999999999886e+02
1.250000000000000000e+02 7.000000000000000666e-02 6.731386578323353964e-01 1.589281957743523890e+03 2.059622703368406292e+03 1.731999999999999886e+02
1.250000000000000000e+02 7.000000000000000666e-02 9.037774530686922825e-01 2.234938704105198667e+03 4.754743623183017917e+03 1.731999999999999886e+02
1.250000000000000000e+02 7.000000000000000666e-02 8.011883286380657720e-01 1.954864076555944393e+03 2.846365651369310399e+03 1.731999999999999886e+02
1.250000000000000000e+02 7.000000000000000666e-02 4.498920476345729114e-01 1.603181897492563621e+03 9.686633041229712035e+03 1.731999999999999886e+02
1.250000000000000000e+02 7.000000000000000666e-02 4.317991723092257095e-01 1.509504873354473602e+03 8.472020930688307999e+03 1.731999999999999886e+02
1.250000000000000000e+02 7.000000000000000666e-02 7.635298113740335291e-01 1.941156611631605756e+03 6.059889925911314094e+03 1.731999999999999886e+02
1.250000000000000000e+02 7.000000000000000666e-02 4.524076464437676859e-01 1.182510662455304328e+03 2.681986700939531147e+03 1.731999999999999886e+02
1.250000000000000000e+02 7.000000000000000666e-02 7.156696310551045048e-01 1.867832795447898206e+03 5.698656449071916541e+03 1.731999999999999886e+02
1.250000000000000000e+02 7.000000000000000666e-02 8.544157381997155021e-01 2.107710838172785770e+03 4.275386696114544975e+03 1.731999999999999886e+02
1.250000000000000000e+02 7.000000000000000666e-02 8.903595614347902254e-01 2.197844898029429714e+03 6.915601851633849947e+03 1.731999999999999886e+02
1.250000000000000000e+02 7.000000000000000666e-02 8.927496080556389657e-01 2.361766970333097106e+03 9.123464749182174273e+03 1.731999999999999886e+02
1.250000000000000000e+02 7.000000000000000666e-02 9.626711356983986834e-01 2.321374523288756791e+03 6.224789381991284245e+03 1.731999999999999886e+02
1.250000000000000000e+02 7.000000000000000666e-02 9.386244806837999999e-01 2.348895617070172193e+03 9.156916157619789374e+03 1.731999999999999886e+02
1.250000000000000000e+02 7.000000000000000666e-02 9.521318630326676136e-01 2.353800044717439960e+03 7.959457681346421850e+03 1.731999999999999886e+02
1.250000000000000000e+02 7.000000000000000666e-02 7.835574305908838966e-01 2.104263471461057634e+03 9.842493318850940341e+03 1.731999999999999886e+02
1.250000000000000000e+02 7.000000000000000666e-02 8.547553985735291127e-01 1.963290977910816082e+03 2.979379266238750915e+03 1.731999999999999886e+02
1.250000000000000000e+02 7.000000000000000666e-02 8.904524956716977080e-01 2.141965529085232902e+03 3.707262286877149563e+03 1.731999999999999886e+02
1.250000000000000000e+02 7.000000000000000666e-02 3.767775601732200053e-01 1.316698322938842466e+03 6.780222528823880566e+03 1.731999999999999886e+02
1.250000000000000000e+02 7.000000000000000666e-02 7.163996437210831125e-01 1.886618978643009086e+03 6.571954335676702613e+03 1.731999999999999886e+02
1.250000000000000000e+02 7.000000000000000666e-02 2.275626628752432379e-01 1.180488032850147420e+03 9.174894681184770889e+03 1.731999999999999886e+02
1.250000000000000000e+02 7.000000000000000666e-02 7.767386168760147536e-01 2.042365443702252151e+03 7.565297557039309140e+03 1.731999999999999886e+02
1.250000000000000000e+02 7.000000000000000666e-02 8.009101230131971949e-01 1.968795391378919248e+03 5.602926615120324641e+03 1.731999999999999886e+02
1.250000000000000000e+02 7.000000000000000666e-02 8.057079678573769721e-01 1.963193899578201581e+03 5.062160200880216507e+03 1.731999999999999886e+02
1.250000000000000000e+02 7.000000000000000666e-02 9.636781267901541881e-01 2.290590015345523625e+03 6.750284120244763471e+03 1.731999999999999886e+02
1.250000000000000000e+02 7.000000000000000666e-02 7.111640417557333338e-01 1.784804168504590962e+03 4.839187438919896522e+03 1.731999999999999886e+02
1.250000000000000000e+02 7.000000000000000666e-02 9.153198924785674873e-01 2.167782438938443647e+03 2.391843973699959861e+03 1.731999999999999886e+02
1.250000000000000000e+02 7.000000000000000666e-02 8.971888944028389989e-01 2.136182024939411349e+03 5.856431257201687913e+03 1.731999999999999886e+02
1.250000000000000000e+02 7.000000000000000666e-02 6.042791897622135089e-01 1.558878766566487911e+03 4.221474886514495665e+03 1.731999999999999886e+02
1.250000000000000000e+02 7.000000000000000666e-02 7.941931105803028412e-01 1.855622722095967447e+03 2.798666702421120135e+03 1.731999999999999886e+02
