1.250000000000000000e+02 7.000000000000000666e-02 1.728922034326756119e-02 3.611870461858993053e+02 3.842220348388844741e+03 1.731999999999999886e+02
1.250000000000000000e+02 7.000000000000000666e-02 5.355440816678273125e-02 4.183655303724409578e+02 1.753038149499340534e+03 1.731999999999999886e+02
1.250000000000000000e+02 7.000000000000000666e-02 2.023716064767463324e-02 4.171812506783974754e+02 4.924274051029646216e+03 1.731999999999999886e+02
1.250000000000000000e+02 7.000000000000000666e-02 4.586678685883807498e-03 2.743854336288409286e+02 6.092210844639161223e+03 1.731999999999999886e+02
1.250000000000000000e+02 7.000000000000000666e-02 2.548260537736865561e-02 4.817721559346201730e+02 5.876022306882900921e+03 1.731999999999999886e+02
1.250000000000000000e+02 7.000000000000000666e-02 1.274632841341467038e-01 4.899002775720853720e+02 1.003652177654602610e+03 1.731999999999999886e+02
1.250000000000000000e+02 7.000000000000000666e-02 1.270621948603981033e-02 3.206261850931512072e+02 3.701626213847715462e+03 1.731999999999999886e+02
1.250000000000000000e+02 7.000000000000000666e-02 1.577180150771200981e-02 4.370273462330757184e+02 7.162385305764230907e+03 1.731999999999999886e+02
1.250000000000000000e+02 7.000000000000000666e-02 7.802262343612418813e-03 3.168333904166202046e+02 5.497196517733544169e+03 1.731999999999999886e+02
1.250000000000000000e+02 7.000000000000000666e-02 1.363484370632232767e-02 3.349663806376545381e+02 3.825295482844573144e+03 1.731999999999999886e+02
1.250000000000000000e+02 7.000000000000000666e-02 8.694709073491478646e-02 4.227252375053571996e+02 1.082981500951124417e+03 1.731999999999999886e+02
1.250000000000000000e+02 7.000000000000000666e-02 3.122831908737416090e-02 3.061561083393182230e+02 1.180044708277481277e+03 1.731999999999999886e+02
1.250000000000000000e+02 7.000000000000000666e-02 7.771779620696007973e-03 2.441118393033755751e+02 2.607827840061143888e+03 1.731999999999999886e+02
1.250000000000000000e+02 7.000000000000000666e-02 1.641543938350946766e-02 2.628423036210024293e+02 1.514417649252756746e+03 1.731999999999999886e+02
1.250000000000000000e+02 7.000000000000000666e-02 2.237488139239560483e-02 4.508514563365088748e+02 5.486019453527799669e+03 1.731999999999999886e+02
1.250000000000000000e+02 7.000000000000000666e-02 2.687697210698081554e-02 4.452702566711113263e+02 4.519138123756176356e+03 1.731999999999999886e+02
1.250000000000000000e+02 7.000000000000000666e-02 3.046370607139784609e-02 4.289794836350854439e+02 3.693059882908723011e+03 1.731999999999999886e+02
1.250000000000000000e+02 7.000000000000000666e-02 6.418687529034313062e-03 2.205655390017521427e+02 2.247823994512992613e+03 1.731999999999999886e+02
1.250000000000000000e+02 7.000000000000000666e-02 8.072015536532334279e-02 4.405182324448465465e+02 1.316615200536293514e+03 1.731999999999999886e+02
1.250000000000000000e+02 7.000000000000000666e-02 7.364027252198940277e-02 4.835211149209617929e+02 2.085461987392108313e+03 1.731999999999999886e+02
1.250000000000000000e+02 7.000000000000000666e-02 1.668497133360621193e-02 4.551460600057655483e+02 8.206057428614549281e+03 1.731999999999999886e+02
1.250000000000000000e+02 7.000000000000000666e-02 1.971081308276490321e-02 2.962730133658491241e+02 1.769042255296056055e+03 1.731999999999999886e+02
1.250000000000000000e+02 7.000000000000000666e-02 1.673530220789612184e-03 1.307284947002749504e+02 2.109619014031377446e+03 1.731999999999999886e+02
1.250000000000000000e+02 7.000000000000000666e-02 2.381584213969364233e-02 3.833760462376097848e+02 3.365011154315729982e+03 1.731999999999999886e+02
1.250000000000000000e+02 7.000000000000000666e-02 9.063884196355573297e-02 4.897908855348339898e+02 1.561638100183336519e+03 1.731999999999999886e+02
1.250000000000000000e+02 7.000000000000000666e-02 2.778333806306412801e-02 4.809152209386598997e+02 5.572205502209844781e+03 1.731999999999999886e+02
1.250000000000000000e+02 7.000000000000000666e-02 9.125283184901000766e-02 4.689858816774611796e+02 1.356893366563614791e+03 1.731999999999999886e+02
1.250000000000000000e+02 7.000000000000000666e-02 3.376066507312632664e-02 4.079259374382025953e+02 2.653758235688088462e+03 1.731999999999999886e+02
1.250000000000000000e+02 7.000000000000000666e-02 5.014613650725274763e-02 4.314639802023471020e+02 2.208769716234107364e+03 1.731999999999999886e+02
1.250000000000000000e+02 7.000000000000000666e-02 4.394272432678385937e-02 3.647069763871496093e+02 1.481713159543944812e+03 1.731999999999999886e+02
1.250000000000000000e+02 7.000000000000000666e-02 6.552302297009225673e-02 3.855860050504357446e+02 1.154650317180611637e+03 1.731999999999999886e+02
1.250000000000000000e+02 7.000000000000000666e-02 7.575679638564371265e-02 4.432383747586140430e+02 1.431682152820905912e+03 1.731999999999999886e+02
1.250000000000000000e+02 7.000000000000000666e-02 5.398021332532351030e-02 4.085815633872394415e+02 1.659175406794012360e+03 1.731999999999999886e+02
1.250000000000000000e+02 7.000000000000000666e-02 2.675418726847391890e-02 2.956722502011192546e+02 1.312862721513549786e+03 1.731999999999999886e+02
1.250000000000000000e+02 7.000000000000000666e-02 6.606577847210377830e-02 4.912237582890668932e+02 2.328600568520902925e+03 1.731999999999999886e+02
1.250000000000000000e+02 7.000000000000000666e-02 5.415035505201754029e-03 3.212221583244123622e+02 8.200083735754333247e+03 1.731999999999999886e+02
1.250000000000000000e+02 7.000000000000000666e-02 4.860941181590008181e-02 4.764573318649911471e+02 3.133954482922489206e+03 1.731999999999999886e+02
1.250000000000000000e+02 7.000000000000000666e-02 1.136648762876749444e-02 3.364271181004623941e+02 4.518756526770299388e+03 1.731999999999999886e+02
1.250000000000000000e+02 7.000000000000000666e-02 1.054351547706001979e-01 4.862908667003593450e+02 1.301399377823105169e+03 1.731999999999999886e+02
1.250000000000000000e+02 7.000000000000000666e-02 2.705781850782320880e-03 2.485729331682136944e+02 7.731416813303099843e+03 1.731999999999999886e+02
1.250000000000000000e+02 7.000000000000000666e-02 2.393496623612507632e-02 4.594279841736093317e+02 5.659215906813818037e+03 1.731999999999999886e+02
1.250000000000000000e+02 7.000000000000000666e-02 2.718580243262495866e-02 4.906456530808466709e+02 6.173783191736713889e+03 1.731999999999999886e+02
1.250000000000000000e+02 7.000000000000000666e-02 1.940296719135605657e-03 2.369089883836160482e+02 9.158957510701795400e+03 1.731999999999999886e+02
1.250000000000000000e+02 7.000000000000000666e-02 4.202169691955998793e-02 4.659713536140972678e+02 3.244677422452586598e+03 1.731999999999999886e+02
1.250000000000000000e+02 7.000000000000000666e-02 2.079776002747732097e-02 4.859064633591548841e+02 7.760284649165280825e+03 1.731999999999999886e+02
1.250000000000000000e+02 7.000000000000000666e-02 1.101103483810923073e-01 4.953718531985934987e+02 1.328962519933275871e+03 1.731999999999999886e+02
1.250000000000000000e+02 7.000000000000000666e-02 7.485470109848020581e-02 4.238502537274364386e+02 1.271148725129790364e+03 1.731999999999999886e+02
1.250000000000000000e+02 7.000000000000000666e-02 7.497647062466790933e-03 2.962957570009610890e+02 4.745158091824654548e+03 1.731999999999999886e+02
1.250000000000000000e+02 7.000000000000000666e-02 9.579265793368917439e-03 3.406534417009017375e+02 5.571993674255370024e+03 1.731999999999999886e+02
1.250000000000000000e+02 7.000000000000000666e-02 3.142702601966912423e-02 4.526112672349977402e+02 3.967027441275077308e+03 1.731999999999999886e+02
1.250000000000000000e+02 7.000000000000000666e-02 1.526974596471379966e-02 4.621961872762597636e+02 8.829153318279617451e+03 1.731999999999999886e+02
1.250000000000000000e+02 7.000000000000000666e-02 4.234015424556099999e-02 4.287761102313897936e+02 2.589368799959114767e+03 1.731999999999999886e+02
1.250000000000000000e+02 7.000000000000000666e-02 6.835114080672256842e-02 4.755094960061313714e+02 1.976485854953014496e+03 1.731999999999999886e+02
1.250000000000000000e+02 7.000000000000000666e-02 2.293236527909327943e-02 4.595935770681916210e+02 5.837672066231443750e+03 1.731999999999999886e+02
1.250000000000000000e+02 7.000000000000000666e-02 6.915823038822210833e-02 4.311776129607284815e+02 1.481387100081601830e+03 1.731999999999999886e+02
1.250000000000000000e+02 7.000000000000000666e-02 9.049068261743375627e-03 3.713303824331707119e+02 8.107567808740750479e+03 1.731999999999999886e+02
1.250000000000000000e+02 7.000000000000000666e-02 1.626484508668734133e-02 4.322283362784318683e+02 6.720173381821286057e+03 1.731999999999999886e+02
1.250000000000000000e+02 7.000000000000000666e-02 6.892504840460635107e-02 3.892329571044817271e+02 1.034976946480820743e+03 1.731999999999999886e+02
1.250000000000000000e+02 7.000000000000000666e-02 1.023932378269773458e-02 3.925886826515204575e+02 7.939755530788794204e+03 1.731999999999999886e+02
1.250000000000000000e+02 7.000000000000000666e-02 3.272769310819346328e-02 4.765386629692411589e+02 4.430965002260167239e+03 1.731999999999999886e+02
1.250000000000000000e+02 7.000000000000000666e-02 9.196468308205753284e-02 4.860305729334851890e+02 1.586141514250020464e+03 1.731999999999999886e+02
1.250000000000000000e+02 7.000000000000000666e-02 3.046836344680322294e-03 2.717990843012608480e+02 9.222009416678691196e+03 1.731999999999999886e+02
1.250000000000000000e+02 7.000000000000000666e-02 3.014752889085108023e-02 4.951444405166856768e+02 5.354356929473111450e+03 1.731999999999999886e+02
1.250000000000000000e+02 7.000000000000000666e-02 1.511202106509959564e-02 3.768907090967896920e+02 4.991343263161399591e+03 1.731999999999999886e+02
