1.250000000000000000e+02 7.000000000000000666e-02 1.678817925361195422e-03 1.708190546582252693e+02 3.940354956902641334e+03 1.731999999999999886e+02
1.250000000000000000e+02 7.000000000000000666e-02 2.316204458358183966e-03 1.178185098232504373e+02 3.717449636855036260e+03 1.731999999999999886e+02
1.250000000000000000e+02 7.000000000000000666e-02 1.923802637307329370e-03 1.777859453076139005e+02 3.767588251964791652e+03 1.731999999999999886e+02
1.250000000000000000e+02 7.000000000000000666e-02 5.249938275844444509e-03 1.506541554005898149e+02 9.034417940652823518e+02 1.731999999999999886e+02
1.250000000000000000e+02 7.000000000000000666e-02 9.215252943068933875e-03 1.969845860536027544e+02 1.131286873507933251e+03 1.731999999999999886e+02
1.250000000000000000e+02 7.000000000000000666e-02 1.812007769046868099e-03 1.542417079816411842e+02 2.822275340619241433e+03 1.731999999999999886e+02
1.250000000000000000e+02 7.000000000000000666e-02 1.772477031471596763e-03 1.236401513320811034e+02 2.663582901989245329e+03 1.731999999999999886e+02
1.250000000000000000e+02 7.000000000000000666e-02 2.244001978701955658e-03 1.813310449420658017e+02 3.500830875372768787e+03 1.731999999999999886e+02
1.250000000000000000e+02 7.000000000000000666e-02 3.116129424261440250e-03 1.988702774670810527e+02 3.527932111273391456e+03 1.731999999999999886e+02
1.250000000000000000e+02 7.000000000000000666e-02 5.321874499193152835e-03 1.123243867394414508e+02 3.090149605952562524e+03 1.731999999999999886e+02
1.250000000000000000e+02 7.000000000000000666e-02 1.735084450161192629e-03 1.387234488386885687e+02 2.261087290859956283e+03 1.731999999999999886e+02
1.250000000000000000e+02 7.000000000000000666e-02 8.041694686843467790e-03 1.089891312234337022e+02 2.912229222971983290e+03 1.731999999999999886e+02
1.250000000000000000e+02 7.000000000000000666e-02 5.509332962874226997e-03 1.214738570196954015e+02 1.084092643211648010e+03 1.731999999999999886e+02
1.250000000000000000e+02 7.000000000000000666e-02 5.406095002965651680e-03 1.947226216781291157e+02 1.760012103121395057e+03 1.731999999999999886e+02
1.250000000000000000e+02 7.000000000000000666e-02 5.251308865029295260e-03 1.871529448457618514e+02 1.701595552570801829e+03 1.731999999999999886e+02
1.250000000000000000e+02 7.000000000000000666e-02 3.633811656977568947e-03 1.741005528229572974e+02 1.947167549340985033e+03 1.731999999999999886e+02
1.250000000000000000e+02 7.000000000000000666e-02 3.199329110717561743e-03 1.445422692575638450e+02 1.302878791504657556e+03 1.731999999999999886e+02
1.250000000000000000e+02 7.000000000000000666e-02 9.914451934951953871e-03 1.461016883336389753e+02 4.356061527919488299e+02 1.731999999999999886e+02
1.250000000000000000e+02 7.000000000000000666e-02 8.928081480385811897e-03 1.906974165536279884e+02 1.057071760391868565e+03 1.731999999999999886e+02
1.250000000000000000e+02 7.000000000000000666e-02 4.155230043890578880e-03 1.879430606647281650e+02 2.216799045266670873e+03 1.731999999999999886e+02
1.250000000000000000e+02 7.000000000000000666e-02 4.490432110889760846e-03 1.605575375696517710e+02 1.210830407018383539e+03 1.731999999999999886e+02
1.250000000000000000e+02 7.000000000000000666e-02 5.118483524291460134e-03 1.853329042323833278e+02 1.647444679772559766e+03 1.731999999999999886e+02
1.250000000000000000e+02 7.000000000000000666e-02 4.202984133656732270e-03 1.799597763169901725e+02 1.910361334634381592e+03 1.731999999999999886e+02
1.250000000000000000e+02 7.000000000000000666e-02 8.732777579952144195e-03 1.745176198459973307e+02 7.910555955203708436e+02 1.731999999999999886e+02
1.250000000000000000e+02 7.000000000000000666e-02 3.877207061964007412e-03 1.443511155095616800e+02 1.088634471910163256e+03 1.731999999999999886e+02
1.250000000000000000e+02 7.000000000000000666e-02 2.688973853138988592e-03 1.917614211317496711e+02 3.505577604480025457e+03 1.731999999999999886e+02
1.250000000000000000e+02 7.000000000000000666e-02 8.810472644981698007e-03 1.189401517013575216e+02 8.339901770479905281e+02 1.731999999999999886e+02
1.250000000000000000e+02 7.000000000000000666e-02 5.019296860312174278e-03 1.443187726161353908e+02 8.131551598996313714e+02 1.731999999999999886e+02
1.250000000000000000e+02 7.000000000000000666e-02 3.531908166631761610e-03 1.844205567960663927e+02 2.331095487676755056e+03 1.731999999999999886e+02
1.250000000000000000e+02 7.000000000000000666e-02 9.900711646122380832e-03 1.412846818440035292e+02 3.916198235838992332e+02 1.731999999999999886e+02
1.250000000000000000e+02 7.000000000000000666e-02 9.321190660362526845e-03 1.209408267924533789e+02 6.355906719632997692e+02 1.731999999999999886e+02
1.250000000000000000e+02 7.000000000000000666e-02 1.540119314112091539e-03 1.357503019012850132e+02 2.295118929135363032e+03 1.731999999999999886e+02
1.250000000000000000e+02 7.000000000000000666e-02 8.027420928412286674e-03 1.834388934680907823e+02 1.039823958285980552e+03 1.731999999999999886e+02
1.250000000000000000e+02 7.000000000000000666e-02 8.770367203666981984e-03 1.698526479152215529e+02 7.546610232381043488e+02 1.731999999999999886e+02
1.250000000000000000e+02 7.000000000000000666e-02 5.310978702694902319e-03 1.218780786354815859e+02 1.061126683847911409e+03 1.731999999999999886e+02
1.250000000000000000e+02 7.000000000000000666e-02 5.214569428585842659e-03 1.115846093108872168e+02 3.454490340289468350e+03 1.731999999999999886e+02
1.250000000000000000e+02 7.000000000000000666e-02 2.881519652803973125e-03 1.646055683793839535e+02 2.097843172274695462e+03 1.731999999999999886e+02
1.250000000000000000e+02 7.000000000000000666e-02 4.149990029137467715e-03 1.788046736032156900e+02 1.916244787092379511e+03 1.731999999999999886e+02
1.250000000000000000e+02 7.000000000000000666e-02 8.655447997107100153e-03 1.643860585323711234e+02 7.040543428511209640e+02 1.731999999999999886e+02
1.250000000000000000e+02 7.000000000000000666e-02 8.936395864653957563e-03 1.593688543747524591e+02 5.966697946702854551e+02 1.731999999999999886e+02
1.250000000000000000e+02 7.000000000000000666e-02 5.923575915256796068e-03 1.123008328842262102e+02 2.780960339574675800e+03 1.731999999999999886e+02
1.250000000000000000e+02 7.000000000000000666e-02 7.108027901879833237e-03 1.979125452645610039e+02 1.428542170387530405e+03 1.731999999999999886e+02
1.250000000000000000e+02 7.000000000000000666e-02 2.980002903693513942e-03 1.945327026433260755e+02 3.224688606737385271e+03 1.731999999999999886e+02
1.250000000000000000e+02 7.000000000000000666e-02 3.776491894984300522e-03 1.881337651532090547e+02 2.363790893542149206e+03 1.731999999999999886e+02
1.250000000000000000e+02 7.000000000000000666e-02 1.884655651284972188e-03 1.485903360313483290e+02 2.325835511209015749e+03 1.731999999999999886e+02
1.250000000000000000e+02 7.000000000000000666e-02 6.408814609484322911e-03 1.864220975602007115e+02 1.324214086069373934e+03 1.731999999999999886e+02
1.250000000000000000e+02 7.000000000000000666e-02 3.266480679815172029e-03 1.489833130955476008e+02 1.390663692711104886e+03 1.731999999999999886e+02
1.250000000000000000e+02 7.000000000000000666e-02 3.361843869557647885e-03 1.934522524232870353e+02 2.784647094069466675e+03 1.731999999999999886e+02
1.250000000000000000e+02 7.000000000000000666e-02 6.246325627670419600e-03 1.681049514958979501e+02 1.046992384063482632e+03 1.731999999999999886e+02
1.250000000000000000e+02 7.000000000000000666e-02 6.067736031388473207e-03 1.963779418901453937e+02 1.679166047143067544e+03 1.731999999999999886e+02
1.250000000000000000e+02 7.000000000000000666e-02 3.091280266579474710e-03 1.924643804654805308e+02 3.198277319977596107e+03 1.731999999999999886e+02
1.250000000000000000e+02 7.000000000000000666e-02 9.613224526337835587e-04 1.255833112513747096e+02 3.994254272390027836e+03 1.731999999999999886e+02
1.250000000000000000e+02 7.000000000000000666e-02 6.651194382485129536e-03 1.093410077663547071e+02 3.421240281793740905e+03 1.731999999999999886e+02
1.250000000000000000e+02 7.000000000000000666e-02 2.747179160856349708e-03 1.939425771276862065e+02 3.645920918453124159e+03 1.731999999999999886e+02
1.250000000000000000e+02 7.000000000000000666e-02 4.430108209726782258e-03 1.179385145100170291e+02 1.893401102862569132e+03 1.731999999999999886e+02
1.250000000000000000e+02 7.000000000000000666e-02 4.762831710226323421e-03 1.971526503499105161e+02 2.079309374135747021e+03 1.731999999999999886e+02
1.250000000000000000e+02 7.000000000000000666e-02 2.854315538579937656e-03 1.361011519010676238e+02 1.318845672959736476e+03 1.731999999999999886e+02
1.250000000000000000e+02 7.000000000000000666e-02 6.264021101154491726e-03 1.174037660340689939e+02 1.439423806032948505e+03 1.731999999999999886e+02
1.250000000000000000e+02 7.000000000000000666e-02 5.207429050500084547e-03 1.135718448835094563e+02 2.579512411772920132e+03 1.731999999999999886e+02
1.250000000000000000e+02 7.000000000000000666e-02 2.408550233127919066e-03 1.240673113418056346e+02 1.879684901604049401e+03 1.731999999999999886e+02
1.250000000000000000e+02 7.000000000000000666e-02 6.217126424279214962e-03 1.102568162184217186e+02 3.185410281660716464e+03 1.731999999999999886e+02
1.250000000000000000e+02 7.000000000000000666e-02 3.366715174158751381e-03 1.583771823363738918e+02 1.579518213979375332e+03 1.731999999999999886e+02
1.250000000000000000e+02 7.000000000000000666e-02 3.929703473509184655e-03 1.785087685580137986e+02 1.866624605153233915e+03 1.731999999999999886e+02
1.250000000000000000e+02 7.000000000000000666e-02 4.373274667082353677e-03 1.606331234908190879e+02 1.288460823799700620e+03 1.731999999999999886e+02
1.250000000000000000e+02 7.000000000000000666e-02 4.420852666480430161e-03 1.456869692632155306e+02 9.258201127437981768e+02 1.731999999999999886e+02
1.250000000000000000e+02 7.000000000000000666e-02 4.245638328093051354e-03 1.118532837689714938e+02 3.894802161223393341e+03 1.731999999999999886e+02
1.250000000000000000e+02 7.000000000000000666e-02 3.101588698073130725e-03 1.855521597754384118e+02 2.779581253838264274e+03 1.731999999999999886e+02
1.250000000000000000e+02 7.000000000000000666e-02 8.286335737268012841e-03 1.159017263144491210e+02 1.263842498410530425e+03 1.731999999999999886e+02
1.250000000000000000e+02 7.000000000000000666e-02 3.041590468699807530e-03 1.399030860708424200e+02 1.240944562189416274e+03 1.731999999999999886e+02
1.250000000000000000e+02 7.000000000000000666e-02 3.585575616000549748e-03 1.466818833871880656e+02 1.162435244964799494e+03 1.731999999999999886e+02
1.250000000000000000e+02 7.000000000000000666e-02 7.487929440840212364e-03 1.861619900702943369e+02 1.187369128829227975e+03 1.731999999999999886e+02
1.250000000000000000e+02 7.000000000000000666e-02 1.176174779459878252e-03 1.462532272498750672e+02 3.564863417838961141e+03 1.731999999999999886e+02
1.250000000000000000e+02 7.000000000000000666e-02 4.788898515776932215e-03 1.695951598443292312e+02 1.322903893030149902e+03 1.731999999999999886e+02
1.250000000000000000e+02 7.000000000000000666e-02 2.594982654577778283e-03 1.386524392088413720e+02 1.435485741936100794e+03 1.731999999999999886e+02
1.250000000000000000e+02 7.000000000000000666e-02 5.075111664993020057e-03 1.677664369997642666e+02 1.278296917112768597e+03 1.731999999999999886e+02
1.250000000000000000e+02 7.000000000000000666e-02 5.986271227417194057e-03 1.298526170802760475e+02 5.713754447747754739e+02 1.731999999999999886e+02
1.250000000000000000e+02 7.000000000000000666e-02 3.452015636115418704e-03 1.919208558162268901e+02 2.698047163786455258e+03 1.731999999999999886e+02
1.250000000000000000e+02 7.000000000000000666e-02 5.253623326175594146e-03 1.700279674830265719e+02 1.223899371946452220e+03 1.731999999999999886e+02
1.250000000000000000e+02 7.000000000000000666e-02 3.267856220887534364e-03 1.753609963005012560e+02 2.127844508269590733e+03 1.731999999999999886e+02
1.250000000000000000e+02 7.000000000000000666e-02 5.640947398587684014e-03 1.109355187288137046e+02 3.425654758609407509e+03 1.731999999999999886e+02
1.250000000000000000e+02 7.000000000000000666e-02 7.288044888090108864e-03 1.152437292975275369e+02 1.564647005652485404e+03 1.731999999999999886e+02
1.250000000000000000e+02 7.000000000000000666e-02 7.049570921453890415e-03 1.531105132380956775e+02 6.987955806996333195e+02 1.731999999999999886e+02
1.250000000000000000e+02 7.000000000000000666e-02 3.590986375392168310e-03 1.975320410655764363e+02 2.941156424823569068e+03 1.731999999999999886e+02
1.250000000000000000e+02 7.000000000000000666e-02 8.237875923798380212e-03 1.930305206302315923e+02 1.210652086797137599e+03 1.731999999999999886e+02
1.250000000000000000e+02 7.000000000000000666e-02 1.825035829642282850e-03 1.198173605429419695e+02 3.829723153959570482e+03 1.731999999999999886e+02
1.250000000000000000e+02 7.000000000000000666e-02 5.641197852848688077e-03 1.637451151641988076e+02 1.008619439778326523e+03 1.731999999999999886e+02
1.250000000000000000e+02 7.000000000000000666e-02 3.559366752788288742e-03 1.539528019915792925e+02 1.385108523190868254e+03 1.731999999999999886e+02
1.250000000000000000e+02 7.000000000000000666e-02 8.173262789974549899e-03 1.706574478789289628e+02 7.757432554350577902e+02 1.731999999999999886e+02
1.250000000000000000e+02 7.000000000000000666e-02 1.301965827071604326e-03 1.555033449900068376e+02 3.999688985989879257e+03 1.731999999999999886e+02
1.250000000000000000e+02 7.000000000000000666e-02 4.721897450545244415e-03 1.685295351761270126e+02 1.361728924783394632e+03 1.731999999999999886e+02
1.250000000000000000e+02 7.000000000000000666e-02 3.302945576441393156e-03 1.211394782092241513e+02 1.828155271288150288e+03 1.731999999999999886e+02
1.250000000000000000e+02 7.000000000000000666e-02 4.296567282979187226e-03 1.685500262170106112e+02 1.521592790945552679e+03 1.731999999999999886e+02
1.250000000000000000e+02 7.000000000000000666e-02 5.994569407336653930e-03 1.930169365365496787e+02 1.601544026041025973e+03 1.731999999999999886e+02
1.250000000000000000e+02 7.000000000000000666e-02 1.913865876495467406e-03 1.615929540111658582e+02 2.899204102542269084e+03 1.731999999999999886e+02
1.250000000000000000e+02 7.000000000000000666e-02 8.831330957955100744e-03 1.067027872752853881e+02 3.631064687172163303e+03 1.731999999999999886e+02
1.250000000000000000e+02 7.000000000000000666e-02 3.895540761835035448e-03 1.394667023548315967e+02 9.453425851492025913e+02 1.731999999999999886e+02
1.250000000000000000e+02 7.000000000000000666e-02 1.747033052869163740e-03 1.701986227038324841e+02 3.825003808108689555e+03 1.731999999999999886e+02
1.250000000000000000e+02 7.000000000000000666e-02 9.814194166237969613e-03 1.105998895825617865e+02 2.047624016398565573e+03 1.731999999999999886e+02
1.250000000000000000e+02 7.000000000000000666e-02 7.421665532918722205e-03 1.624053578498622414e+02 7.922448613011630414e+02 1.731999999999999886e+02
1.250000000000000000e+02 7.000000000000000666e-02 2.309175634907140000e-03 1.861157820634224151e+02 3.755977990606867024e+03 1.731999999999999886e+02
1.250000000000000000e+02 7.000000000000000666e-02 5.508099205765839071e-03 1.240813865189171707e+02 7.632602211819689728e+02 1.731999999999999886e+02
1.250000000000000000e+02 7.000000000000000666e-02 2.034485184645144600e-03 1.183147791192838270e+02 3.985889926387741980e+03 1.731999999999999886e+02
1.250000000000000000e+02 7.000000000000000666e-02 4.686616542558768098e-03 1.124586914809285076e+02 3.244777230737819536e+03 1.731999999999999886e+02
1.250000000000000000e+02 7.000000000000000666e-02 7.369886331739790124e-03 1.290612340591190446e+02 4.537454499499817757e+02 1.731999999999999886e+02
1.250000000000000000e+02 7.000000000000000666e-02 3.296005315091143136e-03 1.170776719272321884e+02 2.916004876183903889e+03 1.731999999999999886e+02
1.250000000000000000e+02 7.000000000000000666e-02 9.863837570255769988e-03 1.204847629224115764e+02 6.510119453317106490e+02 1.731999999999999886e+02
1.250000000000000000e+02 7.000000000000000666e-02 4.772377630353301196e-03 1.881035990538545093e+02 1.811106772031964738e+03 1.731999999999999886e+02
1.250000000000000000e+02 7.000000000000000666e-02 2.125435116980069900e-03 1.617152230968216315e+02 2.777134479179194841e+03 1.731999999999999886e+02
1.250000000000000000e+02 7.000000000000000666e-02 7.975500343084756735e-03 1.698308933531404818e+02 8.057853042747570953e+02 1.731999999999999886e+02
1.250000000000000000e+02 7.000000000000000666e-02 3.878115972937076945e-03 1.207745159604253047e+02 1.573816071117141291e+03 1.731999999999999886e+02
1.250000000000000000e+02 7.000000000000000666e-02 2.451855091412857499e-03 1.868512472047345341e+02 3.556647875746738919e+03 1.731999999999999886e+02
1.250000000000000000e+02 7.000000000000000666e-02 5.766778770215722112e-03 1.862011403424073706e+02 1.460434495949483562e+03 1.731999999999999886e+02
1.250000000000000000e+02 7.000000000000000666e-02 1.239287823147560037e-03 1.375962694652864684e+02 3.129850322180074727e+03 1.731999999999999886e+02
1.250000000000000000e+02 7.000000000000000666e-02 3.283129226425697718e-03 1.744777087782933904e+02 2.167512073580825472e+03 1.731999999999999886e+02
1.250000000000000000e+02 7.000000000000000666e-02 3.609485417830307630e-03 1.664521404379959790e+02 1.734054688098993665e+03 1.731999999999999886e+02
1.250000000000000000e+02 7.000000000000000666e-02 8.572936932413940947e-03 1.714383553582147215e+02 7.830242701795131097e+02 1.731999999999999886e+02
1.250000000000000000e+02 7.000000000000000666e-02 8.355536316512977499e-03 1.744013314707460154e+02 8.591102336368643364e+02 1.731999999999999886e+02
1.250000000000000000e+02 7.000000000000000666e-02 2.106725506383112356e-03 1.527825862307915941e+02 2.360008111751647448e+03 1.731999999999999886e+02
1.250000000000000000e+02 7.000000000000000666e-02 3.805987184516605813e-03 1.583075835952521686e+02 1.423691001266873172e+03 1.731999999999999886e+02
1.250000000000000000e+02 7.000000000000000666e-02 2.508436567772188812e-03 1.288397966290316674e+02 1.385678561961611422e+03 1.731999999999999886e+02
1.250000000000000000e+02 7.000000000000000666e-02 1.840913847598235533e-03 1.320713386709959707e+02 1.865943354401847046e+03 1.731999999999999886e+02
1.250000000000000000e+02 7.000000000000000666e-02 9.946419314320550237e-03 1.118165326153657162e+02 1.741141917637573215e+03 1.731999999999999886e+02
1.250000000000000000e+02 7.000000000000000666e-02 3.706018903334256081e-03 1.934863103257817158e+02 2.531349039426892432e+03 1.731999999999999886e+02
1.250000000000000000e+02 7.000000000000000666e-02 5.346066635472056933e-03 1.704301671763003299e+02 1.201714834046231999e+03 1.731999999999999886e+02
1.250000000000000000e+02 7.000000000000000666e-02 4.454395879783645991e-03 1.271704335359111582e+02 8.000724474681777565e+02 1.731999999999999886e+02
1.250000000000000000e+02 7.000000000000000666e-02 8.218197946407242507e-03 1.103491052952041258e+02 2.565562554922763411e+03 1.731999999999999886e+02
1.250000000000000000e+02 7.000000000000000666e-02 7.217971435985143062e-03 1.795209070901356085e+02 1.040689468192721506e+03 1.731999999999999886e+02
1.250000000000000000e+02 7.000000000000000666e-02 9.290343762088874163e-03 1.821883443370757902e+02 8.652902768325576517e+02 1.731999999999999886e+02
1.250000000000000000e+02 7.000000000000000666e-02 5.706372701318910418e-03 1.786167529287178297e+02 1.326659138673469442e+03 1.731999999999999886e+02
1.250000000000000000e+02 7.000000000000000666e-02 7.897605729659161466e-03 1.671116901887767199e+02 7.698303934558183528e+02 1.731999999999999886e+02
1.250000000000000000e+02 7.000000000000000666e-02 7.545050785357683594e-03 1.513420717049812367e+02 6.129725637873866617e+02 1.731999999999999886e+02
1.250000000000000000e+02 7.000000000000000666e-02 8.962138476878383705e-03 1.731175407765480827e+02 7.599148119678353623e+02 1.731999999999999886e+02
1.250000000000000000e+02 7.000000000000000666e-02 5.091289875731534742e-03 1.347600826507293164e+02 6.931043573415247465e+02 1.731999999999999886e+02
1.250000000000000000e+02 7.000000000000000666e-02 1.770705658843397612e-03 1.642747021462367343e+02 3.429419333745368021e+03 1.731999999999999886e+02
1.250000000000000000e+02 7.000000000000000666e-02 3.777443031534746289e-03 1.875136397393750656e+02 2.313340641107207830e+03 1.731999999999999886e+02
1.250000000000000000e+02 7.000000000000000666e-02 2.371267540937965681e-03 1.580973581836757944e+02 2.246607402490434197e+03 1.731999999999999886e+02
1.250000000000000000e+02 7.000000000000000666e-02 4.185730965152939693e-03 1.579738488516845791e+02 1.256956272481035285e+03 1.731999999999999886e+02
1.250000000000000000e+02 7.000000000000000666e-02 1.865607039240381373e-03 1.528628537399308982e+02 2.510115654013271069e+03 1.731999999999999886e+02
1.250000000000000000e+02 7.000000000000000666e-02 8.839416904958440763e-03 1.196086026016814827e+02 7.787355438914937622e+02 1.731999999999999886e+02
1.250000000000000000e+02 7.000000000000000666e-02 1.674784542562309875e-03 1.514741424799382798e+02 2.786236013538801217e+03 1.731999999999999886e+02
1.250000000000000000e+02 7.000000000000000666e-02 8.493804010982904454e-03 1.070210998766804948e+02 3.518633089558514712e+03 1.731999999999999886e+02
1.250000000000000000e+02 7.000000000000000666e-02 5.570309986358564988e-03 1.681417065503978279e+02 1.143716521831212049e+03 1.731999999999999886e+02
1.250000000000000000e+02 7.000000000000000666e-02 3.835823094450887573e-03 1.845375967095121155e+02 2.127220305610429932e+03 1.731999999999999886e+02
1.250000000000000000e+02 7.000000000000000666e-02 5.461561123711554215e-03 1.672506814153174446e+02 1.189526543091450776e+03 1.731999999999999886e+02
1.250000000000000000e+02 7.000000000000000666e-02 6.300515924293897951e-03 1.808705546527196475e+02 1.261919856149021598e+03 1.731999999999999886e+02
1.250000000000000000e+02 7.000000000000000666e-02 4.207831151812477070e-03 1.332140197737180358e+02 8.570287422900588581e+02 1.731999999999999886e+02
1.250000000000000000e+02 7.000000000000000666e-02 4.847883919775660029e-03 1.987137788965665095e+02 2.152123927935136635e+03 1.731999999999999886e+02
1.250000000000000000e+02 7.000000000000000666e-02 2.052111282922933471e-03 1.586340556620069151e+02 2.667702430112218735e+03 1.731999999999999886e+02
1.250000000000000000e+02 7.000000000000000666e-02 3.901537746636858737e-03 1.780059233768801334e+02 1.966314092761733946e+03 1.731999999999999886e+02
1.250000000000000000e+02 7.000000000000000666e-02 3.110067853860633020e-03 1.777850498527434411e+02 2.500622293981615712e+03 1.731999999999999886e+02
1.250000000000000000e+02 7.000000000000000666e-02 2.588780254540729801e-03 1.684322881145888857e+02 2.503803979703558980e+03 1.731999999999999886e+02
1.250000000000000000e+02 7.000000000000000666e-02 2.604926415312742560e-03 1.873330254297902400e+02 3.475508350150749266e+03 1.731999999999999886e+02
1.250000000000000000e+02 7.000000000000000666e-02 4.832576217929381024e-03 1.658015718153758939e+02 1.296870134355690652e+03 1.731999999999999886e+02
1.250000000000000000e+02 7.000000000000000666e-02 6.619806419825798906e-03 1.831764455582045912e+02 1.274446665182408879e+03 1.731999999999999886e+02
1.250000000000000000e+02 7.000000000000000666e-02 5.064360928933835625e-03 1.854468993583041083e+02 1.633303159161776421e+03 1.731999999999999886e+02
1.250000000000000000e+02 7.000000000000000666e-02 5.732680106902026708e-03 1.443990955547357089e+02 7.236792025160294770e+02 1.731999999999999886e+02
1.250000000000000000e+02 7.000000000000000666e-02 4.612985350784238464e-03 1.720076995107773428e+02 1.515215786781613133e+03 1.731999999999999886e+02
1.250000000000000000e+02 7.000000000000000666e-02 1.616151938038855708e-03 1.280851775947569990e+02 2.197660852446464105e+03 1.731999999999999886e+02
1.250000000000000000e+02 7.000000000000000666e-02 2.208150825885336985e-03 1.783246509846712229e+02 3.464571081140087699e+03 1.731999999999999886e+02
1.250000000000000000e+02 7.000000000000000666e-02 8.978456674232080867e-03 1.149340002596467087e+02 1.331222820724046414e+03 1.731999999999999886e+02
1.250000000000000000e+02 7.000000000000000666e-02 6.821703557019337914e-03 1.195724683743930399e+02 1.077789887750200933e+03 1.731999999999999886e+02
1.250000000000000000e+02 7.000000000000000666e-02 1.951052829209568408e-03 1.317227380442893718e+02 1.814577206851205347e+03 1.731999999999999886e+02
1.250000000000000000e+02 7.000000000000000666e-02 8.929766002359043955e-03 1.246201925685217731e+02 4.661173574433088334e+02 1.731999999999999886e+02
1.250000000000000000e+02 7.000000000000000666e-02 1.052007734478395190e-03 1.337390719386435478e+02 3.468438872474107484e+03 1.731999999999999886e+02
1.250000000000000000e+02 7.000000000000000666e-02 2.660514503103330805e-03 1.536214351126358224e+02 1.881324352551395350e+03 1.731999999999999886e+02
1.250000000000000000e+02 7.000000000000000666e-02 2.927235745090389380e-03 1.853241965185951017e+02 2.937225909948713706e+03 1.731999999999999886e+02
1.250000000000000000e+02 7.000000000000000666e-02 9.858684869005375842e-03 1.104636955960130109e+02 2.068256964357516608e+03 1.731999999999999886e+02
1.250000000000000000e+02 7.000000000000000666e-02 2.167076128106092559e-03 1.225307874760145666e+02 2.344599774345898823e+03 1.731999999999999886e+02
1.250000000000000000e+02 7.000000000000000666e-02 4.132940214258942063e-03 1.648241818481768348e+02 1.427395653995166640e+03 1.731999999999999886e+02
1.250000000000000000e+02 7.000000000000000666e-02 4.491436592162184431e-03 1.632871213593972470e+02 1.326475550609643051e+03 1.731999999999999886e+02
1.250000000000000000e+02 7.000000000000000666e-02 2.697958513737631295e-03 1.570039708541946766e+02 1.874922034560833026e+03 1.731999999999999886e+02
1.250000000000000000e+02 7.000000000000000666e-02 2.402472115849270395e-03 1.787589395806800212e+02 3.194390044775674596e+03 1.731999999999999886e+02
1.250000000000000000e+02 7.000000000000000666e-02 4.190117187518885115e-03 1.900765596887360971e+02 2.188740575931998592e+03 1.731999999999999886e+02
1.250000000000000000e+02 7.000000000000000666e-02 4.381490933191126841e-03 1.765640066000707122e+02 1.693810741872131757e+03 1.731999999999999886e+02
1.250000000000000000e+02 7.000000000000000666e-02 3.543331526124336196e-03 1.166465903532236581e+02 2.866441502848103937e+03 1.731999999999999886e+02
1.250000000000000000e+02 7.000000000000000666e-02 2.483108096833299555e-03 1.443247503993659677e+02 1.623967957281495728e+03 1.731999999999999886e+02
1.250000000000000000e+02 7.000000000000000666e-02 3.091195707983307971e-03 1.903942865514902110e+02 2.968305703813610307e+03 1.731999999999999886e+02
1.250000000000000000e+02 7.000000000000000666e-02 9.542617627698488439e-03 1.278405456717241577e+02 3.575628526044174578e+02 1.731999999999999886e+02
1.250000000000000000e+02 7.000000000000000666e-02 5.135480998310552707e-03 1.206946398833033527e+02 1.271601141503045710e+03 1.731999999999999886e+02
1.250000000000000000e+02 7.000000000000000666e-02 2.164752319579637315e-03 1.221083798702013326e+02 2.434627881729735236e+03 1.731999999999999886e+02
1.250000000000000000e+02 7.000000000000000666e-02 1.431588834686739779e-03 1.615036994814961986e+02 3.808342346898873075e+03 1.731999999999999886e+02
1.250000000000000000e+02 7.000000000000000666e-02 3.892131292830763173e-03 1.126287213030813632e+02 3.960543964650188173e+03 1.731999999999999886e+02
1.250000000000000000e+02 7.000000000000000666e-02 2.375104059519699776e-03 1.370145278279866830e+02 1.536616168314052857e+03 1.731999999999999886e+02
1.250000000000000000e+02 7.000000000000000666e-02 3.685986907291177988e-03 1.665925187819996154e+02 1.612947459092622694e+03 1.731999999999999886e+02
1.250000000000000000e+02 7.000000000000000666e-02 1.597401915970484820e-03 1.648191885257963918e+02 3.626097485989428606e+03 1.731999999999999886e+02
1.250000000000000000e+02 7.000000000000000666e-02 9.108783416556022819e-03 1.061887424703369049e+02 3.799883485428432778e+03 1.731999999999999886e+02
1.250000000000000000e+02 7.000000000000000666e-02 7.352699844652328849e-03 1.090796539520065664e+02 3.181996638616465589e+03 1.731999999999999886e+02
1.250000000000000000e+02 7.000000000000000666e-02 3.321102378243290677e-03 1.698121276274606259e+02 2.043172525957458220e+03 1.731999999999999886e+02
1.250000000000000000e+02 7.000000000000000666e-02 3.009516543544004784e-03 1.524860211481826582e+02 1.569428604754930348e+03 1.731999999999999886e+02
1.250000000000000000e+02 7.000000000000000666e-02 4.808823389403205258e-03 1.667207299255226189e+02 1.292617599075835415e+03 1.731999999999999886e+02
1.250000000000000000e+02 7.000000000000000666e-02 8.330055742910688968e-03 1.450352439766887755e+02 5.079820015722993389e+02 1.731999999999999886e+02
1.250000000000000000e+02 7.000000000000000666e-02 9.869573794238289260e-03 1.592844331663059734e+02 5.257108807587704860e+02 1.731999999999999886e+02
1.250000000000000000e+02 7.000000000000000666e-02 8.608158638374595675e-03 1.836218550762048949e+02 9.493218707993418093e+02 1.731999999999999886e+02
1.250000000000000000e+02 7.000000000000000666e-02 9.593422851399182813e-03 1.056510647659788589e+02 3.759254117107093862e+03 1.731999999999999886e+02
1.250000000000000000e+02 7.000000000000000666e-02 4.785089007414468527e-03 1.968639513660572504e+02 2.066452546507156512e+03 1.731999999999999886e+02
1.250000000000000000e+02 7.000000000000000666e-02 3.271331194611053986e-03 1.822131497987689954e+02 2.473102653161916805e+03 1.731999999999999886e+02
1.250000000000000000e+02 7.000000000000000666e-02 2.924689730995785886e-03 1.874442927702423276e+02 3.020465759325547424e+03 1.731999999999999886e+02
1.250000000000000000e+02 7.000000000000000666e-02 6.611764460782749639e-03 1.478803927830687144e+02 6.932915415909834564e+02 1.731999999999999886e+02
1.250000000000000000e+02 7.000000000000000666e-02 4.609971600419402599e-03 1.347357774311043670e+02 7.656092825375657185e+02 1.731999999999999886e+02
1.250000000000000000e+02 7.000000000000000666e-02 3.060181772755769022e-03 1.618224380626024583e+02 1.932913054305931382e+03 1.731999999999999886e+02
1.250000000000000000e+02 7.000000000000000666e-02 3.051905637434483391e-03 1.147849896071823963e+02 3.915168878810659862e+03 1.731999999999999886e+02
1.250000000000000000e+02 7.000000000000000666e-02 7.179190577259885082e-03 1.759911070972443099e+02 9.955256821373175171e+02 1.731999999999999886e+02
1.250000000000000000e+02 7.000000000000000666e-02 5.181258799265690308e-03 1.281632949111669575e+02 6.789257700631657144e+02 1.731999999999999886e+02
1.250000000000000000e+02 7.000000000000000666e-02 2.527068925608126539e-03 1.592262735638179265e+02 2.222873585377346899e+03 1.731999999999999886e+02
1.250000000000000000e+02 7.000000000000000666e-02 1.849751350709827021e-03 1.218811085613266698e+02 3.031109578425876407e+03 1.731999999999999886e+02
1.250000000000000000e+02 7.000000000000000666e-02 7.833719770987011485e-03 1.436828262806915291e+02 5.027061846262692484e+02 1.731999999999999886e+02
1.250000000000000000e+02 7.000000000000000666e-02 8.437341371478619678e-03 1.578187512623031523e+02 6.193943578156226977e+02 1.731999999999999886e+02
1.250000000000000000e+02 7.000000000000000666e-02 3.043968871181515143e-03 1.429190056242654521e+02 1.342861156865179510e+03 1.731999999999999886e+02
1.250000000000000000e+02 7.000000000000000666e-02 2.138875591430742205e-03 1.866951093783022202e+02 3.927511350193467024e+03 1.731999999999999886e+02
1.250000000000000000e+02 7.000000000000000666e-02 2.787090179297785700e-03 1.999505333364858188e+02 3.942475924833923273e+03 1.731999999999999886e+02
1.250000000000000000e+02 7.000000000000000666e-02 5.238670188875609555e-03 1.984928344489923973e+02 1.937707449247938030e+03 1.731999999999999886e+02
1.250000000000000000e+02 7.000000000000000666e-02 7.944768882113952685e-03 1.135862438428733583e+02 1.774543917723640561e+03 1.731999999999999886e+02
1.250000000000000000e+02 7.000000000000000666e-02 7.650756474945289570e-03 1.073231374674617200e+02 3.978204825103252915e+03 1.731999999999999886e+02
1.250000000000000000e+02 7.000000000000000666e-02 9.614716019905322764e-03 1.116907818233062670e+02 1.785672592525766504e+03 1.731999999999999886e+02
1.250000000000000000e+02 7.000000000000000666e-02 3.698859378221438197e-03 1.772852977169700921e+02 2.071275997551600994e+03 1.731999999999999886e+02
1.250000000000000000e+02 7.000000000000000666e-02 4.645874826480376682e-03 1.183365605422546452e+02 1.815068891710152002e+03 1.731999999999999886e+02
1.250000000000000000e+02 7.000000000000000666e-02 4.588550196814576189e-03 1.607148933253378971e+02 1.224434936639908756e+03 1.731999999999999886e+02
1.250000000000000000e+02 7.000000000000000666e-02 9.766661243953330893e-03 1.902699808100159089e+02 9.696478292385779696e+02 1.731999999999999886e+02
1.250000000000000000e+02 7.000000000000000666e-02 7.680814265472921641e-03 1.955042177342287175e+02 1.308637738207114580e+03 1.731999999999999886e+02
1.250000000000000000e+02 7.000000000000000666e-02 8.000534866396223979e-03 1.791537814087585048e+02 9.427772066232518000e+02 1.731999999999999886e+02
1.250000000000000000e+02 7.000000000000000666e-02 9.864629363727060382e-03 1.065489062948250876e+02 3.217127195302348809e+03 1.731999999999999886e+02
1.250000000000000000e+02 7.000000000000000666e-02 6.291030875455148018e-03 1.109332063940685913e+02 2.915343582744069863e+03 1.731999999999999886e+02
1.250000000000000000e+02 7.000000000000000666e-02 6.622498183353054194e-03 1.088773940158530422e+02 3.676332482742121556e+03 1.731999999999999886e+02
1.250000000000000000e+02 7.000000000000000666e-02 1.457325464215048329e-03 1.368844720283906895e+02 2.548980239051798435e+03 1.731999999999999886e+02
1.250000000000000000e+02 7.000000000000000666e-02 5.855505571833336323e-03 1.742199423131602316e+02 1.235851749500313190e+03 1.731999999999999886e+02
1.250000000000000000e+02 7.000000000000000666e-02 4.907785118309955161e-03 1.744753636921848852e+02 1.483534776726958853e+03 1.731999999999999886e+02
1.250000000000000000e+02 7.000000000000000666e-02 1.565044775462972725e-03 1.446459017161923555e+02 2.645518608436568684e+03 1.731999999999999886e+02
1.250000000000000000e+02 7.000000000000000666e-02 2.532119008432301942e-03 1.559748330169934434e+02 1.954920147554646746e+03 1.731999999999999886e+02
1.250000000000000000e+02 7.000000000000000666e-02 8.518039002826801112e-03 1.712768288319401790e+02 7.909757360875059931e+02 1.731999999999999886e+02
1.250000000000000000e+02 7.000000000000000666e-02 5.751413661513286348e-03 1.261615369719720263e+02 6.202109726653302459e+02 1.731999999999999886e+02
1.250000000000000000e+02 7.000000000000000666e-02 7.893320276954919612e-03 1.087771035040567114e+02 3.072613892716513874e+03 1.731999999999999886e+02
1.250000000000000000e+02 7.000000000000000666e-02 5.273995266921860554e-03 1.107684927250519991e+02 3.688763415127489225e+03 1.731999999999999886e+02
1.250000000000000000e+02 7.000000000000000666e-02 4.731132238224138205e-03 1.873060829946616650e+02 1.882102764562267339e+03 1.731999999999999886e+02
1.250000000000000000e+02 7.000000000000000666e-02 4.778385503967366547e-03 1.950603291283956082e+02 2.102604005196087201e+03 1.731999999999999886e+02
1.250000000000000000e+02 7.000000000000000666e-02 1.343877651059764092e-03 1.502548068300053501e+02 3.321331235345651294e+03 1.731999999999999886e+02
1.250000000000000000e+02 7.000000000000000666e-02 1.752553468600226124e-03 1.482870584060373176e+02 2.460856437737632405e+03 1.731999999999999886e+02
1.250000000000000000e+02 7.000000000000000666e-02 7.358375548952625876e-03 1.961531391255679182e+02 1.341532508437265960e+03 1.731999999999999886e+02
1.250000000000000000e+02 7.000000000000000666e-02 2.752134990884935132e-03 1.867556299732395644e+02 3.190643231959084005e+03 1.731999999999999886e+02
1.250000000000000000e+02 7.000000000000000666e-02 1.166413658735587170e-03 1.505575819844643775e+02 3.885855782827904932e+03 1.731999999999999886e+02
1.250000000000000000e+02 7.000000000000000666e-02 1.595003116462312669e-03 1.457166950262612488e+02 2.660817075207096877e+03 1.731999999999999886e+02
1.250000000000000000e+02 7.000000000000000666e-02 1.546619380346937701e-03 1.295668064461500535e+02 2.242500014642465430e+03 1.731999999999999886e+02
1.250000000000000000e+02 7.000000000000000666e-02 4.476487382889272719e-03 1.130977705524861818e+02 3.387360774484384820e+03 1.731999999999999886e+02
1.250000000000000000e+02 7.000000000000000666e-02 4.417036541917404233e-03 1.664768112333774468e+02 1.443639794474303699e+03 1.731999999999999886e+02
1.250000000000000000e+02 7.000000000000000666e-02 3.073774982139890286e-03 1.640936188670167724e+02 1.866334428836888037e+03 1.731999999999999886e+02
1.250000000000000000e+02 7.000000000000000666e-02 1.077771151294701097e-03 1.336099698788285082e+02 3.240442745911206657e+03 1.731999999999999886e+02
1.250000000000000000e+02 7.000000000000000666e-02 4.656343732068986448e-03 1.543886623530980842e+02 1.040200097129192727e+03 1.731999999999999886e+02
1.250000000000000000e+02 7.000000000000000666e-02 6.468382329446201173e-03 1.512189397744278381e+02 7.065157638628694485e+02 1.731999999999999886e+02
1.250000000000000000e+02 7.000000000000000666e-02 7.363526805067231208e-03 1.943178435990680555e+02 1.344692515422412953e+03 1.731999999999999886e+02
1.250000000000000000e+02 7.000000000000000666e-02 5.356662259495849170e-03 1.234070605345298333e+02 8.378971698815385025e+02 1.731999999999999886e+02
1.250000000000000000e+02 7.000000000000000666e-02 9.913294411833650094e-03 1.483524992578094270e+02 4.278070985852373269e+02 1.731999999999999886e+02
1.250000000000000000e+02 7.000000000000000666e-02 5.367780643808539413e-03 1.780846894587632505e+02 1.450342744867953570e+03 1.731999999999999886e+02
1.250000000000000000e+02 7.000000000000000666e-02 7.039500483538852806e-03 1.912350652996718168e+02 1.336208952642486793e+03 1.731999999999999886e+02
1.250000000000000000e+02 7.000000000000000666e-02 1.785121027840092618e-03 1.534948627036749826e+02 2.656663647199317893e+03 1.731999999999999886e+02
1.250000000000000000e+02 7.000000000000000666e-02 4.500874102831930665e-03 1.780216789492757243e+02 1.679724503378017289e+03 1.731999999999999886e+02
1.250000000000000000e+02 7.000000000000000666e-02 4.107765118907702462e-03 1.628041774945825182e+02 1.409318651396682299e+03 1.731999999999999886e+02
1.250000000000000000e+02 7.000000000000000666e-02 2.130507252019338358e-03 1.830728772858531386e+02 3.908506606032134641e+03 1.731999999999999886e+02
1.250000000000000000e+02 7.000000000000000666e-02 4.270786845327079542e-03 1.458633911163837809e+02 9.653388385693734790e+02 1.731999999999999886e+02
1.250000000000000000e+02 7.000000000000000666e-02 8.218043698658319962e-03 1.264451467035833048e+02 4.439070531348141344e+02 1.731999999999999886e+02
1.250000000000000000e+02 7.000000000000000666e-02 2.909401472456329095e-03 1.885229842171902703e+02 3.172262538548395241e+03 1.731999999999999886e+02
1.250000000000000000e+02 7.000000000000000666e-02 5.747137662763907376e-03 1.784590329064162120e+02 1.274831984345304136e+03 1.731999999999999886e+02
1.250000000000000000e+02 7.000000000000000666e-02 3.731245431475805827e-03 1.219854343448175342e+02 1.519310963148843712e+03 1.731999999999999886e+02
1.250000000000000000e+02 7.000000000000000666e-02 8.305502703616787427e-03 1.082604735943421588e+02 3.014345766859313244e+03 1.731999999999999886e+02
1.250000000000000000e+02 7.000000000000000666e-02 7.410978439799867021e-03 1.187548993043593839e+02 1.077161270682506938e+03 1.731999999999999886e+02
1.250000000000000000e+02 7.000000000000000666e-02 3.292155089364447434e-03 1.693632242136906711e+02 2.043751283401483988e+03 1.731999999999999886e+02
1.250000000000000000e+02 7.000000000000000666e-02 5.472669038689903162e-03 1.521820524012157989e+02 8.538762103590711376e+02 1.731999999999999886e+02
1.250000000000000000e+02 7.000000000000000666e-02 9.675223214422958712e-03 1.926693580055680286e+02 9.834277177136075352e+02 1.731999999999999886e+02
1.250000000000000000e+02 7.000000000000000666e-02 9.701351550131746132e-03 1.113039160971565167e+02 1.797234476103668840e+03 1.731999999999999886e+02
1.250000000000000000e+02 7.000000000000000666e-02 9.921122732363469449e-03 1.785734040772113644e+02 7.613685086863855531e+02 1.731999999999999886e+02
1.250000000000000000e+02 7.000000000000000666e-02 2.097570395961749056e-03 1.618743071371359008e+02 2.740686131443854720e+03 1.731999999999999886e+02
1.250000000000000000e+02 7.000000000000000666e-02 7.191701177713684043e-03 1.084953845809168058e+02 3.686882012723600837e+03 1.731999999999999886e+02
1.250000000000000000e+02 7.000000000000000666e-02 3.063510524518471816e-03 1.156919031573365118e+02 3.575341479167821944e+03 1.731999999999999886e+02
1.250000000000000000e+02 7.000000000000000666e-02 5.498875385705896332e-03 1.575462248040195732e+02 9.664601123366214779e+02 1.731999999999999886e+02
1.250000000000000000e+02 7.000000000000000666e-02 9.226225767345164197e-03 1.197579240170976504e+02 7.744395030578230035e+02 1.731999999999999886e+02
1.250000000000000000e+02 7.000000000000000666e-02 2.462128726472081770e-03 1.827232827269272093e+02 3.226560874296060319e+03 1.731999999999999886e+02
1.250000000000000000e+02 7.000000000000000666e-02 4.728483062971538045e-03 1.689585885308293314e+02 1.346112354213250455e+03 1.731999999999999886e+02
1.250000000000000000e+02 7.000000000000000666e-02 2.976601090274354992e-03 1.637971861071732462e+02 1.928430021236765697e+03 1.731999999999999886e+02
1.250000000000000000e+02 7.000000000000000666e-02 5.129461622626213697e-03 1.469940111663131290e+02 8.205235508597787657e+02 1.731999999999999886e+02
1.250000000000000000e+02 7.000000000000000666e-02 4.036239198965153006e-03 1.529935962242951177e+02 1.206433608444828451e+03 1.731999999999999886e+02
1.250000000000000000e+02 7.000000000000000666e-02 4.242124931673002530e-03 1.478926745099160769e+02 1.065661941524237136e+03 1.731999999999999886e+02
1.250000000000000000e+02 7.000000000000000666e-02 5.991186009340857856e-03 1.187678976929810943e+02 1.276146750898001301e+03 1.731999999999999886e+02
1.250000000000000000e+02 7.000000000000000666e-02 2.544206840189340655e-03 1.418817577636812644e+02 1.525750157704138928e+03 1.731999999999999886e+02
1.250000000000000000e+02 7.000000000000000666e-02 3.989277002827121624e-03 1.615393947955710985e+02 1.433656931656324105e+03 1.731999999999999886e+02
1.250000000000000000e+02 7.000000000000000666e-02 8.083851876316232657e-03 1.542143942877703182e+02 6.145413011949285647e+02 1.731999999999999886e+02
1.250000000000000000e+02 7.000000000000000666e-02 2.806316064753807456e-03 1.541640538111446119e+02 1.724254870191917917e+03 1.731999999999999886e+02
1.250000000000000000e+02 7.000000000000000666e-02 4.728604352424865299e-03 1.981464524221867407e+02 2.128626290069132665e+03 1.731999999999999886e+02
1.250000000000000000e+02 7.000000000000000666e-02 6.935979472004764369e-03 1.818400646213065670e+02 1.191673871699265874e+03 1.731999999999999886e+02
1.250000000000000000e+02 7.000000000000000666e-02 2.273288274663598334e-03 1.252986549358730883e+02 1.639556132105784400e+03 1.731999999999999886e+02
1.250000000000000000e+02 7.000000000000000666e-02 5.088984935219196745e-03 1.220037538138344075e+02 1.069492930797806821e+03 1.731999999999999886e+02
1.250000000000000000e+02 7.000000000000000666e-02 1.406622340632786902e-03 1.547905413878060301e+02 3.657081505891576853e+03 1.731999999999999886e+02
1.250000000000000000e+02 7.000000000000000666e-02 7.656976482490263254e-03 1.562588211309181077e+02 6.433150430943302354e+02 1.731999999999999886e+02
1.250000000000000000e+02 7.000000000000000666e-02 5.075346121752088123e-03 1.152326287296331202e+02 2.321837327725772411e+03 1.731999999999999886e+02
1.250000000000000000e+02 7.000000000000000666e-02 2.782808303889081764e-03 1.853764341371461342e+02 2.941424582426889629e+03 1.731999999999999886e+02
1.250000000000000000e+02 7.000000000000000666e-02 1.925158656142573815e-03 1.501586788383626185e+02 2.359995645799527665e+03 1.731999999999999886e+02
1.250000000000000000e+02 7.000000000000000666e-02 6.374140679853796884e-03 1.374134271860397405e+02 5.615395232067155575e+02 1.731999999999999886e+02
1.250000000000000000e+02 7.000000000000000666e-02 4.086601300195153927e-03 1.187249202795465379e+02 1.886607409355642403e+03 1.731999999999999886e+02
1.250000000000000000e+02 7.000000000000000666e-02 4.453519325674139100e-03 1.929737493186687800e+02 2.139064566505328003e+03 1.731999999999999886e+02
1.250000000000000000e+02 7.000000000000000666e-02 3.508104739109377170e-03 1.139343017539674747e+02 3.928890134021944959e+03 1.731999999999999886e+02
1.250000000000000000e+02 7.000000000000000666e-02 2.036031231602098389e-03 1.748857434894999869e+02 3.579285132427929966e+03 1.731999999999999886e+02
1.250000000000000000e+02 7.000000000000000666e-02 1.324273119644221557e-03 1.392533872621428657e+02 2.850908977583985234e+03 1.731999999999999886e+02
1.250000000000000000e+02 7.000000000000000666e-02 1.070902567756112402e-03 1.291589232768608042e+02 3.147138539525353735e+03 1.731999999999999886e+02
1.250000000000000000e+02 7.000000000000000666e-02 8.461439508906562143e-03 1.976067177759354649e+02 1.188930627888425761e+03 1.731999999999999886e+02
1.250000000000000000e+02 7.000000000000000666e-02 3.176735893939446314e-03 1.524525962248683868e+02 1.509477567436962772e+03 1.731999999999999886e+02
1.250000000000000000e+02 7.000000000000000666e-02 3.465468290067872693e-03 1.797141119656770911e+02 2.285933928332896357e+03 1.731999999999999886e+02
1.250000000000000000e+02 7.000000000000000666e-02 2.641275821973090941e-03 1.300586061611287505e+02 1.304568794289799825e+03 1.731999999999999886e+02
1.250000000000000000e+02 7.000000000000000666e-02 8.088124190125002902e-03 1.707943101142349747e+02 7.908840247935700063e+02 1.731999999999999886e+02
1.250000000000000000e+02 7.000000000000000666e-02 9.333576714545550879e-03 1.063544598286600120e+02 3.691693555491397547e+03 1.731999999999999886e+02
1.250000000000000000e+02 7.000000000000000666e-02 6.337201657713567408e-03 1.384727793707507999e+02 5.710043423436009107e+02 1.731999999999999886e+02
1.250000000000000000e+02 7.000000000000000666e-02 7.187800185332148331e-03 1.125697306780625695e+02 2.241247780129838702e+03 1.731999999999999886e+02
1.250000000000000000e+02 7.000000000000000666e-02 3.336371493681283655e-03 1.952550212570582744e+02 3.101200170177081873e+03 1.731999999999999886e+02
1.250000000000000000e+02 7.000000000000000666e-02 9.954708547568236893e-03 1.151329812865188131e+02 1.190402856936225362e+03 1.731999999999999886e+02
1.250000000000000000e+02 7.000000000000000666e-02 2.094615749827042229e-03 1.846078166804433920e+02 3.970047818446842484e+03 1.731999999999999886e+02
1.250000000000000000e+02 7.000000000000000666e-02 5.722609945247346570e-03 1.903598089551450130e+02 1.571561229062124767e+03 1.731999999999999886e+02
1.250000000000000000e+02 7.000000000000000666e-02 8.805885613751930630e-03 1.089591666545622672e+02 2.607518758917546620e+03 1.731999999999999886e+02
1.250000000000000000e+02 7.000000000000000666e-02 2.890693740244804424e-03 1.758260404414199911e+02 2.598277390835991810e+03 1.731999999999999886e+02
1.250000000000000000e+02 7.000000000000000666e-02 5.308745502250958835e-03 1.615419196186252861e+02 1.026430137196273790e+03 1.731999999999999886e+02
1.250000000000000000e+02 7.000000000000000666e-02 3.095897505377156154e-03 1.741164898049621002e+02 2.339926998742917021e+03 1.731999999999999886e+02
1.250000000000000000e+02 7.000000000000000666e-02 5.312932746251611965e-03 1.935277135141386111e+02 1.754350353265088870e+03 1.731999999999999886e+02
1.250000000000000000e+02 7.000000000000000666e-02 2.819921896377533804e-03 1.881704824689232112e+02 3.169787740844025393e+03 1.731999999999999886e+02
1.250000000000000000e+02 7.000000000000000666e-02 9.803109600012191796e-03 1.834548035635076246e+02 8.186084333941297473e+02 1.731999999999999886e+02
1.250000000000000000e+02 7.000000000000000666e-02 7.274511522626216607e-03 1.936325481260540755e+02 1.302781557452082325e+03 1.731999999999999886e+02
1.250000000000000000e+02 7.000000000000000666e-02 8.370503171393341851e-03 1.222242083228444329e+02 6.373110482280015958e+02 1.731999999999999886e+02
1.250000000000000000e+02 7.000000000000000666e-02 2.165642306049664519e-03 1.348739312883801915e+02 1.649381939936288745e+03 1.731999999999999886e+02
1.250000000000000000e+02 7.000000000000000666e-02 9.256159060305612848e-03 1.563763036211148290e+02 5.395018548491839283e+02 1.731999999999999886e+02
1.250000000000000000e+02 7.000000000000000666e-02 2.316147768971410590e-03 1.758154400755622362e+02 3.250376386831416312e+03 1.731999999999999886e+02
1.250000000000000000e+02 7.000000000000000666e-02 4.605015106896787926e-03 1.445518662668726506e+02 8.898936091956990140e+02 1.731999999999999886e+02
1.250000000000000000e+02 7.000000000000000666e-02 9.895077666598407068e-03 1.188179629830765691e+02 8.042921392902670732e+02 1.731999999999999886e+02
1.250000000000000000e+02 7.000000000000000666e-02 2.215029700737580244e-03 1.298312496626834616e+02 1.594668242855756034e+03 1.731999999999999886e+02
1.250000000000000000e+02 7.000000000000000666e-02 8.175713997708593944e-03 1.916983582264282688e+02 1.167544936288635881e+03 1.731999999999999886e+02
1.250000000000000000e+02 7.000000000000000666e-02 2.047232042261392260e-03 1.420164115662103370e+02 1.905397976287485335e+03 1.731999999999999886e+02
1.250000000000000000e+02 7.000000000000000666e-02 6.010138140887434470e-03 1.952656070142451767e+02 1.683828884027168897e+03 1.731999999999999886e+02
1.250000000000000000e+02 7.000000000000000666e-02 3.761829844962496627e-03 1.148798065028848185e+02 3.306972688847422887e+03 1.731999999999999886e+02
1.250000000000000000e+02 7.000000000000000666e-02 2.719329591479223603e-03 1.902250451393216224e+02 3.339476223233141354e+03 1.731999999999999886e+02
1.250000000000000000e+02 7.000000000000000666e-02 5.934372061146176922e-03 1.797517693548211923e+02 1.289448174651505951e+03 1.731999999999999886e+02
1.250000000000000000e+02 7.000000000000000666e-02 3.982954369995413135e-03 1.142143592389228957e+02 3.149601054905356705e+03 1.731999999999999886e+02
1.250000000000000000e+02 7.000000000000000666e-02 6.125790308884331188e-03 1.129787949643726250e+02 2.482532461614703607e+03 1.731999999999999886e+02
1.250000000000000000e+02 7.000000000000000666e-02 2.297620751028695615e-03 1.350155679281227492e+02 1.556785343952768926e+03 1.731999999999999886e+02
1.250000000000000000e+02 7.000000000000000666e-02 6.448936470492057371e-03 1.751200643831783168e+02 1.125017682942666625e+03 1.731999999999999886e+02
1.250000000000000000e+02 7.000000000000000666e-02 1.491580056291213173e-03 1.287686402466015068e+02 2.251896919578347024e+03 1.731999999999999886e+02
1.250000000000000000e+02 7.000000000000000666e-02 4.861260229620687108e-03 1.945784941540764521e+02 2.073488527069316206e+03 1.731999999999999886e+02
1.250000000000000000e+02 7.000000000000000666e-02 7.419110787862371291e-03 1.805412509365715437e+02 1.051011394338686159e+03 1.731999999999999886e+02
1.250000000000000000e+02 7.000000000000000666e-02 3.223237037031029175e-03 1.804507157390683858e+02 2.507727112654792109e+03 1.731999999999999886e+02
1.250000000000000000e+02 7.000000000000000666e-02 6.426042867404755526e-03 1.983767423827818277e+02 1.623091294472537129e+03 1.731999999999999886e+02
1.250000000000000000e+02 7.000000000000000666e-02 2.654277026996729964e-03 1.162100309857547842e+02 3.747933047864015407e+03 1.731999999999999886e+02
1.250000000000000000e+02 7.000000000000000666e-02 1.267421848475047729e-03 1.521116973634545957e+02 3.787121940777120926e+03 1.731999999999999886e+02
1.250000000000000000e+02 7.000000000000000666e-02 5.043674390473054658e-03 1.989932282242061774e+02 2.082387219182192439e+03 1.731999999999999886e+02
1.250000000000000000e+02 7.000000000000000666e-02 9.382598737220448556e-03 1.443678189888360919e+02 4.345733252850183703e+02 1.731999999999999886e+02
1.250000000000000000e+02 7.000000000000000666e-02 7.054130865953323407e-03 1.928062469894943547e+02 1.395238436903141292e+03 1.731999999999999886e+02
1.250000000000000000e+02 7.000000000000000666e-02 6.019379015130283360e-03 1.420060199337592053e+02 6.360692866970994146e+02 1.731999999999999886e+02
1.250000000000000000e+02 7.000000000000000666e-02 6.164783209939359368e-03 1.645815669872315539e+02 9.936016424430489451e+02 1.731999999999999886e+02
1.250000000000000000e+02 7.000000000000000666e-02 4.633410159242893310e-03 1.741887901115968305e+02 1.538346787529514359e+03 1.731999999999999886e+02
1.250000000000000000e+02 7.000000000000000666e-02 5.088807631958798539e-03 1.835897954064405440e+02 1.600357735097427621e+03 1.731999999999999886e+02
1.250000000000000000e+02 7.000000000000000666e-02 5.198451968101534468e-03 1.154318712851975022e+02 2.204012892639955680e+03 1.731999999999999886e+02
1.250000000000000000e+02 7.000000000000000666e-02 8.460536685683467742e-03 1.843606703465502505e+02 9.563474071963198639e+02 1.731999999999999886e+02
1.250000000000000000e+02 7.000000000000000666e-02 4.947540918107997017e-03 1.516523923762264587e+02 9.529099026977174844e+02 1.731999999999999886e+02
1.250000000000000000e+02 7.000000000000000666e-02 6.458139013307876396e-03 1.801435844896793697e+02 1.212080284270865832e+03 1.731999999999999886e+02
1.250000000000000000e+02 7.000000000000000666e-02 3.132917114833882240e-03 1.224433509019944211e+02 1.614161371345138832e+03 1.731999999999999886e+02
1.250000000000000000e+02 7.000000000000000666e-02 2.645276512523782753e-03 1.182714529665084200e+02 3.027415444877087793e+03 1.731999999999999886e+02
1.250000000000000000e+02 7.000000000000000666e-02 3.104488133734016348e-03 1.980527925575426025e+02 3.241809353403512887e+03 1.731999999999999886e+02
1.250000000000000000e+02 7.000000000000000666e-02 3.009429665618044720e-03 1.809977745152148429e+02 2.643421133792184719e+03 1.731999999999999886e+02
1.250000000000000000e+02 7.000000000000000666e-02 3.464926459951054357e-03 1.732978023593210253e+02 1.932814968710906214e+03 1.731999999999999886e+02
1.250000000000000000e+02 7.000000000000000666e-02 6.896692765792692553e-03 1.277016557362814808e+02 5.226607088885799612e+02 1.731999999999999886e+02
1.250000000000000000e+02 7.000000000000000666e-02 4.367491687913119952e-03 1.169977065016151698e+02 2.199844340672304952e+03 1.731999999999999886e+02
1.250000000000000000e+02 7.000000000000000666e-02 7.422664288946366658e-03 1.861211279749965115e+02 1.153768554856911351e+03 1.731999999999999886e+02
1.250000000000000000e+02 7.000000000000000666e-02 4.135478277569886070e-03 1.822226348338375317e+02 1.917797118343034754e+03 1.731999999999999886e+02
1.250000000000000000e+02 7.000000000000000666e-02 9.898215682948682120e-03 1.740890697967576557e+02 7.246029612001336773e+02 1.731999999999999886e+02
1.250000000000000000e+02 7.000000000000000666e-02 1.658295007499745351e-03 1.625024872426059517e+02 3.445997426336858553e+03 1.731999999999999886e+02
1.250000000000000000e+02 7.000000000000000666e-02 9.227092828387450105e-04 1.313141847485617575e+02 3.642446615100813233e+03 1.731999999999999886e+02
1.250000000000000000e+02 7.000000000000000666e-02 9.144601562997971625e-03 1.803817889731402033e+02 8.755248238366086753e+02 1.731999999999999886e+02
1.250000000000000000e+02 7.000000000000000666e-02 4.016368508965764694e-03 1.920307014280371050e+02 2.353980915722925147e+03 1.731999999999999886e+02
1.250000000000000000e+02 7.000000000000000666e-02 3.702988020052231516e-03 1.132714229900151963e+02 3.929797326983814855e+03 1.731999999999999886e+02
1.250000000000000000e+02 7.000000000000000666e-02 9.251023478168817621e-03 1.110685116452758336e+02 2.078303566638600387e+03 1.731999999999999886e+02
1.250000000000000000e+02 7.000000000000000666e-02 7.114303126980447631e-03 1.962641993428251226e+02 1.413581921669444910e+03 1.731999999999999886e+02
1.250000000000000000e+02 7.000000000000000666e-02 5.332382975559542965e-03 1.883869984944947760e+02 1.609372501651748280e+03 1.731999999999999886e+02
1.250000000000000000e+02 7.000000000000000666e-02 9.313850188715316197e-03 1.615420320353734382e+02 5.972395675507589203e+02 1.731999999999999886e+02
1.250000000000000000e+02 7.000000000000000666e-02 1.420283758096634128e-03 1.514261184594028578e+02 3.314656511480488916e+03 1.731999999999999886e+02
1.250000000000000000e+02 7.000000000000000666e-02 8.095685933387010078e-03 1.808490340505741756e+02 9.889606484894693494e+02 1.731999999999999886e+02
1.250000000000000000e+02 7.000000000000000666e-02 9.296143036014319766e-03 1.066888092630012892e+02 3.268554023910176966e+03 1.731999999999999886e+02
1.250000000000000000e+02 7.000000000000000666e-02 1.593962705357900543e-03 1.213637522975159442e+02 3.686513457880875194e+03 1.731999999999999886e+02
1.250000000000000000e+02 7.000000000000000666e-02 4.828585847952105922e-03 1.917212143071415369e+02 1.879899080124095235e+03 1.731999999999999886e+02
1.250000000000000000e+02 7.000000000000000666e-02 2.519960777207632795e-03 1.833797296094979288e+02 3.178737588694472834e+03 1.731999999999999886e+02
1.250000000000000000e+02 7.000000000000000666e-02 3.153120123237776896e-03 1.795555753808031625e+02 2.436239805956640794e+03 1.731999999999999886e+02
1.250000000000000000e+02 7.000000000000000666e-02 7.446942117547352726e-03 1.127664033941684636e+02 2.119345611192989054e+03 1.731999999999999886e+02
1.250000000000000000e+02 7.000000000000000666e-02 1.920036918014030860e-03 1.617623710266208832e+02 3.041401717245663349e+03 1.731999999999999886e+02
1.250000000000000000e+02 7.000000000000000666e-02 3.965533288666456442e-03 1.141405712933284917e+02 3.193520928978239681e+03 1.731999999999999886e+02
1.250000000000000000e+02 7.000000000000000666e-02 6.440711711754278784e-03 1.578189894487499600e+02 8.500707218319831782e+02 1.731999999999999886e+02
1.250000000000000000e+02 7.000000000000000666e-02 4.204935136719869723e-03 1.792193020391870846e+02 1.768446519515265891e+03 1.731999999999999886e+02
1.250000000000000000e+02 7.000000000000000666e-02 2.870093347322740657e-03 1.664297990439798696e+02 2.108197704739440724e+03 1.731999999999999886e+02
1.250000000000000000e+02 7.000000000000000666e-02 1.726032848063466631e-03 1.251798416030947436e+02 2.213481907844263787e+03 1.731999999999999886e+02
1.250000000000000000e+02 7.000000000000000666e-02 2.928934151434443769e-03 1.761594350197674146e+02 2.403027111201298794e+03 1.731999999999999886e+02
1.250000000000000000e+02 7.000000000000000666e-02 5.726624417847304103e-03 1.174144366700260917e+02 1.637960122533864478e+03 1.731999999999999886e+02
1.250000000000000000e+02 7.000000000000000666e-02 6.773673444211938087e-03 1.660531823928655797e+02 9.231489097633440224e+02 1.731999999999999886e+02
1.250000000000000000e+02 7.000000000000000666e-02 5.936851206552005468e-03 1.126466457521743649e+02 2.615083361576157131e+03 1.731999999999999886e+02
1.250000000000000000e+02 7.000000000000000666e-02 4.589249069968132956e-03 1.942073963192381143e+02 2.187446484186016278e+03 1.731999999999999886e+02
1.250000000000000000e+02 7.000000000000000666e-02 3.090276588238046688e-03 1.198204071023889981e+02 2.174243165414347004e+03 1.731999999999999886e+02
1.250000000000000000e+02 7.000000000000000666e-02 5.882601508775479535e-03 1.101226909304251222e+02 3.617827450670208691e+03 1.731999999999999886e+02
1.250000000000000000e+02 7.000000000000000666e-02 5.662707282210316211e-03 1.140243266685561423e+02 2.306499450181820521e+03 1.731999999999999886e+02
1.250000000000000000e+02 7.000000000000000666e-02 3.276407135230843728e-03 1.404880694249527551e+02 1.224794547346577019e+03 1.731999999999999886e+02
1.250000000000000000e+02 7.000000000000000666e-02 4.287621719196192324e-03 1.236459536898552187e+02 1.065850395049020335e+03 1.731999999999999886e+02
1.250000000000000000e+02 7.000000000000000666e-02 5.448420643915062589e-03 1.980434275450134578e+02 1.951213698970934047e+03 1.731999999999999886e+02
1.250000000000000000e+02 7.000000000000000666e-02 4.549605187217828882e-03 1.170576369944861881e+02 2.085706364305329316e+03 1.731999999999999886e+02
1.250000000000000000e+02 7.000000000000000666e-02 2.035649324894907904e-03 1.448931206890330259e+02 2.060088288803875002e+03 1.731999999999999886e+02
1.250000000000000000e+02 7.000000000000000666e-02 8.772360094844127223e-03 1.065281736118495388e+02 3.646671790024838629e+03 1.731999999999999886e+02
1.250000000000000000e+02 7.000000000000000666e-02 3.036165099973508596e-03 1.841719368590077579e+02 2.736084531029066056e+03 1.731999999999999886e+02
1.250000000000000000e+02 7.000000000000000666e-02 1.904187375252948183e-03 1.781623329159411355e+02 3.942091290165144983e+03 1.731999999999999886e+02
1.250000000000000000e+02 7.000000000000000666e-02 3.437802410763674595e-03 1.924721175637769761e+02 2.732310806595402937e+03 1.731999999999999886e+02
1.250000000000000000e+02 7.000000000000000666e-02 2.717147420533909830e-03 1.631271638486595350e+02 2.092228281888713354e+03 1.731999999999999886e+02
1.250000000000000000e+02 7.000000000000000666e-02 8.149519843954587672e-03 1.684469918463503859e+02 8.123585649101228228e+02 1.731999999999999886e+02
1.250000000000000000e+02 7.000000000000000666e-02 1.704391426052366760e-03 1.367577844898580679e+02 2.201720505606644565e+03 1.731999999999999886e+02
1.250000000000000000e+02 7.000000000000000666e-02 7.421180738163703217e-03 1.677341195335995394e+02 8.310336878384738384e+02 1.731999999999999886e+02
1.250000000000000000e+02 7.000000000000000666e-02 1.624079646344612441e-03 1.214743133075322135e+02 3.453443925663809750e+03 1.731999999999999886e+02
1.250000000000000000e+02 7.000000000000000666e-02 2.900505413472555943e-03 1.195187163810928013e+02 2.495245807642214004e+03 1.731999999999999886e+02
1.250000000000000000e+02 7.000000000000000666e-02 7.172905938171038505e-03 1.703804868507781975e+02 9.477228080149631069e+02 1.731999999999999886e+02
1.250000000000000000e+02 7.000000000000000666e-02 2.996470202380883963e-03 1.569524824540800978e+02 1.764817588056985642e+03 1.731999999999999886e+02
1.250000000000000000e+02 7.000000000000000666e-02 1.294933221117690846e-03 1.539774902730863744e+02 3.660208842492744679e+03 1.731999999999999886e+02
1.250000000000000000e+02 7.000000000000000666e-02 4.388524497090502859e-03 1.922467673191017923e+02 2.105818850298636789e+03 1.731999999999999886e+02
1.250000000000000000e+02 7.000000000000000666e-02 5.766725413794466897e-03 1.505341260462196828e+02 8.061261396795944165e+02 1.731999999999999886e+02
1.250000000000000000e+02 7.000000000000000666e-02 5.551090599054178502e-03 1.787916099585083884e+02 1.352008944799207484e+03 1.731999999999999886e+02
1.250000000000000000e+02 7.000000000000000666e-02 6.512792637320627583e-03 1.869335221999473902e+02 1.350284787491972338e+03 1.731999999999999886e+02
1.250000000000000000e+02 7.000000000000000666e-02 5.261020559867506455e-03 1.936177832407997528e+02 1.904992362783845692e+03 1.731999999999999886e+02
1.250000000000000000e+02 7.000000000000000666e-02 1.536497640311540501e-03 1.222245967136724261e+02 3.402625933483141125e+03 1.731999999999999886e+02
1.250000000000000000e+02 7.000000000000000666e-02 3.136528647055801273e-03 1.897217320262733438e+02 2.824487592557820335e+03 1.731999999999999886e+02
1.250000000000000000e+02 7.000000000000000666e-02 1.404094923578204195e-03 1.326206293062107875e+02 2.590998197331086430e+03 1.731999999999999886e+02
1.250000000000000000e+02 7.000000000000000666e-02 9.153616829121432805e-03 1.443854210541196323e+02 4.440255434946047899e+02 1.731999999999999886e+02
1.250000000000000000e+02 7.000000000000000666e-02 9.809375824173919602e-04 1.285844184318331713e+02 3.646174142569640026e+03 1.731999999999999886e+02
1.250000000000000000e+02 7.000000000000000666e-02 2.280706813088495804e-03 1.894577069136277032e+02 3.945217962600946521e+03 1.731999999999999886e+02
1.250000000000000000e+02 7.000000000000000666e-02 6.693930586469973992e-03 1.097324866726912944e+02 3.233654332712954329e+03 1.731999999999999886e+02
1.250000000000000000e+02 7.000000000000000666e-02 6.980905255378496051e-03 1.752599974527775544e+02 1.002084428211058594e+03 1.731999999999999886e+02
1.250000000000000000e+02 7.000000000000000666e-02 4.387845756732311822e-03 1.714547534210659876e+02 1.529883327561046144e+03 1.731999999999999886e+02
1.250000000000000000e+02 7.000000000000000666e-02 8.765331313168029173e-03 1.719243672822214251e+02 7.769178269942372026e+02 1.731999999999999886e+02
1.250000000000000000e+02 7.000000000000000666e-02 3.899792765016670687e-03 1.997139020467992339e+02 2.833136014901970611e+03 1.731999999999999886e+02
1.250000000000000000e+02 7.000000000000000666e-02 4.613864673668663895e-03 1.211712062242338703e+02 1.322586312257417148e+03 1.731999999999999886e+02
1.250000000000000000e+02 7.000000000000000666e-02 5.191592742343600735e-03 1.637778915923123293e+02 1.133643941309979937e+03 1.731999999999999886e+02
1.250000000000000000e+02 7.000000000000000666e-02 8.220902488398839150e-03 1.761588773347493486e+02 9.182676842225218934e+02 1.731999999999999886e+02
1.250000000000000000e+02 7.000000000000000666e-02 6.907275833939678644e-03 1.713557727192337836e+02 9.751281029870270913e+02 1.731999999999999886e+02
1.250000000000000000e+02 7.000000000000000666e-02 7.530719787059510402e-03 1.987425102346237509e+02 1.373365899509287146e+03 1.731999999999999886e+02
1.250000000000000000e+02 7.000000000000000666e-02 6.346990274270328941e-03 1.101310524070800909e+02 3.235942509806865473e+03 1.731999999999999886e+02
1.250000000000000000e+02 7.000000000000000666e-02 1.448657218344959413e-03 1.300441161777220884e+02 2.321645572895913119e+03 1.731999999999999886e+02
1.250000000000000000e+02 7.000000000000000666e-02 4.838552198251180533e-03 1.996860113359731486e+02 2.194458064073870446e+03 1.731999999999999886e+02
1.250000000000000000e+02 7.000000000000000666e-02 9.498193534044963894e-04 1.263006344442867572e+02 3.732539638526726776e+03 1.731999999999999886e+02
1.250000000000000000e+02 7.000000000000000666e-02 8.847278957697426657e-03 1.874576269361062373e+02 9.515822267054496706e+02 1.731999999999999886e+02
1.250000000000000000e+02 7.000000000000000666e-02 2.345225383897666955e-03 1.611561595654530947e+02 2.333555855520885416e+03 1.731999999999999886e+02
1.250000000000000000e+02 7.000000000000000666e-02 2.803797978971783646e-03 1.924069819082827735e+02 3.511073963583514796e+03 1.731999999999999886e+02
1.250000000000000000e+02 7.000000000000000666e-02 4.041392942454887990e-03 1.212370836385892119e+02 1.419330144084640551e+03 1.731999999999999886e+02
1.250000000000000000e+02 7.000000000000000666e-02 7.866260161595712425e-03 1.319892520168920953e+02 4.521349491722688185e+02 1.731999999999999886e+02
1.250000000000000000e+02 7.000000000000000666e-02 7.074486189981177980e-03 1.969895571930126152e+02 1.470126077367290918e+03 1.731999999999999886e+02
1.250000000000000000e+02 7.000000000000000666e-02 4.471082657366363955e-03 1.859686697319594373e+02 1.920680999671503741e+03 1.731999999999999886e+02
1.250000000000000000e+02 7.000000000000000666e-02 7.209467475830411316e-03 1.179804169046455371e+02 1.142753226586839901e+03 1.731999999999999886e+02
1.250000000000000000e+02 7.000000000000000666e-02 5.731682708060592026e-03 1.930909685477988376e+02 1.748610774382506406e+03 1.731999999999999886e+02
1.250000000000000000e+02 7.000000000000000666e-02 3.825398149148941714e-03 1.900202363284636817e+02 2.481569241737825450e+03 1.731999999999999886e+02
1.250000000000000000e+02 7.000000000000000666e-02 4.029274343274460296e-03 1.797752535731732166e+02 1.905194891325672188e+03 1.731999999999999886e+02
1.250000000000000000e+02 7.000000000000000666e-02 1.508311528018328306e-03 1.430735142450097896e+02 2.799753468541870461e+03 1.731999999999999886e+02
1.250000000000000000e+02 7.000000000000000666e-02 7.012895779710225964e-03 1.295149224295391832e+02 4.896411080543092567e+02 1.731999999999999886e+02
1.250000000000000000e+02 7.000000000000000666e-02 6.852409612715094217e-03 1.446848894966308876e+02 6.235248148855295085e+02 1.731999999999999886e+02
1.250000000000000000e+02 7.000000000000000666e-02 9.366516316829264291e-03 1.108532559934660071e+02 2.037350987256439339e+03 1.731999999999999886e+02
1.250000000000000000e+02 7.000000000000000666e-02 3.125426300747719422e-03 1.649478950843036387e+02 1.979262243519792719e+03 1.731999999999999886e+02
1.250000000000000000e+02 7.000000000000000666e-02 2.530396682220961875e-03 1.474105565030758100e+02 1.706710698742865134e+03 1.731999999999999886e+02
1.250000000000000000e+02 7.000000000000000666e-02 2.365713015768759753e-03 1.890995459162384975e+02 3.829627222263099611e+03 1.731999999999999886e+02
1.250000000000000000e+02 7.000000000000000666e-02 4.739118112466131523e-03 1.387297017472495213e+02 8.201805647556699341e+02 1.731999999999999886e+02
1.250000000000000000e+02 7.000000000000000666e-02 5.783475235974761160e-03 1.894477331704190988e+02 1.621766348764166423e+03 1.731999999999999886e+02
1.250000000000000000e+02 7.000000000000000666e-02 8.035047543450262245e-03 1.213980770922122474e+02 7.064358690142173600e+02 1.731999999999999886e+02
1.250000000000000000e+02 7.000000000000000666e-02 2.309239337360939788e-03 1.326985962947231315e+02 1.460436618743892723e+03 1.731999999999999886e+02
1.250000000000000000e+02 7.000000000000000666e-02 5.893710669703493103e-03 1.115675099842359401e+02 3.074694000282552224e+03 1.731999999999999886e+02
1.250000000000000000e+02 7.000000000000000666e-02 9.191189615396559015e-03 1.080011512765882600e+02 2.879475696913283173e+03 1.731999999999999886e+02
1.250000000000000000e+02 7.000000000000000666e-02 7.984827278920185456e-03 1.111207202821869657e+02 2.317082567014309916e+03 1.731999999999999886e+02
1.250000000000000000e+02 7.000000000000000666e-02 2.353992940895593706e-03 1.173747046530374547e+02 3.940860995690199616e+03 1.731999999999999886e+02
1.250000000000000000e+02 7.000000000000000666e-02 4.942454507603587406e-03 1.237858705600859679e+02 9.223310153458834293e+02 1.731999999999999886e+02
1.250000000000000000e+02 7.000000000000000666e-02 4.781899382188398162e-03 1.236436317947367058e+02 9.561600689274754359e+02 1.731999999999999886e+02
1.250000000000000000e+02 7.000000000000000666e-02 7.152536047343146901e-03 1.147414163669693892e+02 1.628387078501040833e+03 1.731999999999999886e+02
1.250000000000000000e+02 7.000000000000000666e-02 2.033675584002623150e-03 1.659990920037160436e+02 3.015825934663433600e+03 1.731999999999999886e+02
1.250000000000000000e+02 7.000000000000000666e-02 9.076682910799363860e-03 1.639823348355367614e+02 6.610546892683903479e+02 1.731999999999999886e+02
1.250000000000000000e+02 7.000000000000000666e-02 4.422890037735964161e-03 1.918444851538241096e+02 2.092417706268961865e+03 1.731999999999999886e+02
1.250000000000000000e+02 7.000000000000000666e-02 3.234764500853274868e-03 1.712109790305697743e+02 2.113710250202842417e+03 1.731999999999999886e+02
1.250000000000000000e+02 7.000000000000000666e-02 2.515806660033343290e-03 1.619912332265645887e+02 2.296563470587582742e+03 1.731999999999999886e+02
1.250000000000000000e+02 7.000000000000000666e-02 9.499655676914593033e-03 1.077223988051357821e+02 3.029588808116411201e+03 1.731999999999999886e+02
1.250000000000000000e+02 7.000000000000000666e-02 8.614425475881047666e-04 1.273230987322471037e+02 3.962378553828509212e+03 1.731999999999999886e+02
1.250000000000000000e+02 7.000000000000000666e-02 7.943065902253033592e-03 1.598527362164834358e+02 6.963133783342306060e+02 1.731999999999999886e+02
1.250000000000000000e+02 7.000000000000000666e-02 2.158799785415779163e-03 1.843906973341430557e+02 3.792226416831597362e+03 1.731999999999999886e+02
1.250000000000000000e+02 7.000000000000000666e-02 7.012771178312019772e-03 1.508048828181362637e+02 6.756812078910696755e+02 1.731999999999999886e+02
1.250000000000000000e+02 7.000000000000000666e-02 2.320799327881786084e-03 1.451017071679461878e+02 1.866670949713209893e+03 1.731999999999999886e+02
1.250000000000000000e+02 7.000000000000000666e-02 5.284475825567879967e-03 1.765467832323409141e+02 1.356179001043550670e+03 1.731999999999999886e+02
1.250000000000000000e+02 7.000000000000000666e-02 3.083966760628518988e-03 1.979278249791032351e+02 3.311794064177100609e+03 1.731999999999999886e+02
1.250000000000000000e+02 7.000000000000000666e-02 6.922863818072551995e-03 1.973198043954620857e+02 1.508865170178753942e+03 1.731999999999999886e+02
1.250000000000000000e+02 7.000000000000000666e-02 3.721546880269177484e-03 1.920924716465244444e+02 2.616983640376884068e+03 1.731999999999999886e+02
1.250000000000000000e+02 7.000000000000000666e-02 3.873495609933917411e-03 1.356318529954603491e+02 9.571740894319025301e+02 1.731999999999999886e+02
