1.250000000000000000e+02 7.000000000000000666e-02 2.302963370259466791e-01 5.651661262839079427e+02 2.536984128982306856e+02 1.731999999999999886e+02
1.250000000000000000e+02 7.000000000000000666e-02 2.491399866309741973e-01 5.860829079850700509e+02 3.619044358547234310e+02 1.731999999999999886e+02
1.250000000000000000e+02 7.000000000000000666e-02 2.204962831419909619e-01 5.508912032973373698e+02 3.438966291509416351e+02 1.731999999999999886e+02
1.250000000000000000e+02 7.000000000000000666e-02 2.453404662270203540e-01 5.828234386536340708e+02 1.616218098853904337e+02 1.731999999999999886e+02
1.250000000000000000e+02 7.000000000000000666e-02 2.233170045566422734e-01 6.349176707953140522e+02 8.535255180510370110e+02 1.731999999999999886e+02
1.250000000000000000e+02 7.000000000000000666e-02 2.633109415347728577e-01 6.239226647589196091e+02 1.038585840232476585e+02 1.731999999999999886e+02
1.250000000000000000e+02 7.000000000000000666e-02 2.514650340204392376e-01 5.917700996109808784e+02 1.282551063196997063e+02 1.731999999999999886e+02
1.250000000000000000e+02 7.000000000000000666e-02 2.525626671253037303e-01 5.812079707586426593e+02 9.873049646169896221e+01 1.731999999999999886e+02
1.250000000000000000e+02 7.000000000000000666e-02 2.525426524430359199e-01 6.156082192787305303e+02 4.904824997065010166e+02 1.731999999999999886e+02
1.250000000000000000e+02 7.000000000000000666e-02 2.617939382183144259e-01 6.336684172028262765e+02 1.766320887407912821e+01 1.731999999999999886e+02
1.250000000000000000e+02 7.000000000000000666e-02 2.464037898038299312e-01 5.660721211102256802e+02 2.336011977031249387e+01 1.731999999999999886e+02
1.250000000000000000e+02 7.000000000000000666e-02 2.461173901010766107e-01 5.727215819979227263e+02 1.107092674769243388e+02 1.731999999999999886e+02
1.250000000000000000e+02 7.000000000000000666e-02 2.683753721386017421e-01 6.225034808609334505e+02 3.361258105989494993e+02 1.731999999999999886e+02
1.250000000000000000e+02 7.000000000000000666e-02 2.467352941949100820e-01 6.235983534555542747e+02 5.913746241742587699e+02 1.731999999999999886e+02
1.250000000000000000e+02 7.000000000000000666e-02 2.507084690856990483e-01 6.268430862482179009e+02 6.359726049613819896e+02 1.731999999999999886e+02
1.250000000000000000e+02 7.000000000000000666e-02 2.393528550149922329e-01 5.810415818375706749e+02 6.177236892114190425e+01 1.731999999999999886e+02
1.250000000000000000e+02 7.000000000000000666e-02 2.381319405943900236e-01 5.757157121648643852e+02 9.868697469695908353e+01 1.731999999999999886e+02
1.250000000000000000e+02 7.000000000000000666e-02 2.396090697169072636e-01 6.105640773305296989e+02 6.092832355850135855e+02 1.731999999999999886e+02
1.250000000000000000e+02 7.000000000000000666e-02 2.352125627561291732e-01 6.213186281210639663e+02 5.682186787486967887e+02 1.731999999999999886e+02
1.250000000000000000e+02 7.000000000000000666e-02 2.519281166455523691e-01 6.498473110395673302e+02 7.113830540142919290e+02 1.731999999999999886e+02
1.250000000000000000e+02 7.000000000000000666e-02 2.594952773195753903e-01 6.134361309919897849e+02 3.790001810965129039e+02 1.731999999999999886e+02
1.250000000000000000e+02 7.000000000000000666e-02 2.332145307953054081e-01 5.805811678728421157e+02 2.461824838640340829e+02 1.731999999999999886e+02
1.250000000000000000e+02 7.000000000000000666e-02 2.251747729583208069e-01 5.633857283250757746e+02 4.478594018123439469e+02 1.731999999999999886e+02
1.250000000000000000e+02 7.000000000000000666e-02 1.847773899308767509e-01 5.758349072238670487e+02 9.664621145043731758e+02 1.731999999999999886e+02
1.250000000000000000e+02 7.000000000000000666e-02 2.477284065551101644e-01 6.164230999131950739e+02 5.409344249993777112e+02 1.731999999999999886e+02
1.250000000000000000e+02 7.000000000000000666e-02 2.321619252327812855e-01 5.832702469654857396e+02 4.342815168818494840e+02 1.731999999999999886e+02
1.250000000000000000e+02 7.000000000000000666e-02 2.513192910496617749e-01 6.032227982319358262e+02 4.776605800982991212e+01 1.731999999999999886e+02
1.250000000000000000e+02 7.000000000000000666e-02 2.502826499138292582e-01 6.051439552457077298e+02 7.166533259557961344e+01 1.731999999999999886e+02
1.250000000000000000e+02 7.000000000000000666e-02 1.833685082491883223e-01 5.906962970055867572e+02 9.959294831815960833e+02 1.731999999999999886e+02
1.250000000000000000e+02 7.000000000000000666e-02 2.495259997059994239e-01 6.028182977674466656e+02 4.213507164183118903e+02 1.731999999999999886e+02
1.250000000000000000e+02 7.000000000000000666e-02 1.815286982988366382e-01 5.746294028858632146e+02 9.915467302931683662e+02 1.731999999999999886e+02
1.250000000000000000e+02 7.000000000000000666e-02 2.837650790394122824e-01 6.359399759304135387e+02 4.715118613150526272e+01 1.731999999999999886e+02
1.250000000000000000e+02 7.000000000000000666e-02 2.221860063334454016e-01 6.394534525928112316e+02 8.848139293170072506e+02 1.731999999999999886e+02
1.250000000000000000e+02 7.000000000000000666e-02 2.382713970932506531e-01 6.217167003335714526e+02 6.487895718012121051e+02 1.731999999999999886e+02
1.250000000000000000e+02 7.000000000000000666e-02 2.488780782545177706e-01 6.284373842357659896e+02 5.206036028422687423e+02 1.731999999999999886e+02
1.250000000000000000e+02 7.000000000000000666e-02 2.716282882073183247e-01 6.177742442622201224e+02 2.525980273939343235e+01 1.731999999999999886e+02
1.250000000000000000e+02 7.000000000000000666e-02 2.746693092507976885e-01 6.363205683485753070e+02 2.126300251530707328e+02 1.731999999999999886e+02
1.250000000000000000e+02 7.000000000000000666e-02 2.532226296645420094e-01 6.329201838677346359e+02 5.908112936772697594e+02 1.731999999999999886e+02
1.250000000000000000e+02 7.000000000000000666e-02 2.416759174482730199e-01 6.020706066667424921e+02 3.490897527571208343e+02 1.731999999999999886e+02
1.250000000000000000e+02 7.000000000000000666e-02 2.462125295935207181e-01 6.017440382463845481e+02 1.403697153056791080e+02 1.731999999999999886e+02
1.250000000000000000e+02 7.000000000000000666e-02 2.112045395539024484e-01 5.823620971259673524e+02 5.941568743163026056e+02 1.731999999999999886e+02
1.250000000000000000e+02 7.000000000000000666e-02 1.807589758802119195e-01 5.716376352014301574e+02 9.065783658697218925e+02 1.731999999999999886e+02
1.250000000000000000e+02 7.000000000000000666e-02 2.575552593160447823e-01 6.003338806309473057e+02 2.310562365215528189e+02 1.731999999999999886e+02
1.250000000000000000e+02 7.000000000000000666e-02 2.347027821178475082e-01 6.140482034160469311e+02 7.243328946170303198e+02 1.731999999999999886e+02
1.250000000000000000e+02 7.000000000000000666e-02 2.111408838107354802e-01 5.951712626253081453e+02 6.991320503926687024e+02 1.731999999999999886e+02
1.250000000000000000e+02 7.000000000000000666e-02 2.365786519266854515e-01 6.465654230368216986e+02 7.085744175077696809e+02 1.731999999999999886e+02
1.250000000000000000e+02 7.000000000000000666e-02 2.708955114769788786e-01 6.385305417546439912e+02 1.851425952836949307e+01 1.731999999999999886e+02
1.250000000000000000e+02 7.000000000000000666e-02 2.269023159602097661e-01 6.209842076216090163e+02 8.551533435737730997e+02 1.731999999999999886e+02
1.250000000000000000e+02 7.000000000000000666e-02 2.162736584842795129e-01 5.882144368373819816e+02 6.592613749312305345e+02 1.731999999999999886e+02
1.250000000000000000e+02 7.000000000000000666e-02 2.410593719292753179e-01 6.349617225861135239e+02 7.581109458482427499e+02 1.731999999999999886e+02
1.250000000000000000e+02 7.000000000000000666e-02 2.689082304695866177e-01 6.339260752415337947e+02 2.081070510917732861e+02 1.731999999999999886e+02
1.250000000000000000e+02 7.000000000000000666e-02 2.292026620049560925e-01 5.726308502878812305e+02 2.691710785163045330e+02 1.731999999999999886e+02
1.250000000000000000e+02 7.000000000000000666e-02 2.231361706969085534e-01 6.032075390444135792e+02 7.537435986432639083e+02 1.731999999999999886e+02
1.250000000000000000e+02 7.000000000000000666e-02 2.533943760867783390e-01 6.419474126182383316e+02 6.343303166411398024e+02 1.731999999999999886e+02
1.250000000000000000e+02 7.000000000000000666e-02 1.825147408966618368e-01 5.500156223473545651e+02 7.764683510774603974e+02 1.731999999999999886e+02
1.250000000000000000e+02 7.000000000000000666e-02 2.336961283266255351e-01 6.075280642816512682e+02 6.185723763863519480e+02 1.731999999999999886e+02
1.250000000000000000e+02 7.000000000000000666e-02 2.541259793632565378e-01 6.330473554988921023e+02 3.249145870676916275e+02 1.731999999999999886e+02
1.250000000000000000e+02 7.000000000000000666e-02 2.678441257523738739e-01 6.491720846552004787e+02 4.781721891332136920e+02 1.731999999999999886e+02
1.250000000000000000e+02 7.000000000000000666e-02 1.893652668612643419e-01 5.523475879968684694e+02 7.381997219969223352e+02 1.731999999999999886e+02
1.250000000000000000e+02 7.000000000000000666e-02 2.401280449999319555e-01 5.924819953294432935e+02 3.860007256782454874e+02 1.731999999999999886e+02
1.250000000000000000e+02 7.000000000000000666e-02 2.364528908074525204e-01 6.420292802808219221e+02 7.124040856773990527e+02 1.731999999999999886e+02
1.250000000000000000e+02 7.000000000000000666e-02 2.371540701925627381e-01 6.388144217932451738e+02 7.072416706572381599e+02 1.731999999999999886e+02
1.250000000000000000e+02 7.000000000000000666e-02 2.298402864974471160e-01 5.741528320681655941e+02 3.960769882862027202e+02 1.731999999999999886e+02
1.250000000000000000e+02 7.000000000000000666e-02 2.624692637785664973e-01 6.447434801492872793e+02 6.003825250811198657e+02 1.731999999999999886e+02
1.250000000000000000e+02 7.000000000000000666e-02 2.409673884425770907e-01 5.682464811994246929e+02 7.485119775328952230e-01 1.731999999999999886e+02
1.250000000000000000e+02 7.000000000000000666e-02 2.014658416530622220e-01 5.777880055796962324e+02 7.237209864517739106e+02 1.731999999999999886e+02
1.250000000000000000e+02 7.000000000000000666e-02 2.324110942031589466e-01 6.134549883772467638e+02 7.164722835183820280e+02 1.731999999999999886e+02
1.250000000000000000e+02 7.000000000000000666e-02 2.550746160441594301e-01 5.980359248362733524e+02 1.263162381973621535e+02 1.731999999999999886e+02
1.250000000000000000e+02 7.000000000000000666e-02 2.709636946209680874e-01 6.341840869895536343e+02 3.217883391195559284e+02 1.731999999999999886e+02
1.250000000000000000e+02 7.000000000000000666e-02 2.354748222247726452e-01 6.129718001525452564e+02 6.206528136149040620e+02 1.731999999999999886e+02
1.250000000000000000e+02 7.000000000000000666e-02 2.352756901584980020e-01 5.982769935116494935e+02 5.066299657155803970e+02 1.731999999999999886e+02
1.250000000000000000e+02 7.000000000000000666e-02 2.049459175762618768e-01 5.895395390739166714e+02 8.231227495614551799e+02 1.731999999999999886e+02
1.250000000000000000e+02 7.000000000000000666e-02 1.810502224870471355e-01 5.556463900083412000e+02 7.767871229273420113e+02 1.731999999999999886e+02
1.250000000000000000e+02 7.000000000000000666e-02 2.525184604065429106e-01 6.426119416974227079e+02 5.544490657978634545e+02 1.731999999999999886e+02
1.250000000000000000e+02 7.000000000000000666e-02 2.247406029126799154e-01 6.253502631022084870e+02 8.301884012433055204e+02 1.731999999999999886e+02
1.250000000000000000e+02 7.000000000000000666e-02 2.349528420918141902e-01 5.534764044786869590e+02 1.475442391919607985e+02 1.731999999999999886e+02
1.250000000000000000e+02 7.000000000000000666e-02 2.473858159468485807e-01 6.147688676484733605e+02 5.535664713618344877e+02 1.731999999999999886e+02
1.250000000000000000e+02 7.000000000000000666e-02 2.565093340296670799e-01 6.297622769392486362e+02 2.235829374286717552e+02 1.731999999999999886e+02
1.250000000000000000e+02 7.000000000000000666e-02 2.675383083661008188e-01 6.464095603036103057e+02 3.380095087888479100e+01 1.731999999999999886e+02
1.250000000000000000e+02 7.000000000000000666e-02 2.323936476473063839e-01 5.685837876897203387e+02 1.374729973610999707e+02 1.731999999999999886e+02
1.250000000000000000e+02 7.000000000000000666e-02 2.517470560812423708e-01 5.823883773427101005e+02 1.585270424269071725e+02 1.731999999999999886e+02
1.250000000000000000e+02 7.000000000000000666e-02 2.746900391909266603e-01 6.349942325211488878e+02 2.257097908568087519e+02 1.731999999999999886e+02
1.250000000000000000e+02 7.000000000000000666e-02 2.471436701877267328e-01 6.438055582897322893e+02 7.704203689527427059e+02 1.731999999999999886e+02
1.250000000000000000e+02 7.000000000000000666e-02 1.942144044934727698e-01 5.713901071770242197e+02 7.527492021547775494e+02 1.731999999999999886e+02
1.250000000000000000e+02 7.000000000000000666e-02 2.213668948863186381e-01 5.972600478365325216e+02 5.789633256616629069e+02 1.731999999999999886e+02
1.250000000000000000e+02 7.000000000000000666e-02 2.398744207072542045e-01 5.919264323296281418e+02 4.481107212231949575e+02 1.731999999999999886e+02
1.250000000000000000e+02 7.000000000000000666e-02 2.498928449133369922e-01 6.246520419866589009e+02 4.112021901553952716e+02 1.731999999999999886e+02
1.250000000000000000e+02 7.000000000000000666e-02 2.380509409168899415e-01 6.453225409706815299e+02 7.548231401305388317e+02 1.731999999999999886e+02
1.250000000000000000e+02 7.000000000000000666e-02 2.673056167155911100e-01 6.148896175367019623e+02 2.146787842723324502e+02 1.731999999999999886e+02
1.250000000000000000e+02 7.000000000000000666e-02 2.530083904047029097e-01 6.184750060084786583e+02 2.899219183277102161e+02 1.731999999999999886e+02
1.250000000000000000e+02 7.000000000000000666e-02 2.228690232989748166e-01 6.068605787181170399e+02 6.919099367971853098e+02 1.731999999999999886e+02
1.250000000000000000e+02 7.000000000000000666e-02 1.889689634375499860e-01 5.610050617729996247e+02 8.027039298510676417e+02 1.731999999999999886e+02
1.250000000000000000e+02 7.000000000000000666e-02 2.486416916291969426e-01 5.666730058734505064e+02 1.245574295300356766e+02 1.731999999999999886e+02
1.250000000000000000e+02 7.000000000000000666e-02 2.434610397868363085e-01 5.857375426644439358e+02 1.023672994707319788e+02 1.731999999999999886e+02
1.250000000000000000e+02 7.000000000000000666e-02 2.637854043585792785e-01 6.164074615724258592e+02 1.413766530721173353e+02 1.731999999999999886e+02
1.250000000000000000e+02 7.000000000000000666e-02 2.412427420420959201e-01 5.781029408721568643e+02 1.210517801112154217e+02 1.731999999999999886e+02
1.250000000000000000e+02 7.000000000000000666e-02 2.661764354073072880e-01 6.486978767713112575e+02 5.764512825987625320e+02 1.731999999999999886e+02
1.250000000000000000e+02 7.000000000000000666e-02 2.739579097495054572e-01 6.411760808186076019e+02 9.652749405276917116e+01 1.731999999999999886e+02
1.250000000000000000e+02 7.000000000000000666e-02 2.451717349574561722e-01 5.755488383607943206e+02 6.846352198736693140e+01 1.731999999999999886e+02
1.250000000000000000e+02 7.000000000000000666e-02 2.226370604218235738e-01 5.654355282105847209e+02 3.164207695895668735e+02 1.731999999999999886e+02
1.250000000000000000e+02 7.000000000000000666e-02 2.718992393571388888e-01 6.344004052571301600e+02 5.513840233857480655e+01 1.731999999999999886e+02
1.250000000000000000e+02 7.000000000000000666e-02 2.312918667151465102e-01 6.303731937234183533e+02 8.158982321028653359e+02 1.731999999999999886e+02
1.250000000000000000e+02 7.000000000000000666e-02 2.388537332464719110e-01 5.846265288865789671e+02 4.146524513581846350e+02 1.731999999999999886e+02
1.250000000000000000e+02 7.000000000000000666e-02 2.086751449384892099e-01 5.886438909162646951e+02 8.349147993058737711e+02 1.731999999999999886e+02
1.250000000000000000e+02 7.000000000000000666e-02 2.380540367210321751e-01 5.889119632458734941e+02 3.809456607580651166e+02 1.731999999999999886e+02
1.250000000000000000e+02 7.000000000000000666e-02 2.058876180382346877e-01 5.506698988450175420e+02 5.792507835315766442e+02 1.731999999999999886e+02
1.250000000000000000e+02 7.000000000000000666e-02 2.532885148822712762e-01 6.499062822335749843e+02 4.782357691006041591e+02 1.731999999999999886e+02
1.250000000000000000e+02 7.000000000000000666e-02 2.609085324173177622e-01 6.046591139228110023e+02 2.747745495931665118e+02 1.731999999999999886e+02
1.250000000000000000e+02 7.000000000000000666e-02 2.677362625009869768e-01 6.418173235583876703e+02 4.018717069183197310e+01 1.731999999999999886e+02
1.250000000000000000e+02 7.000000000000000666e-02 1.891222192611932695e-01 5.545181263208285145e+02 6.787361192654140041e+02 1.731999999999999886e+02
1.250000000000000000e+02 7.000000000000000666e-02 2.335624688628535894e-01 6.355440227507218651e+02 7.042075496535081811e+02 1.731999999999999886e+02
1.250000000000000000e+02 7.000000000000000666e-02 1.892590723062851366e-01 5.681017234632427062e+02 9.091873608835147706e+02 1.731999999999999886e+02
1.250000000000000000e+02 7.000000000000000666e-02 2.512765607805717005e-01 6.036467896779801094e+02 3.462601465150964941e+02 1.731999999999999886e+02
1.250000000000000000e+02 7.000000000000000666e-02 2.113130996853401777e-01 6.340430333936940315e+02 9.763626334775473197e+02 1.731999999999999886e+02
1.250000000000000000e+02 7.000000000000000666e-02 2.094848445003605342e-01 5.700768562587314818e+02 6.451945525167816413e+02 1.731999999999999886e+02
1.250000000000000000e+02 7.000000000000000666e-02 2.782782370669246164e-01 6.363225621641151974e+02 7.319297418060255467e-01 1.731999999999999886e+02
1.250000000000000000e+02 7.000000000000000666e-02 2.454556588212213064e-01 5.919757028817231230e+02 4.082511854336569286e+02 1.731999999999999886e+02
1.250000000000000000e+02 7.000000000000000666e-02 2.366142321812993443e-01 5.744858291224135201e+02 1.198271620390512027e+01 1.731999999999999886e+02
1.250000000000000000e+02 7.000000000000000666e-02 2.132764701253516970e-01 5.861318867360599825e+02 6.986000513170729391e+02 1.731999999999999886e+02
1.250000000000000000e+02 7.000000000000000666e-02 2.570427230605923929e-01 6.459884350684981200e+02 5.064216827167155088e+02 1.731999999999999886e+02
1.250000000000000000e+02 7.000000000000000666e-02 2.472559454863151596e-01 6.494715603187403303e+02 7.876013835526356388e+02 1.731999999999999886e+02
1.250000000000000000e+02 7.000000000000000666e-02 2.610393457122235916e-01 6.282336469901556484e+02 2.213017640122549778e+02 1.731999999999999886e+02
1.250000000000000000e+02 7.000000000000000666e-02 2.438542554612843360e-01 5.873962891393315431e+02 1.562465216009750861e+02 1.731999999999999886e+02
1.250000000000000000e+02 7.000000000000000666e-02 2.353884060819262380e-01 5.937021607734279769e+02 3.279123657674078913e+02 1.731999999999999886e+02
1.250000000000000000e+02 7.000000000000000666e-02 2.506024660682455441e-01 5.933002616825574478e+02 1.449104814008129836e+02 1.731999999999999886e+02
1.250000000000000000e+02 7.000000000000000666e-02 2.558646958792586412e-01 5.990064590979117156e+02 7.306641293968185735e-01 1.731999999999999886e+02
1.250000000000000000e+02 7.000000000000000666e-02 2.329107263918463455e-01 6.433824062013922003e+02 8.265842979655817544e+02 1.731999999999999886e+02
1.250000000000000000e+02 7.000000000000000666e-02 2.531277697792283510e-01 6.386449067703917990e+02 3.812380134452976108e+02 1.731999999999999886e+02
1.250000000000000000e+02 7.000000000000000666e-02 2.483745774178400534e-01 6.479226061081137686e+02 7.686495581190273469e+02 1.731999999999999886e+02
1.250000000000000000e+02 7.000000000000000666e-02 2.506774747392646607e-01 6.330025968334653044e+02 5.646754588672588397e+02 1.731999999999999886e+02
1.250000000000000000e+02 7.000000000000000666e-02 2.435537406256622350e-01 5.594069883841274304e+02 2.839563256530763624e+01 1.731999999999999886e+02
1.250000000000000000e+02 7.000000000000000666e-02 2.332388517375635073e-01 5.995881828852160425e+02 6.327697260160655333e+02 1.731999999999999886e+02
1.250000000000000000e+02 7.000000000000000666e-02 2.185497164427368799e-01 5.746721881973600148e+02 5.664357518374804386e+02 1.731999999999999886e+02
1.250000000000000000e+02 7.000000000000000666e-02 2.491033093186299507e-01 5.989688798006367279e+02 8.968952949504260630e+01 1.731999999999999886e+02
1.250000000000000000e+02 7.000000000000000666e-02 2.797904841322895741e-01 6.297800519223544597e+02 3.096217792111699652e+01 1.731999999999999886e+02
1.250000000000000000e+02 7.000000000000000666e-02 2.788389371054445509e-01 6.255772955915756484e+02 5.306491475350894049e+00 1.731999999999999886e+02
1.250000000000000000e+02 7.000000000000000666e-02 1.931994246584402275e-01 5.747038336108521435e+02 9.219115250765514702e+02 1.731999999999999886e+02
1.250000000000000000e+02 7.000000000000000666e-02 2.010514412727005817e-01 5.579045148444106417e+02 6.455504825751836506e+02 1.731999999999999886e+02
1.250000000000000000e+02 7.000000000000000666e-02 2.644929280715544451e-01 6.487117903462562936e+02 6.098877045609551715e+02 1.731999999999999886e+02
1.250000000000000000e+02 7.000000000000000666e-02 2.418941568360164496e-01 5.877259393996042718e+02 3.305547253915569286e+02 1.731999999999999886e+02
1.250000000000000000e+02 7.000000000000000666e-02 2.059686404748294342e-01 5.613148897763616105e+02 6.115994697301038059e+02 1.731999999999999886e+02
1.250000000000000000e+02 7.000000000000000666e-02 2.490810489194369148e-01 6.236967461504170842e+02 6.130890002827868557e+02 1.731999999999999886e+02
1.250000000000000000e+02 7.000000000000000666e-02 2.345320377961126468e-01 5.639699954318932669e+02 1.303761790185957636e+02 1.731999999999999886e+02
1.250000000000000000e+02 7.000000000000000666e-02 2.266266101322762516e-01 6.288404447262790882e+02 7.666846720476617065e+02 1.731999999999999886e+02
1.250000000000000000e+02 7.000000000000000666e-02 2.665136886734378319e-01 6.459063989243318247e+02 2.978883255102896328e+02 1.731999999999999886e+02
1.250000000000000000e+02 7.000000000000000666e-02 2.306045643193871397e-01 5.567036206196638659e+02 2.814557724166877506e+01 1.731999999999999886e+02
1.250000000000000000e+02 7.000000000000000666e-02 2.191761278035246618e-01 6.008240257451498110e+02 7.821136336556338620e+02 1.731999999999999886e+02
1.250000000000000000e+02 7.000000000000000666e-02 2.254551593219727978e-01 6.022574750220501301e+02 5.455284400392740736e+02 1.731999999999999886e+02
1.250000000000000000e+02 7.000000000000000666e-02 2.478893919505675558e-01 5.929682723083628844e+02 3.901580954696482877e+02 1.731999999999999886e+02
1.250000000000000000e+02 7.000000000000000666e-02 2.533990304845649133e-01 6.326534892678221240e+02 6.079363192747485982e+02 1.731999999999999886e+02
1.250000000000000000e+02 7.000000000000000666e-02 2.039082690980061063e-01 5.500457178665666333e+02 5.001623472992766892e+02 1.731999999999999886e+02
1.250000000000000000e+02 7.000000000000000666e-02 2.125873944480612399e-01 5.529860806152931900e+02 4.263542307115216659e+02 1.731999999999999886e+02
1.250000000000000000e+02 7.000000000000000666e-02 2.594212489296341961e-01 6.140765488811980504e+02 1.973136493890625900e+02 1.731999999999999886e+02
1.250000000000000000e+02 7.000000000000000666e-02 2.489378278332167738e-01 6.317971972350097758e+02 5.694736844977110195e+02 1.731999999999999886e+02
1.250000000000000000e+02 7.000000000000000666e-02 2.391355854796614611e-01 5.937754777919669777e+02 4.625277136688375776e+02 1.731999999999999886e+02
1.250000000000000000e+02 7.000000000000000666e-02 2.007686652641471892e-01 5.581505675798628090e+02 6.353576833999525206e+02 1.731999999999999886e+02
1.250000000000000000e+02 7.000000000000000666e-02 2.481190065817866774e-01 5.811428032651402873e+02 1.195922721997089155e+01 1.731999999999999886e+02
1.250000000000000000e+02 7.000000000000000666e-02 2.690525839238283590e-01 6.325533692546923703e+02 1.948449250028384654e+02 1.731999999999999886e+02
1.250000000000000000e+02 7.000000000000000666e-02 2.541823322801549101e-01 6.314289887598583846e+02 3.331782682068482586e+02 1.731999999999999886e+02
1.250000000000000000e+02 7.000000000000000666e-02 2.295934488565597176e-01 6.312773200509777780e+02 8.023247379487264652e+02 1.731999999999999886e+02
1.250000000000000000e+02 7.000000000000000666e-02 2.503392473061014645e-01 6.364853486515862642e+02 5.903454979138390399e+02 1.731999999999999886e+02
1.250000000000000000e+02 7.000000000000000666e-02 2.480278073490023993e-01 6.287900687610562045e+02 6.196694234499906315e+02 1.731999999999999886e+02
1.250000000000000000e+02 7.000000000000000666e-02 1.928117815063584151e-01 5.760943308206292386e+02 8.713476806917713020e+02 1.731999999999999886e+02
1.250000000000000000e+02 7.000000000000000666e-02 2.111986702843742514e-01 5.645956267891638163e+02 6.132972720570951424e+02 1.731999999999999886e+02
1.250000000000000000e+02 7.000000000000000666e-02 2.663379183795988037e-01 6.138271201455299888e+02 2.540432415613313921e+01 1.731999999999999886e+02
1.250000000000000000e+02 7.000000000000000666e-02 2.597503097988405063e-01 6.114266807433693884e+02 1.843364743617293868e+02 1.731999999999999886e+02
1.250000000000000000e+02 7.000000000000000666e-02 2.611324601047937399e-01 6.275288971619859240e+02 1.288064408681726150e+02 1.731999999999999886e+02
1.250000000000000000e+02 7.000000000000000666e-02 2.456299744250261541e-01 5.738637648848913386e+02 2.659340175811262270e+02 1.731999999999999886e+02
1.250000000000000000e+02 7.000000000000000666e-02 2.621042909578209512e-01 6.118640644259500050e+02 2.132030809526092128e+02 1.731999999999999886e+02
1.250000000000000000e+02 7.000000000000000666e-02 2.027564521295255329e-01 5.807084861921728134e+02 7.626812086458419344e+02 1.731999999999999886e+02
1.250000000000000000e+02 7.000000000000000666e-02 2.706962522911025570e-01 6.383338980530352273e+02 3.177433160411285940e+02 1.731999999999999886e+02
1.250000000000000000e+02 7.000000000000000666e-02 2.350122909675121385e-01 6.283319664627653083e+02 7.955496417852542663e+02 1.731999999999999886e+02
1.250000000000000000e+02 7.000000000000000666e-02 2.038329586252024261e-01 6.065874266475325385e+02 9.635570541675921277e+02 1.731999999999999886e+02
1.250000000000000000e+02 7.000000000000000666e-02 2.615765239185425806e-01 6.118368245893632320e+02 2.469329504886247264e+02 1.731999999999999886e+02
1.250000000000000000e+02 7.000000000000000666e-02 2.407285890330021216e-01 5.577235931849096460e+02 1.281011250993239230e+02 1.731999999999999886e+02
1.250000000000000000e+02 7.000000000000000666e-02 2.705824074043817751e-01 6.296411719961757854e+02 3.359246029817613248e+02 1.731999999999999886e+02
1.250000000000000000e+02 7.000000000000000666e-02 2.601117388639866967e-01 6.201240279350356559e+02 3.708244792012018820e+02 1.731999999999999886e+02
1.250000000000000000e+02 7.000000000000000666e-02 2.383095459768256597e-01 5.595880267936931887e+02 2.491314821109674824e+02 1.731999999999999886e+02
1.250000000000000000e+02 7.000000000000000666e-02 2.483572890637210373e-01 5.789969334630419553e+02 2.137699284735311664e+02 1.731999999999999886e+02
1.250000000000000000e+02 7.000000000000000666e-02 2.450524291799414667e-01 5.925056207515859796e+02 1.823020357019154005e+02 1.731999999999999886e+02
1.250000000000000000e+02 7.000000000000000666e-02 2.436461303691706271e-01 6.037791999529235909e+02 3.002061609956757593e+02 1.731999999999999886e+02
1.250000000000000000e+02 7.000000000000000666e-02 2.232856893729424641e-01 5.853988504933579406e+02 6.712363969953236165e+02 1.731999999999999886e+02
1.250000000000000000e+02 7.000000000000000666e-02 2.190617388926622833e-01 6.413608974681910695e+02 9.914062043251926752e+02 1.731999999999999886e+02
1.250000000000000000e+02 7.000000000000000666e-02 2.569498379047510106e-01 6.445661975841114781e+02 4.537373060992163687e+02 1.731999999999999886e+02
1.250000000000000000e+02 7.000000000000000666e-02 2.391433676849333834e-01 6.292617424197079572e+02 6.685192563343723577e+02 1.731999999999999886e+02
1.250000000000000000e+02 7.000000000000000666e-02 1.722597733051323410e-01 5.595585110415839836e+02 9.647419928654779824e+02 1.731999999999999886e+02
1.250000000000000000e+02 7.000000000000000666e-02 2.701485185955254109e-01 6.431815343297355412e+02 3.914008790646918783e+02 1.731999999999999886e+02
1.250000000000000000e+02 7.000000000000000666e-02 2.266656602080210359e-01 6.295810314739983369e+02 9.062632161056795894e+02 1.731999999999999886e+02
1.250000000000000000e+02 7.000000000000000666e-02 2.219694586873060260e-01 6.203361317272918996e+02 8.941710635069578075e+02 1.731999999999999886e+02
1.250000000000000000e+02 7.000000000000000666e-02 2.161711630762496450e-01 6.357315768805523248e+02 9.698249358888876941e+02 1.731999999999999886e+02
1.250000000000000000e+02 7.000000000000000666e-02 2.590964426952212518e-01 5.938440900092609809e+02 2.038987112110293083e+02 1.731999999999999886e+02
1.250000000000000000e+02 7.000000000000000666e-02 2.652142326800851491e-01 6.479246125019661804e+02 4.242203502093598786e+02 1.731999999999999886e+02
1.250000000000000000e+02 7.000000000000000666e-02 2.569341314400182541e-01 6.494390502353556940e+02 5.301419160538870301e+02 1.731999999999999886e+02
1.250000000000000000e+02 7.000000000000000666e-02 1.823872575368845617e-01 5.622460157937063059e+02 8.751687858519254632e+02 1.731999999999999886e+02
1.250000000000000000e+02 7.000000000000000666e-02 2.443339669958333460e-01 5.866808731826134817e+02 4.764969777077454438e+01 1.731999999999999886e+02
1.250000000000000000e+02 7.000000000000000666e-02 2.647332190641565330e-01 6.443808418153979574e+02 2.241293488884495844e+02 1.731999999999999886e+02
1.250000000000000000e+02 7.000000000000000666e-02 2.566316733464901745e-01 6.360710707943786701e+02 3.723462052809462079e+02 1.731999999999999886e+02
1.250000000000000000e+02 7.000000000000000666e-02 2.329361370039850776e-01 6.023966853529851733e+02 5.523003440646282343e+02 1.731999999999999886e+02
1.250000000000000000e+02 7.000000000000000666e-02 2.236380535644076073e-01 5.514576700835895053e+02 4.517780855993431715e+02 1.731999999999999886e+02
1.250000000000000000e+02 7.000000000000000666e-02 2.557701918470015601e-01 6.479092392599980030e+02 7.168809522609720943e+02 1.731999999999999886e+02
1.250000000000000000e+02 7.000000000000000666e-02 2.265565688374067410e-01 6.126907640755604234e+02 6.426477486053605617e+02 1.731999999999999886e+02
1.250000000000000000e+02 7.000000000000000666e-02 2.307241500080763341e-01 5.877791930646391165e+02 5.602793707949567761e+02 1.731999999999999886e+02
1.250000000000000000e+02 7.000000000000000666e-02 2.508754021411247481e-01 6.203947305860328925e+02 3.856322537372832926e+02 1.731999999999999886e+02
1.250000000000000000e+02 7.000000000000000666e-02 2.096939321435822012e-01 5.744235135154638101e+02 5.810529581227423250e+02 1.731999999999999886e+02
1.250000000000000000e+02 7.000000000000000666e-02 2.355352054762819836e-01 6.152809835708661694e+02 5.446768804336718404e+02 1.731999999999999886e+02
1.250000000000000000e+02 7.000000000000000666e-02 2.351312063867886382e-01 5.668579483428089816e+02 4.152131147217926923e+02 1.731999999999999886e+02
1.250000000000000000e+02 7.000000000000000666e-02 2.234133584836834330e-01 5.918566898966735152e+02 5.797013811802073633e+02 1.731999999999999886e+02
1.250000000000000000e+02 7.000000000000000666e-02 2.747486577442849187e-01 6.424874782309657348e+02 2.887158350958927144e+02 1.731999999999999886e+02
1.250000000000000000e+02 7.000000000000000666e-02 2.418391142094374613e-01 5.573267480069056319e+02 4.363418216969006380e+01 1.731999999999999886e+02
1.250000000000000000e+02 7.000000000000000666e-02 2.707554605005380033e-01 6.313583671278083784e+02 2.882561365765650976e+02 1.731999999999999886e+02
1.250000000000000000e+02 7.000000000000000666e-02 2.379444714058277510e-01 5.760147829337228131e+02 2.855306771209298233e+01 1.731999999999999886e+02
1.250000000000000000e+02 7.000000000000000666e-02 2.579658922624610828e-01 6.422465616356488454e+02 5.557717921228959312e+02 1.731999999999999886e+02
1.250000000000000000e+02 7.000000000000000666e-02 2.424145746341518359e-01 5.688618109778523149e+02 8.456900127555222468e+01 1.731999999999999886e+02
1.250000000000000000e+02 7.000000000000000666e-02 2.174637907611283172e-01 6.103352650336577199e+02 7.332526737548613482e+02 1.731999999999999886e+02
1.250000000000000000e+02 7.000000000000000666e-02 2.356854409880319301e-01 5.814208680131424671e+02 4.683066135949385398e+02 1.731999999999999886e+02
1.250000000000000000e+02 7.000000000000000666e-02 2.540286886804736244e-01 6.072764726566030049e+02 1.781137389372011626e+01 1.731999999999999886e+02
1.250000000000000000e+02 7.000000000000000666e-02 2.161657374164718259e-01 6.311703907027082323e+02 9.446551301615174907e+02 1.731999999999999886e+02
1.250000000000000000e+02 7.000000000000000666e-02 2.389300027978087659e-01 5.533919579033282616e+02 1.537440653212963753e+02 1.731999999999999886e+02
1.250000000000000000e+02 7.000000000000000666e-02 1.860469059258652580e-01 5.545120779273136122e+02 8.428794197833294675e+02 1.731999999999999886e+02
1.250000000000000000e+02 7.000000000000000666e-02 2.565487850642961254e-01 6.244304945908349964e+02 2.300805913998199514e+02 1.731999999999999886e+02
1.250000000000000000e+02 7.000000000000000666e-02 2.475533770980193060e-01 6.167537690691485750e+02 3.437427292213359920e+02 1.731999999999999886e+02
1.250000000000000000e+02 7.000000000000000666e-02 2.538299141473269183e-01 6.358891750343592548e+02 3.555726737366310317e+02 1.731999999999999886e+02
1.250000000000000000e+02 7.000000000000000666e-02 2.755517523371051603e-01 6.356169385489421302e+02 1.819855868798412359e+02 1.731999999999999886e+02
1.250000000000000000e+02 7.000000000000000666e-02 2.727328694555320454e-01 6.442442438639982356e+02 3.567734049176912663e+02 1.731999999999999886e+02
1.250000000000000000e+02 7.000000000000000666e-02 2.718677277038517581e-01 6.160778267701970208e+02 1.211058807138453091e+02 1.731999999999999886e+02
1.250000000000000000e+02 7.000000000000000666e-02 2.315121989358819576e-01 6.415970611904542693e+02 9.579476698859299404e+02 1.731999999999999886e+02
1.250000000000000000e+02 7.000000000000000666e-02 2.080311539849836744e-01 5.551145192599170741e+02 5.286564888661486066e+02 1.731999999999999886e+02
1.250000000000000000e+02 7.000000000000000666e-02 2.488867389715201661e-01 6.232118583895478423e+02 4.048795475437527784e+02 1.731999999999999886e+02
1.250000000000000000e+02 7.000000000000000666e-02 1.986238880482296132e-01 5.862547156579146304e+02 7.819134515330138129e+02 1.731999999999999886e+02
1.250000000000000000e+02 7.000000000000000666e-02 2.761764573696458558e-01 6.447585129803612745e+02 1.088180323203506958e+02 1.731999999999999886e+02
1.250000000000000000e+02 7.000000000000000666e-02 2.755510617405664275e-01 6.328418007370810301e+02 1.013591974049523685e+02 1.731999999999999886e+02
1.250000000000000000e+02 7.000000000000000666e-02 2.266509774448474124e-01 5.612588547527974470e+02 3.434086060343368558e+02 1.731999999999999886e+02
1.250000000000000000e+02 7.000000000000000666e-02 2.318519022497365079e-01 5.802888158107932668e+02 5.279237050097751762e+02 1.731999999999999886e+02
1.250000000000000000e+02 7.000000000000000666e-02 2.421512426991793143e-01 6.450726072820705213e+02 8.282425555150844048e+02 1.731999999999999886e+02
1.250000000000000000e+02 7.000000000000000666e-02 2.788584116057763462e-01 6.260119886764653074e+02 1.201049154330687827e+02 1.731999999999999886e+02
1.250000000000000000e+02 7.000000000000000666e-02 2.189200729128912282e-01 6.169375738522027177e+02 7.737712835049238720e+02 1.731999999999999886e+02
1.250000000000000000e+02 7.000000000000000666e-02 2.140358213681376187e-01 5.991124931418344204e+02 8.326462785597598213e+02 1.731999999999999886e+02
1.250000000000000000e+02 7.000000000000000666e-02 2.509911943880825946e-01 5.947379102559077637e+02 2.356855677001612470e+00 1.731999999999999886e+02
1.250000000000000000e+02 7.000000000000000666e-02 2.521847772612834104e-01 6.030395245026494422e+02 3.809570071859774885e+02 1.731999999999999886e+02
1.250000000000000000e+02 7.000000000000000666e-02 2.039813900680676750e-01 5.842413605233632552e+02 7.157055463188652311e+02 1.731999999999999886e+02
1.250000000000000000e+02 7.000000000000000666e-02 2.403114747445448396e-01 5.853168801801481322e+02 3.653777226406458567e+02 1.731999999999999886e+02
1.250000000000000000e+02 7.000000000000000666e-02 2.596883086943139740e-01 6.167228418331304738e+02 2.453210655269450058e+02 1.731999999999999886e+02
1.250000000000000000e+02 7.000000000000000666e-02 2.373993042711128876e-01 5.571547613071860496e+02 1.318292013512577512e+02 1.731999999999999886e+02
1.250000000000000000e+02 7.000000000000000666e-02 1.710557841306171167e-01 5.504286659936318529e+02 9.927542762180108866e+02 1.731999999999999886e+02
1.250000000000000000e+02 7.000000000000000666e-02 2.427011253592089024e-01 6.348883431576592784e+02 5.763504228276475487e+02 1.731999999999999886e+02
1.250000000000000000e+02 7.000000000000000666e-02 2.221571807677803212e-01 5.865021792625852868e+02 4.741479381109700171e+02 1.731999999999999886e+02
1.250000000000000000e+02 7.000000000000000666e-02 2.062946773756259289e-01 5.701345138909532579e+02 6.765140364714110319e+02 1.731999999999999886e+02
1.250000000000000000e+02 7.000000000000000666e-02 1.987646315707171651e-01 5.844341174208248049e+02 8.495105599299461119e+02 1.731999999999999886e+02
1.250000000000000000e+02 7.000000000000000666e-02 2.313415912720148127e-01 6.407431098442241364e+02 8.505128048318171068e+02 1.731999999999999886e+02
1.250000000000000000e+02 7.000000000000000666e-02 2.713142782265550168e-01 6.366340619331027710e+02 9.064987935087975757e+01 1.731999999999999886e+02
1.250000000000000000e+02 7.000000000000000666e-02 2.375990116286325060e-01 5.601709317552924858e+02 6.677381108552826561e+01 1.731999999999999886e+02
1.250000000000000000e+02 7.000000000000000666e-02 1.893410718137551740e-01 5.736529678938204597e+02 8.221469176053111596e+02 1.731999999999999886e+02
1.250000000000000000e+02 7.000000000000000666e-02 2.270629615633103782e-01 5.610648696260128645e+02 2.314404656685368309e+02 1.731999999999999886e+02
1.250000000000000000e+02 7.000000000000000666e-02 2.143654546758838597e-01 6.204365207476337218e+02 9.274237555320340789e+02 1.731999999999999886e+02
1.250000000000000000e+02 7.000000000000000666e-02 2.373029905287905583e-01 5.821880615081496444e+02 3.491568498947407306e+02 1.731999999999999886e+02
1.250000000000000000e+02 7.000000000000000666e-02 2.610788357248999825e-01 5.917130165651306015e+02 1.537244773598511642e+02 1.731999999999999886e+02
1.250000000000000000e+02 7.000000000000000666e-02 1.924653382538339397e-01 5.803442021079215465e+02 9.226695778988460006e+02 1.731999999999999886e+02
1.250000000000000000e+02 7.000000000000000666e-02 2.663601868098416370e-01 6.499383439586754321e+02 4.775000612031365677e+02 1.731999999999999886e+02
1.250000000000000000e+02 7.000000000000000666e-02 2.376493792214690592e-01 5.629027675374554747e+02 2.786795722247057370e+02 1.731999999999999886e+02
1.250000000000000000e+02 7.000000000000000666e-02 2.475477125938445877e-01 6.234730274339294738e+02 5.388223036852542691e+02 1.731999999999999886e+02
1.250000000000000000e+02 7.000000000000000666e-02 2.122861546989126269e-01 5.681817398557057004e+02 5.446744222907708490e+02 1.731999999999999886e+02
1.250000000000000000e+02 7.000000000000000666e-02 2.398412399161308217e-01 5.705454962494352458e+02 5.184359445327147142e+01 1.731999999999999886e+02
1.250000000000000000e+02 7.000000000000000666e-02 2.347804536572986600e-01 6.096017877140639030e+02 5.519564295078200757e+02 1.731999999999999886e+02
1.250000000000000000e+02 7.000000000000000666e-02 2.439409945765725618e-01 5.793344297988194285e+02 1.274847219249635231e+02 1.731999999999999886e+02
1.250000000000000000e+02 7.000000000000000666e-02 2.445104803157231166e-01 6.341947222662973900e+02 6.322242340873291369e+02 1.731999999999999886e+02
1.250000000000000000e+02 7.000000000000000666e-02 2.263263189446112766e-01 5.875842028133140502e+02 6.239744821148050278e+02 1.731999999999999886e+02
1.250000000000000000e+02 7.000000000000000666e-02 2.253282044624226321e-01 6.341206269029709119e+02 9.069518006536653729e+02 1.731999999999999886e+02
1.250000000000000000e+02 7.000000000000000666e-02 2.472896878852868796e-01 6.022885120408592456e+02 3.722887878112397289e+02 1.731999999999999886e+02
1.250000000000000000e+02 7.000000000000000666e-02 2.683689861407057564e-01 6.161419613051916713e+02 1.532063668225398487e+02 1.731999999999999886e+02
1.250000000000000000e+02 7.000000000000000666e-02 2.185793363625473107e-01 6.206171698506702796e+02 9.699605372806137211e+02 1.731999999999999886e+02
1.250000000000000000e+02 7.000000000000000666e-02 2.502033169418937941e-01 5.905734267581730137e+02 2.604976763707129521e+02 1.731999999999999886e+02
1.250000000000000000e+02 7.000000000000000666e-02 2.367000700564228510e-01 5.875263080331676520e+02 5.105876245982601063e+02 1.731999999999999886e+02
1.250000000000000000e+02 7.000000000000000666e-02 2.738592710980081724e-01 6.481680371441012767e+02 4.021620704494839060e+02 1.731999999999999886e+02
1.250000000000000000e+02 7.000000000000000666e-02 2.295189722899665385e-01 6.344608705416937937e+02 8.820296610868338121e+02 1.731999999999999886e+02
1.250000000000000000e+02 7.000000000000000666e-02 2.326497314450878540e-01 6.378801917990903121e+02 7.041059699483840859e+02 1.731999999999999886e+02
1.250000000000000000e+02 7.000000000000000666e-02 2.198607067256115044e-01 6.294220584102824887e+02 8.446815959141637222e+02 1.731999999999999886e+02
1.250000000000000000e+02 7.000000000000000666e-02 2.489060363066972481e-01 5.929282675731976724e+02 4.139328483059101700e+02 1.731999999999999886e+02
1.250000000000000000e+02 7.000000000000000666e-02 2.432724432340265253e-01 6.080718451760124026e+02 3.501106577812112164e+02 1.731999999999999886e+02
1.250000000000000000e+02 7.000000000000000666e-02 2.444547780593887831e-01 5.678163688023018949e+02 2.672899799265637739e+02 1.731999999999999886e+02
1.250000000000000000e+02 7.000000000000000666e-02 2.186052152630961753e-01 6.018929958874396107e+02 7.097332435741939207e+02 1.731999999999999886e+02
1.250000000000000000e+02 7.000000000000000666e-02 2.807487515619814800e-01 6.486251922858461967e+02 2.880762984654853085e+02 1.731999999999999886e+02
1.250000000000000000e+02 7.000000000000000666e-02 2.131850076322117371e-01 6.161187648078287111e+02 9.587343287852783078e+02 1.731999999999999886e+02
1.250000000000000000e+02 7.000000000000000666e-02 2.346895010148141170e-01 5.677800515484518655e+02 1.018468194773051181e+02 1.731999999999999886e+02
1.250000000000000000e+02 7.000000000000000666e-02 2.814419364366614884e-01 6.415427745003271411e+02 1.262081093699302130e+02 1.731999999999999886e+02
1.250000000000000000e+02 7.000000000000000666e-02 2.322488803557411774e-01 5.620104892518882025e+02 3.749476398725447552e+02 1.731999999999999886e+02
1.250000000000000000e+02 7.000000000000000666e-02 2.650505519118692144e-01 6.182094210494691424e+02 2.054934565275646889e+02 1.731999999999999886e+02
1.250000000000000000e+02 7.000000000000000666e-02 2.414627249074924598e-01 5.582688728371462048e+02 4.387870060829391150e+01 1.731999999999999886e+02
1.250000000000000000e+02 7.000000000000000666e-02 2.467164502117286107e-01 6.205581203093232716e+02 3.444249969959468558e+02 1.731999999999999886e+02
1.250000000000000000e+02 7.000000000000000666e-02 2.488423453787997619e-01 6.065917709677219136e+02 4.029305450403082318e+02 1.731999999999999886e+02
1.250000000000000000e+02 7.000000000000000666e-02 2.298807453360954822e-01 5.786472800266368495e+02 2.932899299836977320e+02 1.731999999999999886e+02
1.250000000000000000e+02 7.000000000000000666e-02 2.572698321849531955e-01 6.302094053560506381e+02 4.093198677568018411e+02 1.731999999999999886e+02
1.250000000000000000e+02 7.000000000000000666e-02 2.255191512152540378e-01 6.248261438927752351e+02 8.118721290776555861e+02 1.731999999999999886e+02
1.250000000000000000e+02 7.000000000000000666e-02 2.163402254581593409e-01 5.728454614705834729e+02 4.638734704790809928e+02 1.731999999999999886e+02
1.250000000000000000e+02 7.000000000000000666e-02 2.204623284361738322e-01 5.695021762227672752e+02 5.914711978847846012e+02 1.731999999999999886e+02
1.250000000000000000e+02 7.000000000000000666e-02 2.365722869519569505e-01 5.743326449739753343e+02 2.525693158653402577e+02 1.731999999999999886e+02
1.250000000000000000e+02 7.000000000000000666e-02 2.532942555368299931e-01 6.212521062690460667e+02 2.506420335121995890e+02 1.731999999999999886e+02
1.250000000000000000e+02 7.000000000000000666e-02 2.084884931541671205e-01 6.033279311244050405e+02 8.320097631272243461e+02 1.731999999999999886e+02
1.250000000000000000e+02 7.000000000000000666e-02 1.918201982397349792e-01 5.951781674248728677e+02 9.659122061078592196e+02 1.731999999999999886e+02
1.250000000000000000e+02 7.000000000000000666e-02 2.264992224000880183e-01 5.783556194162672455e+02 4.094862152728532010e+02 1.731999999999999886e+02
1.250000000000000000e+02 7.000000000000000666e-02 2.573370228143443406e-01 6.349773902934683747e+02 3.689224337005327925e+02 1.731999999999999886e+02
1.250000000000000000e+02 7.000000000000000666e-02 2.305413073332460705e-01 5.961999050293748041e+02 5.521639306077817082e+02 1.731999999999999886e+02
1.250000000000000000e+02 7.000000000000000666e-02 2.522104415478485517e-01 5.744660133897630203e+02 1.030793643420369108e+02 1.731999999999999886e+02
1.250000000000000000e+02 7.000000000000000666e-02 2.484329534661363914e-01 6.128402917825789018e+02 3.529163451868855077e+02 1.731999999999999886e+02
1.250000000000000000e+02 7.000000000000000666e-02 2.036886692098972274e-01 5.620680080251765958e+02 5.841227483339207538e+02 1.731999999999999886e+02
1.250000000000000000e+02 7.000000000000000666e-02 2.393166235997829239e-01 5.833712629808139809e+02 3.890090245965120062e+02 1.731999999999999886e+02
1.250000000000000000e+02 7.000000000000000666e-02 2.538725178658809423e-01 6.427005965884095531e+02 6.415982707770069737e+02 1.731999999999999886e+02
1.250000000000000000e+02 7.000000000000000666e-02 2.397406277197372815e-01 5.978322719935526948e+02 2.776461772789070324e+02 1.731999999999999886e+02
1.250000000000000000e+02 7.000000000000000666e-02 2.094850435064382899e-01 5.530029443636358337e+02 5.495420911511536133e+02 1.731999999999999886e+02
1.250000000000000000e+02 7.000000000000000666e-02 2.560874044365067936e-01 6.048938333886965211e+02 1.768246804353658206e+02 1.731999999999999886e+02
1.250000000000000000e+02 7.000000000000000666e-02 2.097051276534415698e-01 5.708966205826759506e+02 6.415904743579175147e+02 1.731999999999999886e+02
1.250000000000000000e+02 7.000000000000000666e-02 2.684775241192844386e-01 6.180242979284662397e+02 1.002740515861338935e+02 1.731999999999999886e+02
1.250000000000000000e+02 7.000000000000000666e-02 2.414838351016790619e-01 5.633256411079910322e+02 1.226845250404517884e+01 1.731999999999999886e+02
1.250000000000000000e+02 7.000000000000000666e-02 2.535140200784325448e-01 6.375173135801429680e+02 4.518497200883844016e+02 1.731999999999999886e+02
1.250000000000000000e+02 7.000000000000000666e-02 2.485244466869311331e-01 6.221653427655157884e+02 5.366604076209866889e+02 1.731999999999999886e+02
1.250000000000000000e+02 7.000000000000000666e-02 2.319962917440848149e-01 6.287094953951861953e+02 8.687665987045650127e+02 1.731999999999999886e+02
1.250000000000000000e+02 7.000000000000000666e-02 2.773015148849793943e-01 6.328152530576448953e+02 2.611318394988182234e+01 1.731999999999999886e+02
1.250000000000000000e+02 7.000000000000000666e-02 2.749223271700980686e-01 6.321256406941272417e+02 2.642940060724595810e+02 1.731999999999999886e+02
1.250000000000000000e+02 7.000000000000000666e-02 2.479866455248242729e-01 6.127945908861416910e+02 4.949887936769446810e+02 1.731999999999999886e+02
1.250000000000000000e+02 7.000000000000000666e-02 2.289075169925877673e-01 5.530624395882965700e+02 7.799851220869879853e+01 1.731999999999999886e+02
1.250000000000000000e+02 7.000000000000000666e-02 2.297190417972879706e-01 6.446041504687779025e+02 8.460121412517737554e+02 1.731999999999999886e+02
1.250000000000000000e+02 7.000000000000000666e-02 1.748357084157634300e-01 5.551868305578074114e+02 9.567677746248305084e+02 1.731999999999999886e+02
1.250000000000000000e+02 7.000000000000000666e-02 2.662634716925060263e-01 6.426350413183337196e+02 3.706957046572559875e+02 1.731999999999999886e+02
1.250000000000000000e+02 7.000000000000000666e-02 2.266001436528635726e-01 5.852429423401656550e+02 5.862251797327967324e+02 1.731999999999999886e+02
1.250000000000000000e+02 7.000000000000000666e-02 2.291303152934152931e-01 5.728418150777201845e+02 4.990349773269084039e+02 1.731999999999999886e+02
1.250000000000000000e+02 7.000000000000000666e-02 2.409306145039948055e-01 6.145021989884770619e+02 6.733371065784726852e+02 1.731999999999999886e+02
1.250000000000000000e+02 7.000000000000000666e-02 2.555601852195213408e-01 5.831992882233761293e+02 1.661105115387303499e+02 1.731999999999999886e+02
1.250000000000000000e+02 7.000000000000000666e-02 2.386131168605588049e-01 5.706403855702742476e+02 1.325713448752209445e+02 1.731999999999999886e+02
1.250000000000000000e+02 7.000000000000000666e-02 2.126338193357584228e-01 6.057217320871994843e+02 8.397503671353072150e+02 1.731999999999999886e+02
1.250000000000000000e+02 7.000000000000000666e-02 2.398917239233659959e-01 5.803973657100406172e+02 4.108927275325202686e+02 1.731999999999999886e+02
1.250000000000000000e+02 7.000000000000000666e-02 2.651580827389538042e-01 6.284541799198226499e+02 1.254267239955919599e+01 1.731999999999999886e+02
1.250000000000000000e+02 7.000000000000000666e-02 2.331455799327898093e-01 6.380203394178442977e+02 7.171425760378336918e+02 1.731999999999999886e+02
1.250000000000000000e+02 7.000000000000000666e-02 2.694728725821001758e-01 6.465098108743487728e+02 5.168432166019912302e+02 1.731999999999999886e+02
1.250000000000000000e+02 7.000000000000000666e-02 2.584352174664607538e-01 6.248351899073213644e+02 1.419394650832945786e+02 1.731999999999999886e+02
1.250000000000000000e+02 7.000000000000000666e-02 2.624915336110149600e-01 6.235474877889240588e+02 1.441148094492980078e+02 1.731999999999999886e+02
1.250000000000000000e+02 7.000000000000000666e-02 2.456112597766803018e-01 6.307057816514731030e+02 6.163377859126250087e+02 1.731999999999999886e+02
1.250000000000000000e+02 7.000000000000000666e-02 2.639827277480104595e-01 6.141337851344335377e+02 1.761966373886447812e+01 1.731999999999999886e+02
1.250000000000000000e+02 7.000000000000000666e-02 2.579830176482785231e-01 5.864266948433885318e+02 7.942628987593103318e+01 1.731999999999999886e+02
1.250000000000000000e+02 7.000000000000000666e-02 2.494059466281211834e-01 6.341671293265042095e+02 5.387427048958643354e+02 1.731999999999999886e+02
1.250000000000000000e+02 7.000000000000000666e-02 2.063250762697884932e-01 5.511248832007415785e+02 5.141004719746567844e+02 1.731999999999999886e+02
1.250000000000000000e+02 7.000000000000000666e-02 2.586101479101880485e-01 5.981531335082991063e+02 7.247815884410924170e+00 1.731999999999999886e+02
1.250000000000000000e+02 7.000000000000000666e-02 2.052088136513024741e-01 5.820983868219676651e+02 8.400989511483121532e+02 1.731999999999999886e+02
1.250000000000000000e+02 7.000000000000000666e-02 2.541207422351243195e-01 6.341584104700389162e+02 3.361749645259272370e+02 1.731999999999999886e+02
1.250000000000000000e+02 7.000000000000000666e-02 2.732397812959347916e-01 6.438714858426114915e+02 2.807036572618775381e+02 1.731999999999999886e+02
1.250000000000000000e+02 7.000000000000000666e-02 1.795652917359774892e-01 5.591770861656779061e+02 9.243516481985815290e+02 1.731999999999999886e+02
1.250000000000000000e+02 7.000000000000000666e-02 2.422356216855928446e-01 5.978761534426649860e+02 3.782142742845090311e+02 1.731999999999999886e+02
1.250000000000000000e+02 7.000000000000000666e-02 2.289538413356153324e-01 5.972604743676932912e+02 6.674661091923610456e+02 1.731999999999999886e+02
1.250000000000000000e+02 7.000000000000000666e-02 2.691154675410702413e-01 6.042940784391611260e+02 5.640572047330727656e+01 1.731999999999999886e+02
1.250000000000000000e+02 7.000000000000000666e-02 2.378017255953865372e-01 5.721169211418874738e+02 3.861547195046701972e+02 1.731999999999999886e+02
1.250000000000000000e+02 7.000000000000000666e-02 2.556791252279022042e-01 6.041009111371306517e+02 2.365182867136356037e+02 1.731999999999999886e+02
1.250000000000000000e+02 7.000000000000000666e-02 2.108967239305483965e-01 6.149748439027416680e+02 8.326946655788811995e+02 1.731999999999999886e+02
1.250000000000000000e+02 7.000000000000000666e-02 2.371523169829764244e-01 5.766709881958868209e+02 5.677229593031240995e+01 1.731999999999999886e+02
1.250000000000000000e+02 7.000000000000000666e-02 2.068966378289849584e-01 5.830399495454887528e+02 8.188017873951091588e+02 1.731999999999999886e+02
1.250000000000000000e+02 7.000000000000000666e-02 2.165223480082471563e-01 5.802077443927489639e+02 5.797443597232887669e+02 1.731999999999999886e+02
1.250000000000000000e+02 7.000000000000000666e-02 2.700965718046309250e-01 6.164859743619118717e+02 5.540809736264362684e+00 1.731999999999999886e+02
1.250000000000000000e+02 7.000000000000000666e-02 1.983679487410305864e-01 5.764890459855492963e+02 8.406038250923420492e+02 1.731999999999999886e+02
1.250000000000000000e+02 7.000000000000000666e-02 2.796513120642539207e-01 6.464393625814267352e+02 3.456579011750571340e+02 1.731999999999999886e+02
1.250000000000000000e+02 7.000000000000000666e-02 1.961083758379852660e-01 6.080551094745806040e+02 9.574751365465617710e+02 1.731999999999999886e+02
1.250000000000000000e+02 7.000000000000000666e-02 2.518174004892482221e-01 5.977658049900330752e+02 6.942176157982981977e+01 1.731999999999999886e+02
1.250000000000000000e+02 7.000000000000000666e-02 2.401775443486608708e-01 6.176588187364377518e+02 4.643427543567576663e+02 1.731999999999999886e+02
1.250000000000000000e+02 7.000000000000000666e-02 1.776986537545188205e-01 5.529871794415367958e+02 8.194548131001540696e+02 1.731999999999999886e+02
1.250000000000000000e+02 7.000000000000000666e-02 2.197407339022822703e-01 6.089459010713148928e+02 8.711979434800505260e+02 1.731999999999999886e+02
1.250000000000000000e+02 7.000000000000000666e-02 1.817531701468811656e-01 5.638540854234241806e+02 9.110345851827005390e+02 1.731999999999999886e+02
1.250000000000000000e+02 7.000000000000000666e-02 2.797171501713905939e-01 6.362870386050897196e+02 1.853455767046796510e+01 1.731999999999999886e+02
1.250000000000000000e+02 7.000000000000000666e-02 2.064114017341984741e-01 5.630456095029713879e+02 5.413395904221860064e+02 1.731999999999999886e+02
1.250000000000000000e+02 7.000000000000000666e-02 2.214691555582031512e-01 6.471836947682386381e+02 9.587270716986388379e+02 1.731999999999999886e+02
1.250000000000000000e+02 7.000000000000000666e-02 2.189010892121034113e-01 5.771035700755504649e+02 5.236270120888391375e+02 1.731999999999999886e+02
1.250000000000000000e+02 7.000000000000000666e-02 2.287589926706082855e-01 6.344373022696177031e+02 8.318288757564473599e+02 1.731999999999999886e+02
1.250000000000000000e+02 7.000000000000000666e-02 2.190372229299749618e-01 5.968513448865902546e+02 7.780894817236621748e+02 1.731999999999999886e+02
1.250000000000000000e+02 7.000000000000000666e-02 1.820626416691537297e-01 5.697072651139581012e+02 9.366288844529444759e+02 1.731999999999999886e+02
1.250000000000000000e+02 7.000000000000000666e-02 2.125436399907396079e-01 6.039145585662788562e+02 8.914698844910407161e+02 1.731999999999999886e+02
1.250000000000000000e+02 7.000000000000000666e-02 2.418492188830772827e-01 6.215599414143734975e+02 4.785501057437382428e+02 1.731999999999999886e+02
1.250000000000000000e+02 7.000000000000000666e-02 2.299722842262745537e-01 5.798125643999613885e+02 3.364666280670738274e+02 1.731999999999999886e+02
1.250000000000000000e+02 7.000000000000000666e-02 2.247940040271640405e-01 5.673706424622450868e+02 5.076594246415716611e+02 1.731999999999999886e+02
1.250000000000000000e+02 7.000000000000000666e-02 2.718251536980839100e-01 6.182151101560765483e+02 1.666885066027385847e+02 1.731999999999999886e+02
1.250000000000000000e+02 7.000000000000000666e-02 2.772043171236680537e-01 6.398729795283852582e+02 7.339076421335910538e+01 1.731999999999999886e+02
