1.250000000000000000e+02 7.000000000000000666e-02 2.256042802028315059e-03 1.718815913322986262e+02 3.038355737764237801e+03 1.731999999999999886e+02
1.250000000000000000e+02 7.000000000000000666e-02 9.728285756870161741e-03 1.124771227029605001e+02 1.619466714578921938e+03 1.731999999999999886e+02
1.250000000000000000e+02 7.000000000000000666e-02 8.388782666971923013e-03 1.901867751193723848e+02 1.094612801906573395e+03 1.731999999999999886e+02
1.250000000000000000e+02 7.000000000000000666e-02 8.379524348644801571e-03 1.791654566177958259e+02 9.031699098165946680e+02 1.731999999999999886e+02
1.250000000000000000e+02 7.000000000000000666e-02 1.753486897765707542e-03 1.223886117664027040e+02 3.082080328972195730e+03 1.731999999999999886e+02
1.250000000000000000e+02 7.000000000000000666e-02 2.809389526550996625e-03 1.658758304783622179e+02 2.167137855594888151e+03 1.731999999999999886e+02
1.250000000000000000e+02 7.000000000000000666e-02 5.911280979079821217e-03 1.786139646738050146e+02 1.287581725329969686e+03 1.731999999999999886e+02
1.250000000000000000e+02 7.000000000000000666e-02 2.550797851977503784e-03 1.192066965862759105e+02 3.005687659447068654e+03 1.731999999999999886e+02
1.250000000000000000e+02 7.000000000000000666e-02 2.998613509391108087e-03 1.195834998678636367e+02 2.288266704883021703e+03 1.731999999999999886e+02
1.250000000000000000e+02 7.000000000000000666e-02 2.076539513114965090e-03 1.649517548979889625e+02 2.784526985012850673e+03 1.731999999999999886e+02
1.250000000000000000e+02 7.000000000000000666e-02 3.437938884276711075e-03 1.252120698457369912e+02 1.087599579349833448e+03 1.731999999999999886e+02
1.250000000000000000e+02 7.000000000000000666e-02 9.938379345328516440e-03 1.668975510613024085e+02 6.282725138114608399e+02 1.731999999999999886e+02
1.250000000000000000e+02 7.000000000000000666e-02 7.744476509773328722e-03 1.652950073226501218e+02 7.713916745539548856e+02 1.731999999999999886e+02
1.250000000000000000e+02 7.000000000000000666e-02 9.107131172786893381e-03 1.482688976091224049e+02 4.886593216556920538e+02 1.731999999999999886e+02
1.250000000000000000e+02 7.000000000000000666e-02 2.881298377012912228e-03 1.952910918539199656e+02 3.601410107086139760e+03 1.731999999999999886e+02
1.250000000000000000e+02 7.000000000000000666e-02 5.908675690752627357e-03 1.715885729478290500e+02 1.161759893321981281e+03 1.731999999999999886e+02
1.250000000000000000e+02 7.000000000000000666e-02 9.545788940415168844e-03 1.564425499853847441e+02 5.542341982689458746e+02 1.731999999999999886e+02
1.250000000000000000e+02 7.000000000000000666e-02 8.406672522377738738e-03 1.099781076816291829e+02 2.412519661370705307e+03 1.731999999999999886e+02
1.250000000000000000e+02 7.000000000000000666e-02 2.774499601739588862e-03 1.842350206767841030e+02 3.060508728151282867e+03 1.731999999999999886e+02
1.250000000000000000e+02 7.000000000000000666e-02 2.894586459263374066e-03 1.965722746887748258e+02 3.602850412977060842e+03 1.731999999999999886e+02
1.250000000000000000e+02 7.000000000000000666e-02 2.842544326919495615e-03 1.170769215423024718e+02 3.442862349100777465e+03 1.731999999999999886e+02
1.250000000000000000e+02 7.000000000000000666e-02 6.427308070021396300e-03 1.725207245932864168e+02 1.044442019759266259e+03 1.731999999999999886e+02
1.250000000000000000e+02 7.000000000000000666e-02 2.978079582533087102e-03 1.974716495850674676e+02 3.364388947900195944e+03 1.731999999999999886e+02
1.250000000000000000e+02 7.000000000000000666e-02 8.951092645002175704e-03 1.066954181579179561e+02 3.531650088113263337e+03 1.731999999999999886e+02
1.250000000000000000e+02 7.000000000000000666e-02 8.355208685912229177e-03 1.131841376908827641e+02 1.743477186570763706e+03 1.731999999999999886e+02
1.250000000000000000e+02 7.000000000000000666e-02 5.774302567355547346e-03 1.658572024047377056e+02 1.017102767140457331e+03 1.731999999999999886e+02
1.250000000000000000e+02 7.000000000000000666e-02 6.818115644106193321e-03 1.631842439807550136e+02 8.519151218492626185e+02 1.731999999999999886e+02
1.250000000000000000e+02 7.000000000000000666e-02 3.162544485973171199e-03 1.481596834611771101e+02 1.356057833451087618e+03 1.731999999999999886e+02
1.250000000000000000e+02 7.000000000000000666e-02 5.469973908731982394e-03 1.191225784794653180e+02 1.428012342969720521e+03 1.731999999999999886e+02
1.250000000000000000e+02 7.000000000000000666e-02 1.807974167273030883e-03 1.535806212637787098e+02 2.612178158785121468e+03 1.731999999999999886e+02
1.250000000000000000e+02 7.000000000000000666e-02 3.301448520359555588e-03 1.350164883553536868e+02 1.107226620476670860e+03 1.731999999999999886e+02
1.250000000000000000e+02 7.000000000000000666e-02 5.716870570626589147e-03 1.980056080179389824e+02 1.889728001513248046e+03 1.731999999999999886e+02
1.250000000000000000e+02 7.000000000000000666e-02 7.028268193675754096e-03 1.554019075097198197e+02 6.896868758466707732e+02 1.731999999999999886e+02
1.250000000000000000e+02 7.000000000000000666e-02 1.927129868047744009e-03 1.610410916262560193e+02 3.006416469019837223e+03 1.731999999999999886e+02
1.250000000000000000e+02 7.000000000000000666e-02 7.329807416944182988e-03 1.997533943004751507e+02 1.467343558007983347e+03 1.731999999999999886e+02
1.250000000000000000e+02 7.000000000000000666e-02 1.286473520787824974e-03 1.489736421646315989e+02 3.547799882564534073e+03 1.731999999999999886e+02
1.250000000000000000e+02 7.000000000000000666e-02 8.391759965025655243e-03 1.824647565036021035e+02 9.545040659327686399e+02 1.731999999999999886e+02
1.250000000000000000e+02 7.000000000000000666e-02 3.659534614874795488e-03 1.859480757377963300e+02 2.432076727867927730e+03 1.731999999999999886e+02
1.250000000000000000e+02 7.000000000000000666e-02 5.343539556301933786e-03 1.111583560375754303e+02 3.353440372654754810e+03 1.731999999999999886e+02
1.250000000000000000e+02 7.000000000000000666e-02 1.558383192512094147e-03 1.271269934748852677e+02 2.275639058347560422e+03 1.731999999999999886e+02
1.250000000000000000e+02 7.000000000000000666e-02 8.299638149531734024e-03 1.134243178032514834e+02 1.637915361609930869e+03 1.731999999999999886e+02
1.250000000000000000e+02 7.000000000000000666e-02 8.540216177153092322e-03 1.390627682693264546e+02 4.455423323741598551e+02 1.731999999999999886e+02
1.250000000000000000e+02 7.000000000000000666e-02 7.200218740754564875e-03 1.140856605590471844e+02 1.826189656853311135e+03 1.731999999999999886e+02
1.250000000000000000e+02 7.000000000000000666e-02 6.965728998604545433e-03 1.812482436859454538e+02 1.178987476976914650e+03 1.731999999999999886e+02
1.250000000000000000e+02 7.000000000000000666e-02 3.407072374005541953e-03 1.281158073034821143e+02 1.036433280428658691e+03 1.731999999999999886e+02
1.250000000000000000e+02 7.000000000000000666e-02 1.037725761733735525e-03 1.454398243110805993e+02 3.934858469948577294e+03 1.731999999999999886e+02
1.250000000000000000e+02 7.000000000000000666e-02 5.486085401755051889e-03 1.890736923764049209e+02 1.710258415956213867e+03 1.731999999999999886e+02
1.250000000000000000e+02 7.000000000000000666e-02 5.126829164237973330e-03 1.988308042191389973e+02 2.054190782849098923e+03 1.731999999999999886e+02
1.250000000000000000e+02 7.000000000000000666e-02 1.445220651054930118e-03 1.292091766023259254e+02 2.449849135344893512e+03 1.731999999999999886e+02
1.250000000000000000e+02 7.000000000000000666e-02 2.730882414606483274e-03 1.635532492139683995e+02 2.201091947716002323e+03 1.731999999999999886e+02
1.250000000000000000e+02 7.000000000000000666e-02 8.646565006072606113e-03 1.780622121134862255e+02 8.416560079407462354e+02 1.731999999999999886e+02
1.250000000000000000e+02 7.000000000000000666e-02 5.133474052072127709e-03 1.587729851226039273e+02 1.006733503005179386e+03 1.731999999999999886e+02
1.250000000000000000e+02 7.000000000000000666e-02 7.695991115604044683e-03 1.139484323042623686e+02 1.801831616304463978e+03 1.731999999999999886e+02
1.250000000000000000e+02 7.000000000000000666e-02 9.256745155439101078e-03 1.262622986760776342e+02 3.761117355959968904e+02 1.731999999999999886e+02
1.250000000000000000e+02 7.000000000000000666e-02 8.823699632722420416e-03 1.129119868125347210e+02 1.751460691923774903e+03 1.731999999999999886e+02
1.250000000000000000e+02 7.000000000000000666e-02 1.857708519013339700e-03 1.763991065723770362e+02 3.906792792689752787e+03 1.731999999999999886e+02
1.250000000000000000e+02 7.000000000000000666e-02 5.194330913829627895e-03 1.961920536160567963e+02 2.003946749697159930e+03 1.731999999999999886e+02
1.250000000000000000e+02 7.000000000000000666e-02 2.806030318592727009e-03 1.724777904797577435e+02 2.415440628735964310e+03 1.731999999999999886e+02
1.250000000000000000e+02 7.000000000000000666e-02 8.455928654156235832e-03 1.698706729515563438e+02 7.691211152820254711e+02 1.731999999999999886e+02
1.250000000000000000e+02 7.000000000000000666e-02 2.699212108708798786e-03 1.746409087639495965e+02 2.574629617190784757e+03 1.731999999999999886e+02
1.250000000000000000e+02 7.000000000000000666e-02 5.239668078411206624e-03 1.812192458944442421e+02 1.579632600197947113e+03 1.731999999999999886e+02
1.250000000000000000e+02 7.000000000000000666e-02 4.987710458814182193e-03 1.856756014200780669e+02 1.656044542968960059e+03 1.731999999999999886e+02
1.250000000000000000e+02 7.000000000000000666e-02 5.523581994413584093e-03 1.114127197535254368e+02 3.260437773126762295e+03 1.731999999999999886e+02
1.250000000000000000e+02 7.000000000000000666e-02 5.505617696007348086e-03 1.530189464119143281e+02 8.581553905232990473e+02 1.731999999999999886e+02
1.250000000000000000e+02 7.000000000000000666e-02 2.053464405422017643e-03 1.664676074583674108e+02 3.118798142208743684e+03 1.731999999999999886e+02
1.250000000000000000e+02 7.000000000000000666e-02 8.902163629673871467e-03 1.949500522010559962e+02 1.131779182567059479e+03 1.731999999999999886e+02
1.250000000000000000e+02 7.000000000000000666e-02 1.643956139068529282e-03 1.655010106200732025e+02 3.685586099347246545e+03 1.731999999999999886e+02
1.250000000000000000e+02 7.000000000000000666e-02 5.242617747759875484e-03 1.791317180751282194e+02 1.494174540250844984e+03 1.731999999999999886e+02
1.250000000000000000e+02 7.000000000000000666e-02 3.356836989060551536e-03 1.697606949187087650e+02 1.906183339843187241e+03 1.731999999999999886e+02
1.250000000000000000e+02 7.000000000000000666e-02 1.401037886442388402e-03 1.432235543909714863e+02 2.911389507717284687e+03 1.731999999999999886e+02
1.250000000000000000e+02 7.000000000000000666e-02 2.396249407493609204e-03 1.846936700664543309e+02 3.571455743025014726e+03 1.731999999999999886e+02
1.250000000000000000e+02 7.000000000000000666e-02 7.581416155766622367e-03 1.775026250607267855e+02 1.015813142734113057e+03 1.731999999999999886e+02
1.250000000000000000e+02 7.000000000000000666e-02 4.874401151721099654e-03 1.171964288610014933e+02 1.828599702070834383e+03 1.731999999999999886e+02
1.250000000000000000e+02 7.000000000000000666e-02 1.776770446611700312e-03 1.426478776930048582e+02 2.224755327623410267e+03 1.731999999999999886e+02
1.250000000000000000e+02 7.000000000000000666e-02 3.178296789757217682e-03 1.776763523691977866e+02 2.359442435181169913e+03 1.731999999999999886e+02
1.250000000000000000e+02 7.000000000000000666e-02 1.823330270568486195e-03 1.619530238543902669e+02 3.141075076515186538e+03 1.731999999999999886e+02
1.250000000000000000e+02 7.000000000000000666e-02 3.659004235618928437e-03 1.871276317819608153e+02 2.307755949798080565e+03 1.731999999999999886e+02
1.250000000000000000e+02 7.000000000000000666e-02 5.238451937578673424e-03 1.159756191255557951e+02 2.003659115647414183e+03 1.731999999999999886e+02
1.250000000000000000e+02 7.000000000000000666e-02 9.903977101772031347e-03 1.965299677219829846e+02 9.981511780658420321e+02 1.731999999999999886e+02
1.250000000000000000e+02 7.000000000000000666e-02 3.282282846919829487e-03 1.901618705396131190e+02 2.812548627455390033e+03 1.731999999999999886e+02
1.250000000000000000e+02 7.000000000000000666e-02 9.477447304751132270e-03 1.627105698374974452e+02 5.948208396378236102e+02 1.731999999999999886e+02
1.250000000000000000e+02 7.000000000000000666e-02 8.442565500907063189e-03 1.835781484662949765e+02 9.650995823355899574e+02 1.731999999999999886e+02
1.250000000000000000e+02 7.000000000000000666e-02 7.699021105156115055e-03 1.241082901645422254e+02 5.776493590495128956e+02 1.731999999999999886e+02
1.250000000000000000e+02 7.000000000000000666e-02 3.340359673627686828e-03 1.182471708660566492e+02 2.372772345056358972e+03 1.731999999999999886e+02
1.250000000000000000e+02 7.000000000000000666e-02 2.109642685584946567e-03 1.205652294595643355e+02 2.968776468388433841e+03 1.731999999999999886e+02
1.250000000000000000e+02 7.000000000000000666e-02 1.041989336284346616e-03 1.396739425842036439e+02 3.712511450824833446e+03 1.731999999999999886e+02
1.250000000000000000e+02 7.000000000000000666e-02 3.373369657168588404e-03 1.169813347494479245e+02 2.693661271671046961e+03 1.731999999999999886e+02
1.250000000000000000e+02 7.000000000000000666e-02 5.645789126963337429e-03 1.172962856645374075e+02 1.659614498665630890e+03 1.731999999999999886e+02
1.250000000000000000e+02 7.000000000000000666e-02 9.502664675258990293e-03 1.397363372047849737e+02 3.995319894855815619e+02 1.731999999999999886e+02
1.250000000000000000e+02 7.000000000000000666e-02 9.907516655953135451e-03 1.061887977756120449e+02 3.324416641526980584e+03 1.731999999999999886e+02
1.250000000000000000e+02 7.000000000000000666e-02 6.035713545483547063e-03 1.938303846427884878e+02 1.637406106904038097e+03 1.731999999999999886e+02
1.250000000000000000e+02 7.000000000000000666e-02 2.602699605114756030e-03 1.471891985367855682e+02 1.676116332036072436e+03 1.731999999999999886e+02
1.250000000000000000e+02 7.000000000000000666e-02 5.278631086270358687e-03 1.913916794556317882e+02 1.757674763817986786e+03 1.731999999999999886e+02
1.250000000000000000e+02 7.000000000000000666e-02 4.369622687187759910e-03 1.597567812291585483e+02 1.264374522920803201e+03 1.731999999999999886e+02
1.250000000000000000e+02 7.000000000000000666e-02 5.684793706120569619e-03 1.539718384917375147e+02 8.853371406838141411e+02 1.731999999999999886e+02
1.250000000000000000e+02 7.000000000000000666e-02 6.576422917244186157e-03 1.371812078089557758e+02 5.551198171480202745e+02 1.731999999999999886e+02
1.250000000000000000e+02 7.000000000000000666e-02 4.931790037527061452e-03 1.407795579782122957e+02 7.687327387846645479e+02 1.731999999999999886e+02
1.250000000000000000e+02 7.000000000000000666e-02 3.140706524574078673e-03 1.172806021097243701e+02 2.806192717107923272e+03 1.731999999999999886e+02
1.250000000000000000e+02 7.000000000000000666e-02 3.877150441789560878e-03 1.860908833238237321e+02 2.236316008124234941e+03 1.731999999999999886e+02
1.250000000000000000e+02 7.000000000000000666e-02 5.681292472551626414e-03 1.795653424734710484e+02 1.325534648275229756e+03 1.731999999999999886e+02
1.250000000000000000e+02 7.000000000000000666e-02 7.638892974893477135e-03 1.757639924021658544e+02 9.396106989378680510e+02 1.731999999999999886e+02
1.250000000000000000e+02 7.000000000000000666e-02 6.222578373136328569e-03 1.226982912846725924e+02 8.201222832346819587e+02 1.731999999999999886e+02
1.250000000000000000e+02 7.000000000000000666e-02 7.538718228829785657e-03 1.602985137034384024e+02 7.102173014944770557e+02 1.731999999999999886e+02
1.250000000000000000e+02 7.000000000000000666e-02 7.765868902586200648e-03 1.130244041558236177e+02 1.859483064496167572e+03 1.731999999999999886e+02
1.250000000000000000e+02 7.000000000000000666e-02 3.585533677862890508e-03 1.755495515895291021e+02 1.980072103722716065e+03 1.731999999999999886e+02
1.250000000000000000e+02 7.000000000000000666e-02 4.268937056586806847e-03 1.675664461978224438e+02 1.523007275227366790e+03 1.731999999999999886e+02
1.250000000000000000e+02 7.000000000000000666e-02 2.594701817405848775e-03 1.845958887150181340e+02 3.196892671866310138e+03 1.731999999999999886e+02
1.250000000000000000e+02 7.000000000000000666e-02 5.217028670417808364e-03 1.117401069037972405e+02 3.409327092152183468e+03 1.731999999999999886e+02
1.250000000000000000e+02 7.000000000000000666e-02 2.149902392474724571e-03 1.797731018646531993e+02 3.643241995087723353e+03 1.731999999999999886e+02
1.250000000000000000e+02 7.000000000000000666e-02 1.260623414844964148e-03 1.482785803211882580e+02 3.458289594853250037e+03 1.731999999999999886e+02
1.250000000000000000e+02 7.000000000000000666e-02 1.325319978772692385e-03 1.269408103500100680e+02 2.589554771559666733e+03 1.731999999999999886e+02
1.250000000000000000e+02 7.000000000000000666e-02 8.999308700073333639e-03 1.771753768196940086e+02 8.192792595959042501e+02 1.731999999999999886e+02
1.250000000000000000e+02 7.000000000000000666e-02 5.588360431818882416e-03 1.500862753546841759e+02 8.142186038526584753e+02 1.731999999999999886e+02
1.250000000000000000e+02 7.000000000000000666e-02 8.772604428205793559e-03 1.207924970321959961e+02 7.046112103576307391e+02 1.731999999999999886e+02
1.250000000000000000e+02 7.000000000000000666e-02 7.328030852939206377e-03 1.982185759086590053e+02 1.431394714797623465e+03 1.731999999999999886e+02
1.250000000000000000e+02 7.000000000000000666e-02 1.360010322498135657e-03 1.418121908065402010e+02 2.882292172220566044e+03 1.731999999999999886e+02
1.250000000000000000e+02 7.000000000000000666e-02 2.025621981456179367e-03 1.710963245301544475e+02 3.284358425361983336e+03 1.731999999999999886e+02
1.250000000000000000e+02 7.000000000000000666e-02 4.658481653956248435e-03 1.998946865699132900e+02 2.334815012111769647e+03 1.731999999999999886e+02
1.250000000000000000e+02 7.000000000000000666e-02 9.926939137199544336e-03 1.275826389046682863e+02 3.375009771401349212e+02 1.731999999999999886e+02
1.250000000000000000e+02 7.000000000000000666e-02 8.814911009636598738e-03 1.090915122936957857e+02 2.583769987751092231e+03 1.731999999999999886e+02
1.250000000000000000e+02 7.000000000000000666e-02 7.008214491600871579e-03 1.496238378576394723e+02 6.649622732526067921e+02 1.731999999999999886e+02
1.250000000000000000e+02 7.000000000000000666e-02 2.196686548087007414e-03 1.199849812823111961e+02 2.986519382922682325e+03 1.731999999999999886e+02
1.250000000000000000e+02 7.000000000000000666e-02 4.833311370982282945e-03 1.662970893441371913e+02 1.243084868771006768e+03 1.731999999999999886e+02
1.250000000000000000e+02 7.000000000000000666e-02 5.711164873019469561e-03 1.973788704611376943e+02 1.802401989559659796e+03 1.731999999999999886e+02
1.250000000000000000e+02 7.000000000000000666e-02 3.363470140914578532e-03 1.180661511595394302e+02 2.524973415866769301e+03 1.731999999999999886e+02
1.250000000000000000e+02 7.000000000000000666e-02 7.839226610351877900e-03 1.744123824628028103e+02 9.284191233994798722e+02 1.731999999999999886e+02
1.250000000000000000e+02 7.000000000000000666e-02 1.916147271284460813e-03 1.288172736089764499e+02 1.874406701443916290e+03 1.731999999999999886e+02
1.250000000000000000e+02 7.000000000000000666e-02 1.866870494350456261e-03 1.650063905310881012e+02 3.345977521676882589e+03 1.731999999999999886e+02
1.250000000000000000e+02 7.000000000000000666e-02 7.612942648565753333e-03 1.813616201583225518e+02 1.016819917223836342e+03 1.731999999999999886e+02
1.250000000000000000e+02 7.000000000000000666e-02 3.417010589110873638e-03 1.700727892373772647e+02 1.974272950147013489e+03 1.731999999999999886e+02
1.250000000000000000e+02 7.000000000000000666e-02 1.491976699963986838e-03 1.556084499418112159e+02 3.460312253562575734e+03 1.731999999999999886e+02
1.250000000000000000e+02 7.000000000000000666e-02 3.498869979672827608e-03 1.469458107596769310e+02 1.291891155886551360e+03 1.731999999999999886e+02
1.250000000000000000e+02 7.000000000000000666e-02 3.432021558484451770e-03 1.874044490242462757e+02 2.672999968567517044e+03 1.731999999999999886e+02
1.250000000000000000e+02 7.000000000000000666e-02 3.288210799165238937e-03 1.858911905857733018e+02 2.527561490966739257e+03 1.731999999999999886e+02
1.250000000000000000e+02 7.000000000000000666e-02 8.289067858886289136e-03 1.443390378928852442e+02 4.786120608805210850e+02 1.731999999999999886e+02
1.250000000000000000e+02 7.000000000000000666e-02 9.620312020302263997e-03 1.221457431509379887e+02 5.762548164530177246e+02 1.731999999999999886e+02
1.250000000000000000e+02 7.000000000000000666e-02 9.779003306205178922e-03 1.800239213002180918e+02 7.857075721030865907e+02 1.731999999999999886e+02
1.250000000000000000e+02 7.000000000000000666e-02 3.983385069240319952e-03 1.860068158547387611e+02 2.197828939575725144e+03 1.731999999999999886e+02
1.250000000000000000e+02 7.000000000000000666e-02 9.034491957937455450e-03 1.951485715514305070e+02 1.093182391399303697e+03 1.731999999999999886e+02
1.250000000000000000e+02 7.000000000000000666e-02 3.162253293113831670e-03 1.916713053839858674e+02 3.062128279240705979e+03 1.731999999999999886e+02
1.250000000000000000e+02 7.000000000000000666e-02 4.570115065979308416e-03 1.858093133496762164e+02 1.855276552699133390e+03 1.731999999999999886e+02
1.250000000000000000e+02 7.000000000000000666e-02 3.564889208686990770e-03 1.714067711584376639e+02 1.832353636641135154e+03 1.731999999999999886e+02
1.250000000000000000e+02 7.000000000000000666e-02 2.631912637310843996e-03 1.910515611689790205e+02 3.647283003213391112e+03 1.731999999999999886e+02
1.250000000000000000e+02 7.000000000000000666e-02 3.089154383615828978e-03 1.610230392816982601e+02 1.803998483024786765e+03 1.731999999999999886e+02
1.250000000000000000e+02 7.000000000000000666e-02 3.954214580387039810e-03 1.523633539562284795e+02 1.204152771749676731e+03 1.731999999999999886e+02
1.250000000000000000e+02 7.000000000000000666e-02 8.604175531107937508e-03 1.564008447465774623e+02 5.939243142048793516e+02 1.731999999999999886e+02
1.250000000000000000e+02 7.000000000000000666e-02 9.317959033776636660e-03 1.714991983599561820e+02 7.481709892896071779e+02 1.731999999999999886e+02
1.250000000000000000e+02 7.000000000000000666e-02 4.349648677922787580e-03 1.517075245945572988e+02 1.061520600845690751e+03 1.731999999999999886e+02
1.250000000000000000e+02 7.000000000000000666e-02 3.793541386638078425e-03 1.142561846081590744e+02 3.516850984240109028e+03 1.731999999999999886e+02
1.250000000000000000e+02 7.000000000000000666e-02 5.149888153324673305e-03 1.861988695669479625e+02 1.611652471970004626e+03 1.731999999999999886e+02
1.250000000000000000e+02 7.000000000000000666e-02 2.192214813719488113e-03 1.437402926266916552e+02 1.829986214504766394e+03 1.731999999999999886e+02
1.250000000000000000e+02 7.000000000000000666e-02 2.396366362194533948e-03 1.891881623859385400e+02 3.738599771200392297e+03 1.731999999999999886e+02
1.250000000000000000e+02 7.000000000000000666e-02 8.596511512317958278e-03 1.056988810088312505e+02 3.966337313536491365e+03 1.731999999999999886e+02
1.250000000000000000e+02 7.000000000000000666e-02 9.992816364693558190e-03 1.395093932530983807e+02 3.792128899999185592e+02 1.731999999999999886e+02
1.250000000000000000e+02 7.000000000000000666e-02 6.683734475899536995e-03 1.869811924651701531e+02 1.294540082188800625e+03 1.731999999999999886e+02
1.250000000000000000e+02 7.000000000000000666e-02 9.416465611400361493e-03 1.849143639568493995e+02 8.585223865364150697e+02 1.731999999999999886e+02
1.250000000000000000e+02 7.000000000000000666e-02 4.792609171844501928e-03 1.127133864573492730e+02 3.278930705214989302e+03 1.731999999999999886e+02
1.250000000000000000e+02 7.000000000000000666e-02 8.498473464465992888e-03 1.131638673889344773e+02 1.646972315793775351e+03 1.731999999999999886e+02
1.250000000000000000e+02 7.000000000000000666e-02 4.010973509713799089e-03 1.632216154442119773e+02 1.404075381332101642e+03 1.731999999999999886e+02
1.250000000000000000e+02 7.000000000000000666e-02 2.818326025951256673e-03 1.462442168440080081e+02 1.492975795120801195e+03 1.731999999999999886e+02
1.250000000000000000e+02 7.000000000000000666e-02 5.906662267003180006e-03 1.366815832305323966e+02 6.213708996838369103e+02 1.731999999999999886e+02
1.250000000000000000e+02 7.000000000000000666e-02 4.074090792393212507e-03 1.210424562831479562e+02 1.482797844342344206e+03 1.731999999999999886e+02
1.250000000000000000e+02 7.000000000000000666e-02 5.011965863337165816e-03 1.227022680209100542e+02 9.928214992804194026e+02 1.731999999999999886e+02
1.250000000000000000e+02 7.000000000000000666e-02 7.722843602142485248e-03 1.701296644236320503e+02 8.218914248084510064e+02 1.731999999999999886e+02
1.250000000000000000e+02 7.000000000000000666e-02 5.576619619539074230e-03 1.104243976142956001e+02 3.484588278693597658e+03 1.731999999999999886e+02
1.250000000000000000e+02 7.000000000000000666e-02 3.924674429384172707e-03 1.919264899086585388e+02 2.411567236537569443e+03 1.731999999999999886e+02
1.250000000000000000e+02 7.000000000000000666e-02 5.674985521271718077e-03 1.796020467690480586e+02 1.346607180822400323e+03 1.731999999999999886e+02
1.250000000000000000e+02 7.000000000000000666e-02 7.959720133314187804e-03 1.129428599161282278e+02 1.944163735933737598e+03 1.731999999999999886e+02
1.250000000000000000e+02 7.000000000000000666e-02 3.938271391083656911e-03 1.901063256164147788e+02 2.379835581157615707e+03 1.731999999999999886e+02
1.250000000000000000e+02 7.000000000000000666e-02 3.955282302504259558e-03 1.772269529348595540e+02 1.936605297961911674e+03 1.731999999999999886e+02
1.250000000000000000e+02 7.000000000000000666e-02 2.460262226942219743e-03 1.862735261686604815e+02 3.449284525016868429e+03 1.731999999999999886e+02
1.250000000000000000e+02 7.000000000000000666e-02 5.875074546008700153e-03 1.497720579401198790e+02 8.065864260253814564e+02 1.731999999999999886e+02
1.250000000000000000e+02 7.000000000000000666e-02 6.930839451353943206e-03 1.727197198897679584e+02 9.728382817733778438e+02 1.731999999999999886e+02
1.250000000000000000e+02 7.000000000000000666e-02 2.329883017483335567e-03 1.756463845292773840e+02 3.014770211340582591e+03 1.731999999999999886e+02
1.250000000000000000e+02 7.000000000000000666e-02 8.069469669387945368e-03 1.158751385474326270e+02 1.295312945997816996e+03 1.731999999999999886e+02
1.250000000000000000e+02 7.000000000000000666e-02 2.464946970423915681e-03 1.688497240112932332e+02 2.721266641541509216e+03 1.731999999999999886e+02
1.250000000000000000e+02 7.000000000000000666e-02 8.765335503053887575e-03 1.092542594284301174e+02 2.702919566732939074e+03 1.731999999999999886e+02
1.250000000000000000e+02 7.000000000000000666e-02 3.264100274267582417e-03 1.946537900852240455e+02 2.971250806012979865e+03 1.731999999999999886e+02
1.250000000000000000e+02 7.000000000000000666e-02 3.434785707859494639e-03 1.971002751188426032e+02 3.110355053387625958e+03 1.731999999999999886e+02
1.250000000000000000e+02 7.000000000000000666e-02 6.442452214977473744e-03 1.962971345668496497e+02 1.595530792867618857e+03 1.731999999999999886e+02
1.250000000000000000e+02 7.000000000000000666e-02 7.946546150618674295e-03 1.821379760275182207e+02 1.006590736822540407e+03 1.731999999999999886e+02
1.250000000000000000e+02 7.000000000000000666e-02 3.009158444335566229e-03 1.396129536701106133e+02 1.259281493133462618e+03 1.731999999999999886e+02
1.250000000000000000e+02 7.000000000000000666e-02 7.476321544379867755e-03 1.844760304280535479e+02 1.096684730204493917e+03 1.731999999999999886e+02
1.250000000000000000e+02 7.000000000000000666e-02 6.622555232279263987e-03 1.648478185240887228e+02 9.223944428948076393e+02 1.731999999999999886e+02
1.250000000000000000e+02 7.000000000000000666e-02 4.194460526505364162e-03 1.153375309960610480e+02 2.616081367253234475e+03 1.731999999999999886e+02
1.250000000000000000e+02 7.000000000000000666e-02 4.598675489062988876e-03 1.939635038883472475e+02 2.160735546946183149e+03 1.731999999999999886e+02
1.250000000000000000e+02 7.000000000000000666e-02 1.611089352447892713e-03 1.412596211345484107e+02 2.536682931247322813e+03 1.731999999999999886e+02
1.250000000000000000e+02 7.000000000000000666e-02 7.645407822464786278e-03 1.979177399913095314e+02 1.326218299616921740e+03 1.731999999999999886e+02
1.250000000000000000e+02 7.000000000000000666e-02 6.528649359417864478e-03 1.111050983602425077e+02 2.764434341899240735e+03 1.731999999999999886e+02
1.250000000000000000e+02 7.000000000000000666e-02 2.856870430956630694e-03 1.434016566384443934e+02 1.468908880080050039e+03 1.731999999999999886e+02
1.250000000000000000e+02 7.000000000000000666e-02 4.037911462357679851e-03 1.848726096080804950e+02 2.057000295974763048e+03 1.731999999999999886e+02
1.250000000000000000e+02 7.000000000000000666e-02 1.248730449501602585e-03 1.472257322716626220e+02 3.461319713992721063e+03 1.731999999999999886e+02
1.250000000000000000e+02 7.000000000000000666e-02 2.654557867836553151e-03 1.880159154784179236e+02 3.409326547881082206e+03 1.731999999999999886e+02
1.250000000000000000e+02 7.000000000000000666e-02 4.395525536858827312e-03 1.161240069600128351e+02 2.459814866999100559e+03 1.731999999999999886e+02
1.250000000000000000e+02 7.000000000000000666e-02 3.066131583216729836e-03 1.368037660098030415e+02 1.214107675011493257e+03 1.731999999999999886e+02
1.250000000000000000e+02 7.000000000000000666e-02 8.855863919115905189e-03 1.113604274710791344e+02 2.055248692781761747e+03 1.731999999999999886e+02
1.250000000000000000e+02 7.000000000000000666e-02 2.282387293435384802e-03 1.223183138232703584e+02 2.276990801416246995e+03 1.731999999999999886e+02
1.250000000000000000e+02 7.000000000000000666e-02 3.029486718995105712e-03 1.170501491577572040e+02 3.206256068904461699e+03 1.731999999999999886e+02
1.250000000000000000e+02 7.000000000000000666e-02 5.337977741960811193e-03 1.478432050986199897e+02 8.082269793753442855e+02 1.731999999999999886e+02
1.250000000000000000e+02 7.000000000000000666e-02 2.912274817889106120e-03 1.202324783466398515e+02 2.261393794203312609e+03 1.731999999999999886e+02
1.250000000000000000e+02 7.000000000000000666e-02 6.039923463118834074e-03 1.613573852073135981e+02 9.555248140600247098e+02 1.731999999999999886e+02
1.250000000000000000e+02 7.000000000000000666e-02 6.192519934356539683e-03 1.281552598438901214e+02 5.450805732362650815e+02 1.731999999999999886e+02
1.250000000000000000e+02 7.000000000000000666e-02 3.888218095033502911e-03 1.486259119015280703e+02 1.160518350351568415e+03 1.731999999999999886e+02
1.250000000000000000e+02 7.000000000000000666e-02 7.749937067442163978e-03 1.737877539265601570e+02 9.021040518289655665e+02 1.731999999999999886e+02
1.250000000000000000e+02 7.000000000000000666e-02 8.868189410190614394e-03 1.894941882728862197e+02 1.032261773117591019e+03 1.731999999999999886e+02
1.250000000000000000e+02 7.000000000000000666e-02 6.595044836885177036e-03 1.096322879777880672e+02 3.496593036748619397e+03 1.731999999999999886e+02
1.250000000000000000e+02 7.000000000000000666e-02 8.510953096855450664e-03 1.912472182388315787e+02 1.060537684731019908e+03 1.731999999999999886e+02
1.250000000000000000e+02 7.000000000000000666e-02 9.666172381066498454e-03 1.870859903261649606e+02 9.370478207196911171e+02 1.731999999999999886e+02
1.250000000000000000e+02 7.000000000000000666e-02 2.347212861584904546e-03 1.792682198303679115e+02 3.168310016987608833e+03 1.731999999999999886e+02
1.250000000000000000e+02 7.000000000000000666e-02 2.095316828184684739e-03 1.627900542458913833e+02 2.878023103828046260e+03 1.731999999999999886e+02
1.250000000000000000e+02 7.000000000000000666e-02 5.314425655942308507e-03 1.743803926209627662e+02 1.354637237405852147e+03 1.731999999999999886e+02
1.250000000000000000e+02 7.000000000000000666e-02 4.180449797622331175e-03 1.476820245247567982e+02 1.095595647063204297e+03 1.731999999999999886e+02
1.250000000000000000e+02 7.000000000000000666e-02 4.921805994336887584e-03 1.111326667376357165e+02 3.640395585428653249e+03 1.731999999999999886e+02
1.250000000000000000e+02 7.000000000000000666e-02 4.437271686307370754e-03 1.980760005015336560e+02 2.435848522703948674e+03 1.731999999999999886e+02
1.250000000000000000e+02 7.000000000000000666e-02 1.393695147049814950e-03 1.224757245225001725e+02 3.647753695702196637e+03 1.731999999999999886e+02
1.250000000000000000e+02 7.000000000000000666e-02 3.669462734962026639e-03 1.698232680001759149e+02 1.750360822851586136e+03 1.731999999999999886e+02
1.250000000000000000e+02 7.000000000000000666e-02 3.171174204057007964e-03 1.653978909757701388e+02 1.935270829710064618e+03 1.731999999999999886e+02
1.250000000000000000e+02 7.000000000000000666e-02 3.075973792239866233e-03 1.577919981107901606e+02 1.781571275750900895e+03 1.731999999999999886e+02
1.250000000000000000e+02 7.000000000000000666e-02 3.848088169202604995e-03 1.665430490273543569e+02 1.640366193038649271e+03 1.731999999999999886e+02
1.250000000000000000e+02 7.000000000000000666e-02 7.894687689919487050e-03 1.210600203070180214e+02 7.759630101117567165e+02 1.731999999999999886e+02
1.250000000000000000e+02 7.000000000000000666e-02 6.286822345907707929e-03 1.442672484343756309e+02 6.770007379866868860e+02 1.731999999999999886e+02
1.250000000000000000e+02 7.000000000000000666e-02 9.102738237206605895e-03 1.740453929141587537e+02 7.544653352798627566e+02 1.731999999999999886e+02
1.250000000000000000e+02 7.000000000000000666e-02 3.700081024769635157e-03 1.736605209116346487e+02 1.820438771140838981e+03 1.731999999999999886e+02
1.250000000000000000e+02 7.000000000000000666e-02 2.301396528686966425e-03 1.587531881684710129e+02 2.419281745800301451e+03 1.731999999999999886e+02
1.250000000000000000e+02 7.000000000000000666e-02 7.604869330612117756e-03 1.909032607911273942e+02 1.229707068429241190e+03 1.731999999999999886e+02
1.250000000000000000e+02 7.000000000000000666e-02 7.523431328211011015e-03 1.992887493926296543e+02 1.379555459683198933e+03 1.731999999999999886e+02
1.250000000000000000e+02 7.000000000000000666e-02 2.792328504265389599e-03 1.451622064221986648e+02 1.540320119126663940e+03 1.731999999999999886e+02
1.250000000000000000e+02 7.000000000000000666e-02 6.681993939940024038e-03 1.792052770992919193e+02 1.147921559598054273e+03 1.731999999999999886e+02
1.250000000000000000e+02 7.000000000000000666e-02 1.270585309322517760e-03 1.527424303924902347e+02 3.821410869662468485e+03 1.731999999999999886e+02
1.250000000000000000e+02 7.000000000000000666e-02 7.375962053050864713e-03 1.873813228033048972e+02 1.191415166654384620e+03 1.731999999999999886e+02
1.250000000000000000e+02 7.000000000000000666e-02 2.840721069420967283e-03 1.669838499615659657e+02 2.150785310768570071e+03 1.731999999999999886e+02
1.250000000000000000e+02 7.000000000000000666e-02 4.475506323799012531e-03 1.547415285130013274e+02 1.161957664878616697e+03 1.731999999999999886e+02
1.250000000000000000e+02 7.000000000000000666e-02 3.957406457070973202e-03 1.587832448615315570e+02 1.404243360246259726e+03 1.731999999999999886e+02
1.250000000000000000e+02 7.000000000000000666e-02 1.885977930745582004e-03 1.453977512641595808e+02 2.215970804185863017e+03 1.731999999999999886e+02
1.250000000000000000e+02 7.000000000000000666e-02 6.813065601082806885e-03 1.098907434910293972e+02 3.027921156005100329e+03 1.731999999999999886e+02
1.250000000000000000e+02 7.000000000000000666e-02 6.121200990850172129e-03 1.607960162936744268e+02 9.297996149099509466e+02 1.731999999999999886e+02
1.250000000000000000e+02 7.000000000000000666e-02 2.202199566787471294e-03 1.308752135293474907e+02 1.604874476865102679e+03 1.731999999999999886e+02
1.250000000000000000e+02 7.000000000000000666e-02 4.763403530703487487e-03 1.263986695342211135e+02 7.539822416244317083e+02 1.731999999999999886e+02
1.250000000000000000e+02 7.000000000000000666e-02 2.798398058212767624e-03 1.717228865401848452e+02 2.494053131934416342e+03 1.731999999999999886e+02
1.250000000000000000e+02 7.000000000000000666e-02 2.296170280590831541e-03 1.848151824968511505e+02 3.602257010813449597e+03 1.731999999999999886e+02
1.250000000000000000e+02 7.000000000000000666e-02 1.222476177530502786e-03 1.455299129927272475e+02 3.571801108091929564e+03 1.731999999999999886e+02
1.250000000000000000e+02 7.000000000000000666e-02 9.430585767201800579e-04 1.356236625458006131e+02 3.719921962411012828e+03 1.731999999999999886e+02
1.250000000000000000e+02 7.000000000000000666e-02 9.994125093100722848e-03 1.054869367324483989e+02 3.818866384906651547e+03 1.731999999999999886e+02
1.250000000000000000e+02 7.000000000000000666e-02 1.851153861603571822e-03 1.297117779578150589e+02 1.940886363796371597e+03 1.731999999999999886e+02
1.250000000000000000e+02 7.000000000000000666e-02 6.607226755928336318e-03 1.961076294463229317e+02 1.558519059391116116e+03 1.731999999999999886e+02
1.250000000000000000e+02 7.000000000000000666e-02 7.306214293862431895e-03 1.780186026261507095e+02 1.022795358269440726e+03 1.731999999999999886e+02
1.250000000000000000e+02 7.000000000000000666e-02 7.171771675059887725e-03 1.156011390632364169e+02 1.471773043960443147e+03 1.731999999999999886e+02
1.250000000000000000e+02 7.000000000000000666e-02 2.912983431347430062e-03 1.192994381152793295e+02 2.499752860658007194e+03 1.731999999999999886e+02
1.250000000000000000e+02 7.000000000000000666e-02 1.399755139298162988e-03 1.434623924949890750e+02 2.881089327439394310e+03 1.731999999999999886e+02
1.250000000000000000e+02 7.000000000000000666e-02 1.867540836088377783e-03 1.473737585056711339e+02 2.375356828453173875e+03 1.731999999999999886e+02
1.250000000000000000e+02 7.000000000000000666e-02 5.599528431690069426e-03 1.115005793877828921e+02 3.178470590120858105e+03 1.731999999999999886e+02
1.250000000000000000e+02 7.000000000000000666e-02 4.800591867327201265e-03 1.437524651079625642e+02 8.373412228523631029e+02 1.731999999999999886e+02
1.250000000000000000e+02 7.000000000000000666e-02 3.209328976450103940e-03 1.189969738555345486e+02 2.433401575588324249e+03 1.731999999999999886e+02
1.250000000000000000e+02 7.000000000000000666e-02 2.706621373971250868e-03 1.579363690089287502e+02 1.973158740929923852e+03 1.731999999999999886e+02
1.250000000000000000e+02 7.000000000000000666e-02 2.173255940438264394e-03 1.739880003467991401e+02 3.335141763599722253e+03 1.731999999999999886e+02
1.250000000000000000e+02 7.000000000000000666e-02 2.600080126997635771e-03 1.812255676410578644e+02 3.138981016129747331e+03 1.731999999999999886e+02
1.250000000000000000e+02 7.000000000000000666e-02 8.405473621098502601e-03 1.457350322017905455e+02 4.991014405711502491e+02 1.731999999999999886e+02
1.250000000000000000e+02 7.000000000000000666e-02 6.960700872246454105e-03 1.761119594662764882e+02 1.077055886078758476e+03 1.731999999999999886e+02
1.250000000000000000e+02 7.000000000000000666e-02 4.938189081926021469e-03 1.998324010784545521e+02 2.100210555609025505e+03 1.731999999999999886e+02
1.250000000000000000e+02 7.000000000000000666e-02 2.474702334074941820e-03 1.366998958992159316e+02 1.460404154109511410e+03 1.731999999999999886e+02
1.250000000000000000e+02 7.000000000000000666e-02 3.659234892695175517e-03 1.965148326051676690e+02 2.831713870114068868e+03 1.731999999999999886e+02
1.250000000000000000e+02 7.000000000000000666e-02 2.862321437178101148e-03 1.223764665174311119e+02 1.898685675415007836e+03 1.731999999999999886e+02
1.250000000000000000e+02 7.000000000000000666e-02 7.021605312042997551e-03 1.862336381529693767e+02 1.253518145135937630e+03 1.731999999999999886e+02
1.250000000000000000e+02 7.000000000000000666e-02 2.490063556906535903e-03 1.197681165099543534e+02 2.913960351083753721e+03 1.731999999999999886e+02
1.250000000000000000e+02 7.000000000000000666e-02 6.928037847717114124e-03 1.435725008411184547e+02 5.830889770416374631e+02 1.731999999999999886e+02
1.250000000000000000e+02 7.000000000000000666e-02 6.870265591730807982e-03 1.665938308398731920e+02 8.806266910503417193e+02 1.731999999999999886e+02
1.250000000000000000e+02 7.000000000000000666e-02 4.640796354641433391e-03 1.609980484147000652e+02 1.248832978652943211e+03 1.731999999999999886e+02
1.250000000000000000e+02 7.000000000000000666e-02 3.172172643284868962e-03 1.733838835217540293e+02 2.213452061069792762e+03 1.731999999999999886e+02
1.250000000000000000e+02 7.000000000000000666e-02 9.023963356976048844e-03 1.862817071878229171e+02 9.806311000061072036e+02 1.731999999999999886e+02
1.250000000000000000e+02 7.000000000000000666e-02 6.859108781846078376e-03 1.346806270710811191e+02 5.321953369778467504e+02 1.731999999999999886e+02
1.250000000000000000e+02 7.000000000000000666e-02 4.382885635244519740e-03 1.955370828550260285e+02 2.375010381914326899e+03 1.731999999999999886e+02
1.250000000000000000e+02 7.000000000000000666e-02 4.702508888279511787e-03 1.654409471226112487e+02 1.298592317526321040e+03 1.731999999999999886e+02
1.250000000000000000e+02 7.000000000000000666e-02 9.946686916540787432e-03 1.060632013724746656e+02 3.307162214516828044e+03 1.731999999999999886e+02
1.250000000000000000e+02 7.000000000000000666e-02 7.804734329803677227e-03 1.546123490903907225e+02 6.317160318604679787e+02 1.731999999999999886e+02
1.250000000000000000e+02 7.000000000000000666e-02 5.401825962963235049e-03 1.182853575954864027e+02 1.512696688854121248e+03 1.731999999999999886e+02
1.250000000000000000e+02 7.000000000000000666e-02 2.530202021555847443e-03 1.803149067640895282e+02 3.138776318630122205e+03 1.731999999999999886e+02
1.250000000000000000e+02 7.000000000000000666e-02 3.877888666821316822e-03 1.172360767379299773e+02 2.432802079744144066e+03 1.731999999999999886e+02
1.250000000000000000e+02 7.000000000000000666e-02 8.054627442468171444e-03 1.134332155396883053e+02 1.710324808932958376e+03 1.731999999999999886e+02
1.250000000000000000e+02 7.000000000000000666e-02 2.611894421344157936e-03 1.537842373351914489e+02 1.913148680716607487e+03 1.731999999999999886e+02
1.250000000000000000e+02 7.000000000000000666e-02 5.034226561243349690e-03 1.583371035783346770e+02 1.022625017821293454e+03 1.731999999999999886e+02
1.250000000000000000e+02 7.000000000000000666e-02 2.614783630371220798e-03 1.702745852479694122e+02 2.524497819956725834e+03 1.731999999999999886e+02
1.250000000000000000e+02 7.000000000000000666e-02 9.479548793438470275e-03 1.120538915911889859e+02 1.714766428145987902e+03 1.731999999999999886e+02
1.250000000000000000e+02 7.000000000000000666e-02 1.269868731986949304e-03 1.474067702474976613e+02 3.529386346991337177e+03 1.731999999999999886e+02
1.250000000000000000e+02 7.000000000000000666e-02 5.535644001758563068e-03 1.831287820703349212e+02 1.454439814521305834e+03 1.731999999999999886e+02
1.250000000000000000e+02 7.000000000000000666e-02 3.705985571183782312e-03 1.638918486819596012e+02 1.646499432551700238e+03 1.731999999999999886e+02
1.250000000000000000e+02 7.000000000000000666e-02 2.588062932687082429e-03 1.871870728264970865e+02 3.489751926168077262e+03 1.731999999999999886e+02
1.250000000000000000e+02 7.000000000000000666e-02 7.197417053129788120e-03 1.629093871345835964e+02 8.233051240628736878e+02 1.731999999999999886e+02
1.250000000000000000e+02 7.000000000000000666e-02 6.165894597718487441e-03 1.114406547491999788e+02 2.779642030708546827e+03 1.731999999999999886e+02
1.250000000000000000e+02 7.000000000000000666e-02 3.570080552444334417e-03 1.617781264239357597e+02 1.582861147921105839e+03 1.731999999999999886e+02
1.250000000000000000e+02 7.000000000000000666e-02 7.751686684613460360e-03 1.782689723236840678e+02 1.005096020892960269e+03 1.731999999999999886e+02
1.250000000000000000e+02 7.000000000000000666e-02 8.296146803612682377e-03 1.671368510713588762e+02 7.641806049174606414e+02 1.731999999999999886e+02
1.250000000000000000e+02 7.000000000000000666e-02 6.080514283635101054e-03 1.680829620591996445e+02 1.083405104007765431e+03 1.731999999999999886e+02
1.250000000000000000e+02 7.000000000000000666e-02 1.312988145436193429e-03 1.363769695646985269e+02 2.846423163836067033e+03 1.731999999999999886e+02
1.250000000000000000e+02 7.000000000000000666e-02 2.228246532249918317e-03 1.844481461481483393e+02 3.659797352227728425e+03 1.731999999999999886e+02
1.250000000000000000e+02 7.000000000000000666e-02 9.459425589981793059e-03 1.778702139398535564e+02 8.029608040395781927e+02 1.731999999999999886e+02
1.250000000000000000e+02 7.000000000000000666e-02 7.602849870558634794e-03 1.817319109464755513e+02 1.077215882249557126e+03 1.731999999999999886e+02
1.250000000000000000e+02 7.000000000000000666e-02 2.516068833778918080e-03 1.800130975659740784e+02 3.047508749467429425e+03 1.731999999999999886e+02
1.250000000000000000e+02 7.000000000000000666e-02 2.753315435217776417e-03 1.751397643209735975e+02 2.672918482661367307e+03 1.731999999999999886e+02
1.250000000000000000e+02 7.000000000000000666e-02 3.142452727066886737e-03 1.296344206144230498e+02 1.122053150800639287e+03 1.731999999999999886e+02
1.250000000000000000e+02 7.000000000000000666e-02 7.801408862836782185e-03 1.511294684885019706e+02 5.732737649514772329e+02 1.731999999999999886e+02
1.250000000000000000e+02 7.000000000000000666e-02 1.670486839169258927e-03 1.427079535294449784e+02 2.329105707859926042e+03 1.731999999999999886e+02
1.250000000000000000e+02 7.000000000000000666e-02 6.442764054503535495e-03 1.811597811954570716e+02 1.216022755835071166e+03 1.731999999999999886e+02
1.250000000000000000e+02 7.000000000000000666e-02 4.894341787718591713e-03 1.131147291343223884e+02 2.991716921952847770e+03 1.731999999999999886e+02
1.250000000000000000e+02 7.000000000000000666e-02 6.777140687824576883e-03 1.672891632696856732e+02 9.405815807484802917e+02 1.731999999999999886e+02
1.250000000000000000e+02 7.000000000000000666e-02 5.323476641548246548e-03 1.794112083124724677e+02 1.466749397972720089e+03 1.731999999999999886e+02
1.250000000000000000e+02 7.000000000000000666e-02 6.829224942206733699e-03 1.155322326497999228e+02 1.626716809078032611e+03 1.731999999999999886e+02
1.250000000000000000e+02 7.000000000000000666e-02 4.012804166617248668e-03 1.347871804095793209e+02 9.142339864144139483e+02 1.731999999999999886e+02
1.250000000000000000e+02 7.000000000000000666e-02 3.862290663699279557e-03 1.907956218884229997e+02 2.411650029907162207e+03 1.731999999999999886e+02
1.250000000000000000e+02 7.000000000000000666e-02 5.367300795886205227e-03 1.767112392289399736e+02 1.406151925945552648e+03 1.731999999999999886e+02
1.250000000000000000e+02 7.000000000000000666e-02 3.790291692692624066e-03 1.311344219340514314e+02 9.176519932791476322e+02 1.731999999999999886e+02
1.250000000000000000e+02 7.000000000000000666e-02 1.624125391893599521e-03 1.519271405660426808e+02 2.912021975653191021e+03 1.731999999999999886e+02
1.250000000000000000e+02 7.000000000000000666e-02 4.904996683033128330e-03 1.550100772101127973e+02 1.015227846302462694e+03 1.731999999999999886e+02
1.250000000000000000e+02 7.000000000000000666e-02 4.377222832910528799e-03 1.649634810392335567e+02 1.329585276469110113e+03 1.731999999999999886e+02
1.250000000000000000e+02 7.000000000000000666e-02 7.315169347533266760e-03 1.134510667118754839e+02 1.970569478967136774e+03 1.731999999999999886e+02
1.250000000000000000e+02 7.000000000000000666e-02 5.075774282040188858e-03 1.817051935208828866e+02 1.562860543891602902e+03 1.731999999999999886e+02
1.250000000000000000e+02 7.000000000000000666e-02 9.114384265286571904e-03 1.177373019903318152e+02 9.467688452963134296e+02 1.731999999999999886e+02
1.250000000000000000e+02 7.000000000000000666e-02 5.722859945416127608e-03 1.807502679743050464e+02 1.331205059183854928e+03 1.731999999999999886e+02
1.250000000000000000e+02 7.000000000000000666e-02 8.138424123150547057e-03 1.184504648849340214e+02 9.847295387766181420e+02 1.731999999999999886e+02
1.250000000000000000e+02 7.000000000000000666e-02 7.162862805987798079e-03 1.915471140388519871e+02 1.348068685359227629e+03 1.731999999999999886e+02
1.250000000000000000e+02 7.000000000000000666e-02 9.248388418227487112e-03 1.343333120710215098e+02 3.752960957582445189e+02 1.731999999999999886e+02
1.250000000000000000e+02 7.000000000000000666e-02 8.084001611569410078e-03 1.763354370178349768e+02 8.788256314582012010e+02 1.731999999999999886e+02
1.250000000000000000e+02 7.000000000000000666e-02 6.573657430299396920e-03 1.286371358468500148e+02 5.252959191508206231e+02 1.731999999999999886e+02
1.250000000000000000e+02 7.000000000000000666e-02 1.057296306054981158e-03 1.363594466365181574e+02 3.377636355046549852e+03 1.731999999999999886e+02
1.250000000000000000e+02 7.000000000000000666e-02 8.765057882032261174e-03 1.239952428193167435e+02 5.147803687144887590e+02 1.731999999999999886e+02
1.250000000000000000e+02 7.000000000000000666e-02 9.178600712662618238e-04 1.309883948843813641e+02 3.721349145618521561e+03 1.731999999999999886e+02
1.250000000000000000e+02 7.000000000000000666e-02 7.900742051821502479e-03 1.622006678397926862e+02 6.919533844325802647e+02 1.731999999999999886e+02
1.250000000000000000e+02 7.000000000000000666e-02 6.366243281826645950e-03 1.366721030094504670e+02 5.751141867733084609e+02 1.731999999999999886e+02
1.250000000000000000e+02 7.000000000000000666e-02 4.901360552201068296e-03 1.861975859036322447e+02 1.757689846330507407e+03 1.731999999999999886e+02
1.250000000000000000e+02 7.000000000000000666e-02 6.987418693260386178e-03 1.474839595304570992e+02 6.128505045259040571e+02 1.731999999999999886e+02
1.250000000000000000e+02 7.000000000000000666e-02 2.930012550622270069e-03 1.281468725032461577e+02 1.151011500460004072e+03 1.731999999999999886e+02
1.250000000000000000e+02 7.000000000000000666e-02 1.064706496074594062e-03 1.311984340452317213e+02 3.209029295226037448e+03 1.731999999999999886e+02
1.250000000000000000e+02 7.000000000000000666e-02 3.041366035804006236e-03 1.959840844092646535e+02 3.417119850870301889e+03 1.731999999999999886e+02
1.250000000000000000e+02 7.000000000000000666e-02 7.454169712929486352e-03 1.757641269741966425e+02 9.856120164048655852e+02 1.731999999999999886e+02
1.250000000000000000e+02 7.000000000000000666e-02 9.716780587587927481e-03 1.989529485978412708e+02 1.120241403979789766e+03 1.731999999999999886e+02
1.250000000000000000e+02 7.000000000000000666e-02 1.477574656752820908e-03 1.424866177862212169e+02 2.659812210731317919e+03 1.731999999999999886e+02
1.250000000000000000e+02 7.000000000000000666e-02 1.770453722076679656e-03 1.621299474231519753e+02 3.175118923463816827e+03 1.731999999999999886e+02
1.250000000000000000e+02 7.000000000000000666e-02 6.418077942185424628e-03 1.123494692988134744e+02 2.456907146120766356e+03 1.731999999999999886e+02
1.250000000000000000e+02 7.000000000000000666e-02 2.266493948035080194e-03 1.281377019769239496e+02 1.513756843162184396e+03 1.731999999999999886e+02
1.250000000000000000e+02 7.000000000000000666e-02 7.147833633140722280e-03 1.828659600907714378e+02 1.098954657104433409e+03 1.731999999999999886e+02
1.250000000000000000e+02 7.000000000000000666e-02 9.343670672064666172e-03 1.289668710323282141e+02 3.803739773143020102e+02 1.731999999999999886e+02
1.250000000000000000e+02 7.000000000000000666e-02 3.505343772417549800e-03 1.995916905972298139e+02 3.075471337845790458e+03 1.731999999999999886e+02
1.250000000000000000e+02 7.000000000000000666e-02 5.026424766762670540e-03 1.618171739704467882e+02 1.128673790535930038e+03 1.731999999999999886e+02
1.250000000000000000e+02 7.000000000000000666e-02 3.162133903988039504e-03 1.172738096057904045e+02 3.041468612483180550e+03 1.731999999999999886e+02
1.250000000000000000e+02 7.000000000000000666e-02 8.270144890902686799e-03 1.727292927569075971e+02 8.593083888744064325e+02 1.731999999999999886e+02
1.250000000000000000e+02 7.000000000000000666e-02 8.992716721250305564e-03 1.636114214025081424e+02 6.485095491507854604e+02 1.731999999999999886e+02
1.250000000000000000e+02 7.000000000000000666e-02 7.679337551341642101e-03 1.840803898929726756e+02 1.070159852872984175e+03 1.731999999999999886e+02
1.250000000000000000e+02 7.000000000000000666e-02 3.583363173669801630e-03 1.718593696124339090e+02 1.900713053803460525e+03 1.731999999999999886e+02
1.250000000000000000e+02 7.000000000000000666e-02 1.079799531146833540e-03 1.309750983245350824e+02 3.185116461542156230e+03 1.731999999999999886e+02
1.250000000000000000e+02 7.000000000000000666e-02 1.193837612000294953e-03 1.413877036170330825e+02 3.291970572545644700e+03 1.731999999999999886e+02
1.250000000000000000e+02 7.000000000000000666e-02 7.227555290310065141e-03 1.080622077588714376e+02 3.860364196578186693e+03 1.731999999999999886e+02
1.250000000000000000e+02 7.000000000000000666e-02 3.169629716664538240e-03 1.978492289297396667e+02 3.239060535665304087e+03 1.731999999999999886e+02
1.250000000000000000e+02 7.000000000000000666e-02 1.632468778510641353e-03 1.598265787440789722e+02 3.264029391532256795e+03 1.731999999999999886e+02
1.250000000000000000e+02 7.000000000000000666e-02 4.576715434637398418e-03 1.389484941899517310e+02 8.345267636238302202e+02 1.731999999999999886e+02
1.250000000000000000e+02 7.000000000000000666e-02 1.459584397447373288e-03 1.559135349779032538e+02 3.627000856299011502e+03 1.731999999999999886e+02
1.250000000000000000e+02 7.000000000000000666e-02 3.774193752742287244e-03 1.190883023541507271e+02 1.938550822580437398e+03 1.731999999999999886e+02
1.250000000000000000e+02 7.000000000000000666e-02 7.434249301007256859e-03 1.919258660627163806e+02 1.236584480900596418e+03 1.731999999999999886e+02
1.250000000000000000e+02 7.000000000000000666e-02 9.998451437047828697e-03 1.455087993573361871e+02 4.175879095420245335e+02 1.731999999999999886e+02
1.250000000000000000e+02 7.000000000000000666e-02 9.758904909850091638e-03 1.644586705708185832e+02 6.214792793617283451e+02 1.731999999999999886e+02
1.250000000000000000e+02 7.000000000000000666e-02 9.922595803395245495e-03 1.083739062414527297e+02 2.604129372528884232e+03 1.731999999999999886e+02
1.250000000000000000e+02 7.000000000000000666e-02 1.987880733848035320e-03 1.687623270771384796e+02 3.258045145380341637e+03 1.731999999999999886e+02
1.250000000000000000e+02 7.000000000000000666e-02 2.163189942199265480e-03 1.299701880347615202e+02 1.660220815642524485e+03 1.731999999999999886e+02
1.250000000000000000e+02 7.000000000000000666e-02 2.498957652686951796e-03 1.605522310031023494e+02 2.254076881747062544e+03 1.731999999999999886e+02
1.250000000000000000e+02 7.000000000000000666e-02 7.286128605264353617e-03 1.200212101903035489e+02 9.531239028565731815e+02 1.731999999999999886e+02
1.250000000000000000e+02 7.000000000000000666e-02 3.285884290693982974e-03 1.158494847191111035e+02 3.314522910098014108e+03 1.731999999999999886e+02
1.250000000000000000e+02 7.000000000000000666e-02 5.091168429603678235e-03 1.112102225170783356e+02 3.664678652315985801e+03 1.731999999999999886e+02
1.250000000000000000e+02 7.000000000000000666e-02 8.552525659209306991e-03 1.783504710074179229e+02 8.479647074611102653e+02 1.731999999999999886e+02
1.250000000000000000e+02 7.000000000000000666e-02 2.677623085337972435e-03 1.279845210558040236e+02 1.309826102545309823e+03 1.731999999999999886e+02
1.250000000000000000e+02 7.000000000000000666e-02 5.286836787606989663e-03 1.714614812093550995e+02 1.299720781145441379e+03 1.731999999999999886e+02
1.250000000000000000e+02 7.000000000000000666e-02 4.196957869550717313e-03 1.745871229760530809e+02 1.653765979423428007e+03 1.731999999999999886e+02
1.250000000000000000e+02 7.000000000000000666e-02 2.640746249744522177e-03 1.526196092460190812e+02 1.867544842158647725e+03 1.731999999999999886e+02
1.250000000000000000e+02 7.000000000000000666e-02 3.483039762211608339e-03 1.848136887871103227e+02 2.391640353961757683e+03 1.731999999999999886e+02
1.250000000000000000e+02 7.000000000000000666e-02 4.999160331123622333e-03 1.968572654997547033e+02 2.106026079450422912e+03 1.731999999999999886e+02
1.250000000000000000e+02 7.000000000000000666e-02 1.946851529661216239e-03 1.676208354728469487e+02 3.225844046780357530e+03 1.731999999999999886e+02
1.250000000000000000e+02 7.000000000000000666e-02 8.820723333485592371e-03 1.522591131428602580e+02 5.598729466623782400e+02 1.731999999999999886e+02
1.250000000000000000e+02 7.000000000000000666e-02 6.491529951133920111e-03 1.350512850312509272e+02 5.682547490411109266e+02 1.731999999999999886e+02
1.250000000000000000e+02 7.000000000000000666e-02 6.556553344996072195e-03 1.613907744902828085e+02 8.907497733005343434e+02 1.731999999999999886e+02
1.250000000000000000e+02 7.000000000000000666e-02 1.493820701237978145e-03 1.601702638067261262e+02 3.599696433770494878e+03 1.731999999999999886e+02
1.250000000000000000e+02 7.000000000000000666e-02 2.751368625650763098e-03 1.655631630855563117e+02 2.182324982434348385e+03 1.731999999999999886e+02
1.250000000000000000e+02 7.000000000000000666e-02 6.421437476117364609e-03 1.121254836921195164e+02 2.596703276617313804e+03 1.731999999999999886e+02
1.250000000000000000e+02 7.000000000000000666e-02 6.107836138557025396e-03 1.535221429513291298e+02 7.726969052128752082e+02 1.731999999999999886e+02
1.250000000000000000e+02 7.000000000000000666e-02 9.725293507178114916e-03 1.346219944805766602e+02 3.647339368900146610e+02 1.731999999999999886e+02
1.250000000000000000e+02 7.000000000000000666e-02 5.869901436499840898e-03 1.508397167480100620e+02 8.205989242026978445e+02 1.731999999999999886e+02
1.250000000000000000e+02 7.000000000000000666e-02 4.333547261390402472e-03 1.487263486548947071e+02 1.049643867498492682e+03 1.731999999999999886e+02
1.250000000000000000e+02 7.000000000000000666e-02 6.637077202753577723e-03 1.699663749193802289e+02 9.886366960955466539e+02 1.731999999999999886e+02
1.250000000000000000e+02 7.000000000000000666e-02 9.673484892262154342e-03 1.317084624030787836e+02 3.652403927100205010e+02 1.731999999999999886e+02
1.250000000000000000e+02 7.000000000000000666e-02 2.573800225821640687e-03 1.696981418607722105e+02 2.619495563078277883e+03 1.731999999999999886e+02
1.250000000000000000e+02 7.000000000000000666e-02 7.551416441158608807e-03 1.147446827246106125e+02 1.638958832623136459e+03 1.731999999999999886e+02
1.250000000000000000e+02 7.000000000000000666e-02 4.885256617302528685e-03 1.845103381173286721e+02 1.741735408437249589e+03 1.731999999999999886e+02
1.250000000000000000e+02 7.000000000000000666e-02 3.647962278386551911e-03 1.755642517343749773e+02 2.042179904675750322e+03 1.731999999999999886e+02
1.250000000000000000e+02 7.000000000000000666e-02 7.113691429032052184e-03 1.591795549579818498e+02 7.649822566122743410e+02 1.731999999999999886e+02
1.250000000000000000e+02 7.000000000000000666e-02 2.290454946663458054e-03 1.471010080906819724e+02 1.865633370605036816e+03 1.731999999999999886e+02
1.250000000000000000e+02 7.000000000000000666e-02 1.313756610249716770e-03 1.564902750561934113e+02 3.989683097171683585e+03 1.731999999999999886e+02
1.250000000000000000e+02 7.000000000000000666e-02 2.130136166832853010e-03 1.344094782367083383e+02 1.617048262047127537e+03 1.731999999999999886e+02
1.250000000000000000e+02 7.000000000000000666e-02 4.995537061533374297e-03 1.246211522728451655e+02 8.293777233725392080e+02 1.731999999999999886e+02
1.250000000000000000e+02 7.000000000000000666e-02 2.898180021035195054e-03 1.949441607675353225e+02 3.475684563769614670e+03 1.731999999999999886e+02
1.250000000000000000e+02 7.000000000000000666e-02 8.196951024698426527e-03 1.100182245797315090e+02 2.447599471600152810e+03 1.731999999999999886e+02
1.250000000000000000e+02 7.000000000000000666e-02 6.151868579905996059e-03 1.226370220285525932e+02 8.289690780588933876e+02 1.731999999999999886e+02
1.250000000000000000e+02 7.000000000000000666e-02 8.899181293778719165e-03 1.648721099354588659e+02 6.483321720893062547e+02 1.731999999999999886e+02
1.250000000000000000e+02 7.000000000000000666e-02 1.753616806265726868e-03 1.576959116918928316e+02 3.097928745676097606e+03 1.731999999999999886e+02
1.250000000000000000e+02 7.000000000000000666e-02 1.804502068759922381e-03 1.623633094121777276e+02 3.310861269170243304e+03 1.731999999999999886e+02
1.250000000000000000e+02 7.000000000000000666e-02 4.610662585960835155e-03 1.314795648256583718e+02 7.648711074670470680e+02 1.731999999999999886e+02
1.250000000000000000e+02 7.000000000000000666e-02 1.557183626183379199e-03 1.461089671203963007e+02 2.780299834693664252e+03 1.731999999999999886e+02
1.250000000000000000e+02 7.000000000000000666e-02 7.598720977563264492e-03 1.612335257861243178e+02 7.505970190783517637e+02 1.731999999999999886e+02
1.250000000000000000e+02 7.000000000000000666e-02 6.685588635240883454e-03 1.119779125018888379e+02 2.595885007527922880e+03 1.731999999999999886e+02
1.250000000000000000e+02 7.000000000000000666e-02 3.995433767296988591e-03 1.251523157337720278e+02 9.371527105149408499e+02 1.731999999999999886e+02
1.250000000000000000e+02 7.000000000000000666e-02 6.021056913748169467e-03 1.736321047328169698e+02 1.114697860675763195e+03 1.731999999999999886e+02
1.250000000000000000e+02 7.000000000000000666e-02 1.380358746690845805e-03 1.248894663081769068e+02 2.749366498260251319e+03 1.731999999999999886e+02
1.250000000000000000e+02 7.000000000000000666e-02 2.401041892509634800e-03 1.900450087982130469e+02 3.945065138958022544e+03 1.731999999999999886e+02
1.250000000000000000e+02 7.000000000000000666e-02 8.558518860252712149e-03 1.943009044783936474e+02 1.114228411062371833e+03 1.731999999999999886e+02
1.250000000000000000e+02 7.000000000000000666e-02 9.296197185036117472e-03 1.143581458244593705e+02 1.294585120476692282e+03 1.731999999999999886e+02
1.250000000000000000e+02 7.000000000000000666e-02 5.259635510861350970e-03 1.412744280595445048e+02 7.463543563848209033e+02 1.731999999999999886e+02
1.250000000000000000e+02 7.000000000000000666e-02 6.342049696747439035e-03 1.938883342467036925e+02 1.549494177441572219e+03 1.731999999999999886e+02
1.250000000000000000e+02 7.000000000000000666e-02 6.244724815993484696e-03 1.183668445997300012e+02 1.350766705095162479e+03 1.731999999999999886e+02
1.250000000000000000e+02 7.000000000000000666e-02 6.060356390575111565e-03 1.887352752360112049e+02 1.476695739026637966e+03 1.731999999999999886e+02
1.250000000000000000e+02 7.000000000000000666e-02 9.066227292946394192e-03 1.109961556329122203e+02 2.030760318895549062e+03 1.731999999999999886e+02
1.250000000000000000e+02 7.000000000000000666e-02 4.825096635052732695e-03 1.859727762280152774e+02 1.734543923974204745e+03 1.731999999999999886e+02
1.250000000000000000e+02 7.000000000000000666e-02 9.675377093726613906e-03 1.823906638250061292e+02 8.015696055277659298e+02 1.731999999999999886e+02
1.250000000000000000e+02 7.000000000000000666e-02 6.727038533650790512e-03 1.122981009067457734e+02 2.308443864713724906e+03 1.731999999999999886e+02
1.250000000000000000e+02 7.000000000000000666e-02 9.671731858195928636e-03 1.936271433812839859e+02 9.799062648568468603e+02 1.731999999999999886e+02
1.250000000000000000e+02 7.000000000000000666e-02 5.587068846280573986e-03 1.119150269655163896e+02 3.105381173168073474e+03 1.731999999999999886e+02
1.250000000000000000e+02 7.000000000000000666e-02 9.024202054645403051e-03 1.063124490474539385e+02 3.722695175017500333e+03 1.731999999999999886e+02
1.250000000000000000e+02 7.000000000000000666e-02 6.053910395925067058e-03 1.830877477703803322e+02 1.383784911475367153e+03 1.731999999999999886e+02
1.250000000000000000e+02 7.000000000000000666e-02 1.521803414047710355e-03 1.382337472144826336e+02 2.482036164790268231e+03 1.731999999999999886e+02
1.250000000000000000e+02 7.000000000000000666e-02 1.327098467725702433e-03 1.386455216817612097e+02 2.869146109934679316e+03 1.731999999999999886e+02
1.250000000000000000e+02 7.000000000000000666e-02 9.910744173991497402e-03 1.167041080811763436e+02 9.764821658071265347e+02 1.731999999999999886e+02
1.250000000000000000e+02 7.000000000000000666e-02 8.869807741488572317e-03 1.690920863536608181e+02 7.074945828990628343e+02 1.731999999999999886e+02
1.250000000000000000e+02 7.000000000000000666e-02 7.331406290682419488e-03 1.894740900531005536e+02 1.273209582489733293e+03 1.731999999999999886e+02
1.250000000000000000e+02 7.000000000000000666e-02 9.315699047317606632e-03 1.252023189797209426e+02 3.929835212600685281e+02 1.731999999999999886e+02
1.250000000000000000e+02 7.000000000000000666e-02 2.094435732011258426e-03 1.566644814362830687e+02 2.561350881998901968e+03 1.731999999999999886e+02
1.250000000000000000e+02 7.000000000000000666e-02 5.395210055689708163e-03 1.985674845134135751e+02 1.885171131202387869e+03 1.731999999999999886e+02
1.250000000000000000e+02 7.000000000000000666e-02 2.117162547362509608e-03 1.570623063212467514e+02 2.422353258492605619e+03 1.731999999999999886e+02
1.250000000000000000e+02 7.000000000000000666e-02 5.049594670754418285e-03 1.581582171108823331e+02 1.056894707071373659e+03 1.731999999999999886e+02
1.250000000000000000e+02 7.000000000000000666e-02 7.138947350003567449e-03 1.085771970102213402e+02 3.559995998246149156e+03 1.731999999999999886e+02
1.250000000000000000e+02 7.000000000000000666e-02 5.138125529154210364e-03 1.953293626123677882e+02 2.012369324493301974e+03 1.731999999999999886e+02
1.250000000000000000e+02 7.000000000000000666e-02 3.088192776594749032e-03 1.405572213245798707e+02 1.289392318344955584e+03 1.731999999999999886e+02
1.250000000000000000e+02 7.000000000000000666e-02 2.901710605282696413e-03 1.686513275506683840e+02 2.230729324244202871e+03 1.731999999999999886e+02
1.250000000000000000e+02 7.000000000000000666e-02 2.585178144434517340e-03 1.723554034891757567e+02 2.591135003523604155e+03 1.731999999999999886e+02
1.250000000000000000e+02 7.000000000000000666e-02 2.605083531993899679e-03 1.879178497551112628e+02 3.414417161397125255e+03 1.731999999999999886e+02
1.250000000000000000e+02 7.000000000000000666e-02 5.514109597590957298e-03 1.423128057373797617e+02 7.134934259680231889e+02 1.731999999999999886e+02
1.250000000000000000e+02 7.000000000000000666e-02 3.437620150215561516e-03 1.769161654781688355e+02 2.120034902957106169e+03 1.731999999999999886e+02
1.250000000000000000e+02 7.000000000000000666e-02 1.043978500224438570e-03 1.364536747313375713e+02 3.663806290380379778e+03 1.731999999999999886e+02
1.250000000000000000e+02 7.000000000000000666e-02 3.554246225924414214e-03 1.508105540689466579e+02 1.313491960894722979e+03 1.731999999999999886e+02
1.250000000000000000e+02 7.000000000000000666e-02 5.473161444535552290e-03 1.764637994360199684e+02 1.344418063839075103e+03 1.731999999999999886e+02
1.250000000000000000e+02 7.000000000000000666e-02 4.772778808003663199e-03 1.979763287585841454e+02 2.108859124137498839e+03 1.731999999999999886e+02
1.250000000000000000e+02 7.000000000000000666e-02 3.400910278660846178e-03 1.200020369512712648e+02 2.078524331023097602e+03 1.731999999999999886e+02
1.250000000000000000e+02 7.000000000000000666e-02 2.368026953516178847e-03 1.253875220876066408e+02 1.636497140672260912e+03 1.731999999999999886e+02
1.250000000000000000e+02 7.000000000000000666e-02 1.479526174768810206e-03 1.398167450076817033e+02 2.657813004663363699e+03 1.731999999999999886e+02
1.250000000000000000e+02 7.000000000000000666e-02 6.778439257932799070e-03 1.799940929272194694e+02 1.146611539266516274e+03 1.731999999999999886e+02
1.250000000000000000e+02 7.000000000000000666e-02 6.391663443034256535e-03 1.757086198366967835e+02 1.120873920141523058e+03 1.731999999999999886e+02
1.250000000000000000e+02 7.000000000000000666e-02 2.896519321682701487e-03 1.627523905053687940e+02 1.962651665413153069e+03 1.731999999999999886e+02
1.250000000000000000e+02 7.000000000000000666e-02 6.943764186248039399e-03 1.698670350427616995e+02 9.087004603374073213e+02 1.731999999999999886e+02
1.250000000000000000e+02 7.000000000000000666e-02 2.373336331218799979e-03 1.747879695003379084e+02 3.015875366353141089e+03 1.731999999999999886e+02
1.250000000000000000e+02 7.000000000000000666e-02 4.625910139342137226e-03 1.837001514183173470e+02 1.752076745408649231e+03 1.731999999999999886e+02
1.250000000000000000e+02 7.000000000000000666e-02 5.825100384201955563e-03 1.192380798410956544e+02 1.249593542468019450e+03 1.731999999999999886e+02
1.250000000000000000e+02 7.000000000000000666e-02 3.666842737711002980e-03 1.150450999857039562e+02 3.303413176943354301e+03 1.731999999999999886e+02
1.250000000000000000e+02 7.000000000000000666e-02 2.862541690237201293e-03 1.416401536513650967e+02 1.421537645543579856e+03 1.731999999999999886e+02
1.250000000000000000e+02 7.000000000000000666e-02 3.080547091895298548e-03 1.957561587127354983e+02 3.313924167665598361e+03 1.731999999999999886e+02
1.250000000000000000e+02 7.000000000000000666e-02 7.861406289821503204e-03 1.153803562309069122e+02 1.398503777181679652e+03 1.731999999999999886e+02
1.250000000000000000e+02 7.000000000000000666e-02 2.667343929483924694e-03 1.555460406243244904e+02 1.847808694762903315e+03 1.731999999999999886e+02
1.250000000000000000e+02 7.000000000000000666e-02 5.843199523815081030e-03 1.809219616721030093e+02 1.350945258653215205e+03 1.731999999999999886e+02
1.250000000000000000e+02 7.000000000000000666e-02 3.802207461695881769e-03 1.788330343641160880e+02 1.972663517759301158e+03 1.731999999999999886e+02
