200	0.03	0.112
202	0.03	0.113
204	0.03	0.115
206	0.03	0.117
208	0.03	0.118
210	0.03	0.12
212	0.03	0.122
214	0.03	0.124
216	0.03	0.126
218	0.03	0.128
220	0.03	0.13
222	0.03	0.132
266	0.04	0.108
268	0.04	0.11
270	0.04	0.112
272	0.04	0.113
274	0.04	0.115
276	0.04	0.117
278	0.04	0.118
280	0.04	0.12
282	0.04	0.122
284	0.04	0.123
286	0.04	0.125
288	0.04	0.127
290	0.04	0.129
292	0.04	0.131
294	0.04	0.132
328	0.05	0.109
330	0.05	0.11
332	0.05	0.111
334	0.05	0.113
336	0.05	0.114
338	0.05	0.116
340	0.05	0.117
342	0.05	0.118
344	0.05	0.12
346	0.05	0.121
348	0.05	0.123
350	0.05	0.124
352	0.05	0.126
354	0.05	0.127
356	0.05	0.129
358	0.05	0.13
360	0.05	0.132
386	0.060000000000000005	0.108
388	0.060000000000000005	0.109
390	0.060000000000000005	0.11
392	0.060000000000000005	0.111
394	0.060000000000000005	0.112
396	0.060000000000000005	0.113
398	0.060000000000000005	0.114
400	0.060000000000000005	0.116
402	0.060000000000000005	0.117
404	0.060000000000000005	0.118
406	0.060000000000000005	0.119
408	0.060000000000000005	0.12
410	0.060000000000000005	0.122
412	0.060000000000000005	0.123
414	0.060000000000000005	0.124
416	0.060000000000000005	0.125
418	0.060000000000000005	0.126
420	0.060000000000000005	0.128
422	0.060000000000000005	0.129
424	0.060000000000000005	0.13
426	0.060000000000000005	0.131
446	0.06999999999999999	0.108
448	0.06999999999999999	0.109
450	0.06999999999999999	0.11
452	0.06999999999999999	0.111
454	0.06999999999999999	0.112
456	0.06999999999999999	0.113
458	0.06999999999999999	0.114
460	0.06999999999999999	0.115
462	0.06999999999999999	0.116
464	0.06999999999999999	0.117
466	0.06999999999999999	0.118
468	0.06999999999999999	0.119
470	0.06999999999999999	0.12
472	0.06999999999999999	0.121
474	0.06999999999999999	0.122
476	0.06999999999999999	0.123
478	0.06999999999999999	0.124
480	0.06999999999999999	0.125
482	0.06999999999999999	0.126
484	0.06999999999999999	0.127
486	0.06999999999999999	0.128
488	0.06999999999999999	0.129
490	0.06999999999999999	0.13
492	0.06999999999999999	0.131
494	0.06999999999999999	0.132
506	0.08	0.108
508	0.08	0.108
510	0.08	0.109
512	0.08	0.11
514	0.08	0.111
516	0.08	0.112
518	0.08	0.113
520	0.08	0.114
522	0.08	0.115
524	0.08	0.115
526	0.08	0.116
528	0.08	0.117
530	0.08	0.118
532	0.08	0.119
534	0.08	0.12
536	0.08	0.121
538	0.08	0.122
540	0.08	0.122
542	0.08	0.123
544	0.08	0.124
546	0.08	0.125
548	0.08	0.126
550	0.08	0.127
552	0.08	0.128
554	0.08	0.129
556	0.08	0.13
558	0.08	0.131
560	0.08	0.132
568	0.09	0.108
570	0.09	0.109
572	0.09	0.11
574	0.09	0.11
576	0.09	0.111
578	0.09	0.112
580	0.09	0.113
582	0.09	0.114
584	0.09	0.114
586	0.09	0.115
588	0.09	0.116
590	0.09	0.117
592	0.09	0.117
594	0.09	0.118
596	0.09	0.119
598	0.09	0.12
600	0.09	0.121
602	0.09	0.121
604	0.09	0.122
606	0.09	0.123
608	0.09	0.124
610	0.09	0.125
612	0.09	0.125
614	0.09	0.126
616	0.09	0.127
618	0.09	0.128
620	0.09	0.129
622	0.09	0.129
624	0.09	0.13
626	0.09	0.131
628	0.09	0.132
628	0.09999999999999999	0.108
630	0.09999999999999999	0.109
632	0.09999999999999999	0.109
634	0.09999999999999999	0.11
636	0.09999999999999999	0.111
638	0.09999999999999999	0.111
640	0.09999999999999999	0.112
642	0.09999999999999999	0.113
644	0.09999999999999999	0.113
646	0.09999999999999999	0.114
648	0.09999999999999999	0.115
650	0.09999999999999999	0.115
652	0.09999999999999999	0.116
654	0.09999999999999999	0.117
656	0.09999999999999999	0.117
658	0.09999999999999999	0.118
660	0.09999999999999999	0.119
662	0.09999999999999999	0.12
664	0.09999999999999999	0.12
666	0.09999999999999999	0.121
668	0.09999999999999999	0.122
670	0.09999999999999999	0.122
672	0.09999999999999999	0.123
674	0.09999999999999999	0.124
676	0.09999999999999999	0.125
678	0.09999999999999999	0.125
680	0.09999999999999999	0.126
682	0.09999999999999999	0.127
684	0.09999999999999999	0.127
686	0.09999999999999999	0.128
688	0.09999999999999999	0.129
688	0.11	0.108
690	0.09999999999999999	0.13
690	0.11	0.108
692	0.09999999999999999	0.13
692	0.11	0.109
694	0.09999999999999999	0.131
694	0.11	0.109
696	0.09999999999999999	0.132
696	0.11	0.11
698	0.11	0.111
700	0.11	0.111
702	0.11	0.112
704	0.11	0.112
706	0.11	0.113
708	0.11	0.114
710	0.11	0.114
712	0.11	0.115
714	0.11	0.116
716	0.11	0.116
718	0.11	0.117
720	0.11	0.118
722	0.11	0.118
724	0.11	0.119
726	0.11	0.119
728	0.11	0.12
730	0.11	0.121
732	0.11	0.121
734	0.11	0.122
736	0.11	0.123
738	0.11	0.123
740	0.11	0.124
742	0.11	0.125
744	0.11	0.125
746	0.11	0.126
748	0.11	0.127
750	0.11	0.127
750	0.12	0.108
752	0.11	0.128
752	0.12	0.108
754	0.11	0.128
754	0.12	0.109
756	0.11	0.129
756	0.12	0.109
758	0.11	0.13
758	0.12	0.11
760	0.11	0.13
760	0.12	0.111
762	0.11	0.131
762	0.12	0.111
764	0.11	0.132
764	0.12	0.112
766	0.11	0.132
766	0.12	0.112
768	0.12	0.113
770	0.12	0.113
772	0.12	0.114
774	0.12	0.115
776	0.12	0.115
778	0.12	0.116
780	0.12	0.116
782	0.12	0.117
784	0.12	0.117
786	0.12	0.118
788	0.12	0.119
790	0.12	0.119
792	0.12	0.12
794	0.12	0.12
796	0.12	0.121
798	0.12	0.121
800	0.12	0.122
802	0.12	0.123
804	0.12	0.123
806	0.12	0.124
808	0.12	0.124
810	0.12	0.125
812	0.12	0.126
812	0.13	0.108
814	0.12	0.126
814	0.13	0.108
816	0.12	0.127
816	0.13	0.109
818	0.12	0.127
818	0.13	0.109
820	0.12	0.128
820	0.13	0.11
822	0.12	0.129
822	0.13	0.11
824	0.12	0.129
824	0.13	0.111
826	0.12	0.13
826	0.13	0.111
828	0.12	0.13
828	0.13	0.112
830	0.12	0.131
830	0.13	0.113
832	0.12	0.132
832	0.13	0.113
834	0.12	0.132
834	0.13	0.114
836	0.13	0.114
838	0.13	0.115
840	0.13	0.115
842	0.13	0.116
844	0.13	0.116
846	0.13	0.117
848	0.13	0.117
850	0.13	0.118
852	0.13	0.118
854	0.13	0.119
856	0.13	0.119
858	0.13	0.12
860	0.13	0.12
862	0.13	0.121
864	0.13	0.122
866	0.13	0.122
868	0.13	0.123
870	0.13	0.123
872	0.13	0.124
874	0.13	0.124
874	0.14	0.108
876	0.13	0.125
876	0.14	0.108
878	0.13	0.125
878	0.14	0.109
880	0.13	0.126
880	0.14	0.109
882	0.13	0.127
882	0.14	0.11
884	0.13	0.127
884	0.14	0.11
886	0.13	0.128
886	0.14	0.111
888	0.13	0.128
888	0.14	0.111
890	0.13	0.129
890	0.14	0.112
892	0.13	0.129
892	0.14	0.112
894	0.13	0.13
894	0.14	0.113
896	0.13	0.13
896	0.14	0.113
898	0.13	0.131
898	0.14	0.114
900	0.13	0.132
900	0.14	0.114
902	0.13	0.132
902	0.14	0.115
904	0.14	0.115
906	0.14	0.116
908	0.14	0.116
910	0.14	0.117
912	0.14	0.117
914	0.14	0.118
916	0.14	0.118
918	0.14	0.119
920	0.14	0.119
922	0.14	0.12
924	0.14	0.12
926	0.14	0.121
928	0.14	0.121
930	0.14	0.122
932	0.14	0.122
934	0.14	0.123
934	0.15000000000000002	0.108
936	0.14	0.123
936	0.15000000000000002	0.108
938	0.14	0.124
938	0.15000000000000002	0.108
940	0.14	0.124
940	0.15000000000000002	0.109
942	0.14	0.125
942	0.15000000000000002	0.109
944	0.14	0.125
944	0.15000000000000002	0.11
946	0.14	0.126
946	0.15000000000000002	0.11
948	0.14	0.126
948	0.15000000000000002	0.111
950	0.14	0.127
950	0.15000000000000002	0.111
952	0.14	0.127
952	0.15000000000000002	0.112
954	0.14	0.128
954	0.15000000000000002	0.112
956	0.14	0.128
956	0.15000000000000002	0.112
958	0.14	0.129
958	0.15000000000000002	0.113
960	0.14	0.129
960	0.15000000000000002	0.113
962	0.14	0.13
962	0.15000000000000002	0.114
964	0.14	0.13
964	0.15000000000000002	0.114
966	0.14	0.131
966	0.15000000000000002	0.115
968	0.14	0.131
968	0.15000000000000002	0.115
970	0.14	0.132
970	0.15000000000000002	0.116
972	0.14	0.132
972	0.15000000000000002	0.116
974	0.15000000000000002	0.117
976	0.15000000000000002	0.117
978	0.15000000000000002	0.117
980	0.15000000000000002	0.118
982	0.15000000000000002	0.118
984	0.15000000000000002	0.119
986	0.15000000000000002	0.119
988	0.15000000000000002	0.12
990	0.15000000000000002	0.12
992	0.15000000000000002	0.121
994	0.15000000000000002	0.121
996	0.15000000000000002	0.122
996	0.16	0.108
998	0.15000000000000002	0.122
998	0.16	0.108
1000	0.15000000000000002	0.123
1000	0.16	0.108
1002	0.15000000000000002	0.123
1002	0.16	0.109
1004	0.15000000000000002	0.124
1004	0.16	0.109
1006	0.15000000000000002	0.124
1006	0.16	0.11
1008	0.15000000000000002	0.124
1008	0.16	0.11
1010	0.15000000000000002	0.125
1010	0.16	0.11
1012	0.15000000000000002	0.125
1012	0.16	0.111
1014	0.15000000000000002	0.126
1014	0.16	0.111
1016	0.15000000000000002	0.126
1016	0.16	0.112
1018	0.15000000000000002	0.127
1018	0.16	0.112
1020	0.15000000000000002	0.127
1020	0.16	0.113
1022	0.15000000000000002	0.128
1022	0.16	0.113
1024	0.15000000000000002	0.128
1024	0.16	0.113
1026	0.15000000000000002	0.129
1026	0.16	0.114
1028	0.15000000000000002	0.129
1028	0.16	0.114
1030	0.15000000000000002	0.13
1030	0.16	0.115
1032	0.15000000000000002	0.13
1032	0.16	0.115
1034	0.15000000000000002	0.131
1034	0.16	0.116
1036	0.15000000000000002	0.131
1036	0.16	0.116
1038	0.15000000000000002	0.132
1038	0.16	0.116
1040	0.15000000000000002	0.132
1040	0.16	0.117
1042	0.16	0.117
1044	0.16	0.118
1046	0.16	0.118
1048	0.16	0.119
1050	0.16	0.119
1052	0.16	0.119
1054	0.16	0.12
1056	0.16	0.12
1058	0.16	0.121
1058	0.17	0.108
1060	0.16	0.121
1060	0.17	0.108
1062	0.16	0.122
1062	0.17	0.108
1064	0.16	0.122
1064	0.17	0.109
1066	0.16	0.123
1066	0.17	0.109
1068	0.16	0.123
1068	0.17	0.11
1070	0.16	0.123
1070	0.17	0.11
1072	0.16	0.124
1072	0.17	0.11
1074	0.16	0.124
1074	0.17	0.111
1076	0.16	0.125
1076	0.17	0.111
1078	0.16	0.125
1078	0.17	0.111
1080	0.16	0.126
1080	0.17	0.112
1082	0.16	0.126
1082	0.17	0.112
1084	0.16	0.127
1084	0.17	0.113
1086	0.16	0.127
1086	0.17	0.113
1088	0.16	0.127
1088	0.17	0.113
1090	0.16	0.128
1090	0.17	0.114
1092	0.16	0.128
1092	0.17	0.114
1094	0.16	0.129
1094	0.17	0.115
1096	0.16	0.129
1096	0.17	0.115
1098	0.16	0.13
1098	0.17	0.115
1100	0.16	0.13
1100	0.17	0.116
1102	0.16	0.131
1102	0.17	0.116
1104	0.16	0.131
1104	0.17	0.117
1106	0.16	0.131
1106	0.17	0.117
1108	0.16	0.132
1108	0.17	0.118
1110	0.16	0.132
1110	0.17	0.118
1112	0.17	0.118
1114	0.17	0.119
1116	0.17	0.119
1118	0.17	0.12
1120	0.17	0.12
1120	0.18000000000000002	0.108
1122	0.17	0.12
1122	0.18000000000000002	0.108
1124	0.17	0.121
1124	0.18000000000000002	0.108
1126	0.17	0.121
1126	0.18000000000000002	0.109
1128	0.17	0.122
1128	0.18000000000000002	0.109
1130	0.17	0.122
1130	0.18000000000000002	0.109
1132	0.17	0.122
1132	0.18000000000000002	0.11
1134	0.17	0.123
1134	0.18000000000000002	0.11
1136	0.17	0.123
1136	0.18000000000000002	0.111
1138	0.17	0.124
1138	0.18000000000000002	0.111
1140	0.17	0.124
1140	0.18000000000000002	0.111
1142	0.17	0.125
1142	0.18000000000000002	0.112
1144	0.17	0.125
1144	0.18000000000000002	0.112
1146	0.17	0.125
1146	0.18000000000000002	0.112
1148	0.17	0.126
1148	0.18000000000000002	0.113
1150	0.17	0.126
1150	0.18000000000000002	0.113
1152	0.17	0.127
1152	0.18000000000000002	0.114
1154	0.17	0.127
1154	0.18000000000000002	0.114
1156	0.17	0.127
1156	0.18000000000000002	0.114
1158	0.17	0.128
1158	0.18000000000000002	0.115
1160	0.17	0.128
1160	0.18000000000000002	0.115
1162	0.17	0.129
1162	0.18000000000000002	0.115
1164	0.17	0.129
1164	0.18000000000000002	0.116
1166	0.17	0.13
1166	0.18000000000000002	0.116
1168	0.17	0.13
1168	0.18000000000000002	0.117
1170	0.17	0.13
1170	0.18000000000000002	0.117
1172	0.17	0.131
1172	0.18000000000000002	0.117
1174	0.17	0.131
1174	0.18000000000000002	0.118
1176	0.17	0.132
1176	0.18000000000000002	0.118
1178	0.17	0.132
1178	0.18000000000000002	0.119
1180	0.18000000000000002	0.119
1182	0.18000000000000002	0.119
1182	0.19	0.108
1184	0.18000000000000002	0.12
1184	0.19	0.108
1186	0.18000000000000002	0.12
1186	0.19	0.108
1188	0.18000000000000002	0.12
1188	0.19	0.109
1190	0.18000000000000002	0.121
1190	0.19	0.109
1192	0.18000000000000002	0.121
1192	0.19	0.109
1194	0.18000000000000002	0.122
1194	0.19	0.11
1196	0.18000000000000002	0.122
1196	0.19	0.11
1198	0.18000000000000002	0.122
1198	0.19	0.11
1200	0.18000000000000002	0.123
1200	0.19	0.111
1202	0.18000000000000002	0.123
1202	0.19	0.111
1204	0.18000000000000002	0.124
1204	0.19	0.111
1206	0.18000000000000002	0.124
1206	0.19	0.112
1208	0.18000000000000002	0.124
1208	0.19	0.112
1210	0.18000000000000002	0.125
1210	0.19	0.113
1212	0.18000000000000002	0.125
1212	0.19	0.113
1214	0.18000000000000002	0.126
1214	0.19	0.113
1216	0.18000000000000002	0.126
1216	0.19	0.114
1218	0.18000000000000002	0.126
1218	0.19	0.114
1220	0.18000000000000002	0.127
1220	0.19	0.114
1222	0.18000000000000002	0.127
1222	0.19	0.115
1224	0.18000000000000002	0.128
1224	0.19	0.115
1226	0.18000000000000002	0.128
1226	0.19	0.115
1228	0.18000000000000002	0.128
1228	0.19	0.116
1230	0.18000000000000002	0.129
1230	0.19	0.116
1232	0.18000000000000002	0.129
1232	0.19	0.116
1234	0.18000000000000002	0.13
1234	0.19	0.117
1236	0.18000000000000002	0.13
1236	0.19	0.117
1238	0.18000000000000002	0.13
1238	0.19	0.118
1240	0.18000000000000002	0.131
1240	0.19	0.118
1242	0.18000000000000002	0.131
1242	0.19	0.118
1244	0.18000000000000002	0.132
1244	0.19	0.119
1244	0.2	0.108
1246	0.18000000000000002	0.132
1246	0.19	0.119
1246	0.2	0.108
1248	0.18000000000000002	0.132
1248	0.19	0.119
1248	0.2	0.108
1250	0.19	0.12
1250	0.2	0.109
1252	0.19	0.12
1252	0.2	0.109
1254	0.19	0.12
1254	0.2	0.109
1256	0.19	0.121
1256	0.2	0.11
1258	0.19	0.121
1258	0.2	0.11
1260	0.19	0.122
1260	0.2	0.11
1262	0.19	0.122
1262	0.2	0.111
1264	0.19	0.122
1264	0.2	0.111
1266	0.19	0.123
1266	0.2	0.111
1268	0.19	0.123
1268	0.2	0.112
1270	0.19	0.123
1270	0.2	0.112
1272	0.19	0.124
1272	0.2	0.112
1274	0.19	0.124
1274	0.2	0.113
1276	0.19	0.125
1276	0.2	0.113
1278	0.19	0.125
1278	0.2	0.113
1280	0.19	0.125
1280	0.2	0.114
1282	0.19	0.126
1282	0.2	0.114
1284	0.19	0.126
1284	0.2	0.114
1286	0.19	0.126
1286	0.2	0.115
1288	0.19	0.127
1288	0.2	0.115
1290	0.19	0.127
1290	0.2	0.115
1292	0.19	0.128
1292	0.2	0.116
1294	0.19	0.128
1294	0.2	0.116
1296	0.19	0.128
1296	0.2	0.116
1298	0.19	0.129
1298	0.2	0.117
1300	0.19	0.129
1300	0.2	0.117
1302	0.19	0.129
1302	0.2	0.117
1304	0.19	0.13
1304	0.2	0.118
1306	0.19	0.13
1306	0.2	0.118
1306	0.21000000000000002	0.108
1308	0.19	0.131
1308	0.2	0.118
1308	0.21000000000000002	0.108
1310	0.19	0.131
1310	0.2	0.119
1310	0.21000000000000002	0.108
1312	0.19	0.131
1312	0.2	0.119
1312	0.21000000000000002	0.109
1314	0.19	0.132
1314	0.2	0.119
1314	0.21000000000000002	0.109
1316	0.19	0.132
1316	0.2	0.12
1316	0.21000000000000002	0.109
1318	0.2	0.12
1318	0.21000000000000002	0.109
1320	0.2	0.121
1320	0.21000000000000002	0.11
1322	0.2	0.121
1322	0.21000000000000002	0.11
1324	0.2	0.121
1324	0.21000000000000002	0.11
1326	0.2	0.122
1326	0.21000000000000002	0.111
1328	0.2	0.122
1328	0.21000000000000002	0.111
1330	0.2	0.122
1330	0.21000000000000002	0.111
1332	0.2	0.123
1332	0.21000000000000002	0.112
1334	0.2	0.123
1334	0.21000000000000002	0.112
1336	0.2	0.123
1336	0.21000000000000002	0.112
1338	0.2	0.124
1338	0.21000000000000002	0.113
1340	0.2	0.124
1340	0.21000000000000002	0.113
1342	0.2	0.124
1342	0.21000000000000002	0.113
1344	0.2	0.125
1344	0.21000000000000002	0.114
1346	0.2	0.125
1346	0.21000000000000002	0.114
1348	0.2	0.125
1348	0.21000000000000002	0.114
1350	0.2	0.126
1350	0.21000000000000002	0.115
1352	0.2	0.126
1352	0.21000000000000002	0.115
1354	0.2	0.127
1354	0.21000000000000002	0.115
1356	0.2	0.127
1356	0.21000000000000002	0.116
1358	0.2	0.127
1358	0.21000000000000002	0.116
1360	0.2	0.128
1360	0.21000000000000002	0.116
1362	0.2	0.128
1362	0.21000000000000002	0.117
1364	0.2	0.128
1364	0.21000000000000002	0.117
1366	0.2	0.129
1366	0.21000000000000002	0.117
1368	0.2	0.129
1368	0.21000000000000002	0.118
1368	0.22	0.108
1370	0.2	0.129
1370	0.21000000000000002	0.118
1370	0.22	0.108
1372	0.2	0.13
1372	0.21000000000000002	0.118
1372	0.22	0.108
1374	0.2	0.13
1374	0.21000000000000002	0.119
1374	0.22	0.108
1376	0.2	0.131
1376	0.21000000000000002	0.119
1376	0.22	0.109
1378	0.2	0.131
1378	0.21000000000000002	0.119
1378	0.22	0.109
1380	0.2	0.131
1380	0.21000000000000002	0.12
1380	0.22	0.109
1382	0.2	0.132
1382	0.21000000000000002	0.12
1382	0.22	0.11
1384	0.2	0.132
1384	0.21000000000000002	0.12
1384	0.22	0.11
1386	0.2	0.132
1386	0.21000000000000002	0.121
1386	0.22	0.11
1388	0.21000000000000002	0.121
1388	0.22	0.111
1390	0.21000000000000002	0.121
1390	0.22	0.111
1392	0.21000000000000002	0.122
1392	0.22	0.111
1394	0.21000000000000002	0.122
1394	0.22	0.112
1396	0.21000000000000002	0.122
1396	0.22	0.112
1398	0.21000000000000002	0.123
1398	0.22	0.112
1400	0.21000000000000002	0.123
1400	0.22	0.112
1402	0.21000000000000002	0.123
1402	0.22	0.113
1404	0.21000000000000002	0.124
1404	0.22	0.113
1406	0.21000000000000002	0.124
1406	0.22	0.113
1408	0.21000000000000002	0.124
1408	0.22	0.114
1410	0.21000000000000002	0.125
1410	0.22	0.114
1412	0.21000000000000002	0.125
1412	0.22	0.114
1414	0.21000000000000002	0.125
1414	0.22	0.115
1416	0.21000000000000002	0.126
1416	0.22	0.115
1418	0.21000000000000002	0.126
1418	0.22	0.115
1420	0.21000000000000002	0.126
1420	0.22	0.116
1422	0.21000000000000002	0.127
1422	0.22	0.116
1424	0.21000000000000002	0.127
1424	0.22	0.116
1426	0.21000000000000002	0.127
1426	0.22	0.116
1428	0.21000000000000002	0.128
1428	0.22	0.117
1430	0.21000000000000002	0.128
1430	0.22	0.117
1430	0.23	0.108
1432	0.21000000000000002	0.128
1432	0.22	0.117
1432	0.23	0.108
1434	0.21000000000000002	0.129
1434	0.22	0.118
1434	0.23	0.108
1436	0.21000000000000002	0.129
1436	0.22	0.118
1436	0.23	0.108
1438	0.21000000000000002	0.129
1438	0.22	0.118
1438	0.23	0.109
1440	0.21000000000000002	0.13
1440	0.22	0.119
1440	0.23	0.109
1442	0.21000000000000002	0.13
1442	0.22	0.119
1442	0.23	0.109
1444	0.21000000000000002	0.13
1444	0.22	0.119
1444	0.23	0.11
1446	0.21000000000000002	0.131
1446	0.22	0.12
1446	0.23	0.11
1448	0.21000000000000002	0.131
1448	0.22	0.12
1448	0.23	0.11
1450	0.21000000000000002	0.131
1450	0.22	0.12
1450	0.23	0.11
1452	0.21000000000000002	0.132
1452	0.22	0.121
1452	0.23	0.111
1454	0.21000000000000002	0.132
1454	0.22	0.121
1454	0.23	0.111
1456	0.22	0.121
1456	0.23	0.111
1458	0.22	0.122
1458	0.23	0.112
1460	0.22	0.122
1460	0.23	0.112
1462	0.22	0.122
1462	0.23	0.112
1464	0.22	0.123
1464	0.23	0.113
1466	0.22	0.123
1466	0.23	0.113
1468	0.22	0.123
1468	0.23	0.113
1470	0.22	0.123
1470	0.23	0.113
1472	0.22	0.124
1472	0.23	0.114
1474	0.22	0.124
1474	0.23	0.114
1476	0.22	0.124
1476	0.23	0.114
1478	0.22	0.125
1478	0.23	0.115
1480	0.22	0.125
1480	0.23	0.115
1482	0.22	0.125
1482	0.23	0.115
1484	0.22	0.126
1484	0.23	0.116
1486	0.22	0.126
1486	0.23	0.116
1488	0.22	0.126
1488	0.23	0.116
1490	0.22	0.127
1490	0.23	0.116
1492	0.22	0.127
1492	0.23	0.117
1492	0.24000000000000002	0.108
1494	0.22	0.127
1494	0.23	0.117
1494	0.24000000000000002	0.108
1496	0.22	0.128
1496	0.23	0.117
1496	0.24000000000000002	0.108
1498	0.22	0.128
1498	0.23	0.118
1498	0.24000000000000002	0.108
1500	0.22	0.128
1500	0.23	0.118
1500	0.24000000000000002	0.109
1502	0.22	0.129
1502	0.23	0.118
1502	0.24000000000000002	0.109
1504	0.22	0.129
1504	0.23	0.119
1504	0.24000000000000002	0.109
1506	0.22	0.129
1506	0.23	0.119
1506	0.24000000000000002	0.11
1508	0.22	0.13
1508	0.23	0.119
1508	0.24000000000000002	0.11
1510	0.22	0.13
1510	0.23	0.119
1510	0.24000000000000002	0.11
1512	0.22	0.13
1512	0.23	0.12
1512	0.24000000000000002	0.11
1514	0.22	0.131
1514	0.23	0.12
1514	0.24000000000000002	0.111
1516	0.22	0.131
1516	0.23	0.12
1516	0.24000000000000002	0.111
1518	0.22	0.131
1518	0.23	0.121
1518	0.24000000000000002	0.111
1520	0.22	0.132
1520	0.23	0.121
1520	0.24000000000000002	0.111
1522	0.22	0.132
1522	0.23	0.121
1522	0.24000000000000002	0.112
1524	0.22	0.132
1524	0.23	0.122
1524	0.24000000000000002	0.112
1526	0.23	0.122
1526	0.24000000000000002	0.112
1528	0.23	0.122
1528	0.24000000000000002	0.113
1530	0.23	0.122
1530	0.24000000000000002	0.113
1532	0.23	0.123
1532	0.24000000000000002	0.113
1534	0.23	0.123
1534	0.24000000000000002	0.113
1536	0.23	0.123
1536	0.24000000000000002	0.114
1538	0.23	0.124
1538	0.24000000000000002	0.114
1540	0.23	0.124
1540	0.24000000000000002	0.114
1542	0.23	0.124
1542	0.24000000000000002	0.115
1544	0.23	0.125
1544	0.24000000000000002	0.115
1546	0.23	0.125
1546	0.24000000000000002	0.115
1548	0.23	0.125
1548	0.24000000000000002	0.115
1550	0.23	0.126
1550	0.24000000000000002	0.116
1552	0.23	0.126
1552	0.24000000000000002	0.116
1554	0.23	0.126
1554	0.24000000000000002	0.116
1554	0.25	0.108
1556	0.23	0.127
1556	0.24000000000000002	0.117
1556	0.25	0.108
1558	0.23	0.127
1558	0.24000000000000002	0.117
1558	0.25	0.108
1560	0.23	0.127
1560	0.24000000000000002	0.117
1560	0.25	0.108
1562	0.23	0.127
1562	0.24000000000000002	0.117
1562	0.25	0.109
1564	0.23	0.128
1564	0.24000000000000002	0.118
1564	0.25	0.109
1566	0.23	0.128
1566	0.24000000000000002	0.118
1566	0.25	0.109
1568	0.23	0.128
1568	0.24000000000000002	0.118
1568	0.25	0.109
1570	0.23	0.129
1570	0.24000000000000002	0.119
1570	0.25	0.11
1572	0.23	0.129
1572	0.24000000000000002	0.119
1572	0.25	0.11
1574	0.23	0.129
1574	0.24000000000000002	0.119
1574	0.25	0.11
1576	0.23	0.13
1576	0.24000000000000002	0.12
1576	0.25	0.111
1578	0.23	0.13
1578	0.24000000000000002	0.12
1578	0.25	0.111
1580	0.23	0.13
1580	0.24000000000000002	0.12
1580	0.25	0.111
1582	0.23	0.131
1582	0.24000000000000002	0.12
1582	0.25	0.111
1584	0.23	0.131
1584	0.24000000000000002	0.121
1584	0.25	0.112
1586	0.23	0.131
1586	0.24000000000000002	0.121
1586	0.25	0.112
1588	0.23	0.132
1588	0.24000000000000002	0.121
1588	0.25	0.112
1590	0.23	0.132
1590	0.24000000000000002	0.122
1590	0.25	0.112
1592	0.23	0.132
1592	0.24000000000000002	0.122
1592	0.25	0.113
1594	0.24000000000000002	0.122
1594	0.25	0.113
1596	0.24000000000000002	0.122
1596	0.25	0.113
1598	0.24000000000000002	0.123
1598	0.25	0.114
1600	0.24000000000000002	0.123
1600	0.25	0.114
1602	0.24000000000000002	0.123
1602	0.25	0.114
1604	0.24000000000000002	0.124
1604	0.25	0.114
1606	0.24000000000000002	0.124
1606	0.25	0.115
1608	0.24000000000000002	0.124
1608	0.25	0.115
1610	0.24000000000000002	0.125
1610	0.25	0.115
1612	0.24000000000000002	0.125
1612	0.25	0.115
1614	0.24000000000000002	0.125
1614	0.25	0.116
1616	0.24000000000000002	0.125
1616	0.25	0.116
1616	0.26	0.108
1618	0.24000000000000002	0.126
1618	0.25	0.116
1618	0.26	0.108
1620	0.24000000000000002	0.126
1620	0.25	0.117
1620	0.26	0.108
1622	0.24000000000000002	0.126
1622	0.25	0.117
1622	0.26	0.108
1624	0.24000000000000002	0.127
1624	0.25	0.117
1624	0.26	0.109
1626	0.24000000000000002	0.127
1626	0.25	0.117
1626	0.26	0.109
1628	0.24000000000000002	0.127
1628	0.25	0.118
1628	0.26	0.109
1630	0.24000000000000002	0.128
1630	0.25	0.118
1630	0.26	0.109
1632	0.24000000000000002	0.128
1632	0.25	0.118
1632	0.26	0.11
1634	0.24000000000000002	0.128
1634	0.25	0.118
1634	0.26	0.11
1636	0.24000000000000002	0.128
1636	0.25	0.119
1636	0.26	0.11
1638	0.24000000000000002	0.129
1638	0.25	0.119
1638	0.26	0.11
1640	0.24000000000000002	0.129
1640	0.25	0.119
1640	0.26	0.111
1642	0.24000000000000002	0.129
1642	0.25	0.12
1642	0.26	0.111
1644	0.24000000000000002	0.13
1644	0.25	0.12
1644	0.26	0.111
1646	0.24000000000000002	0.13
1646	0.25	0.12
1646	0.26	0.111
1648	0.24000000000000002	0.13
1648	0.25	0.12
1648	0.26	0.112
1650	0.24000000000000002	0.131
1650	0.25	0.121
1650	0.26	0.112
1652	0.24000000000000002	0.131
1652	0.25	0.121
1652	0.26	0.112
1654	0.24000000000000002	0.131
1654	0.25	0.121
1654	0.26	0.113
1656	0.24000000000000002	0.131
1656	0.25	0.122
1656	0.26	0.113
1658	0.24000000000000002	0.132
1658	0.25	0.122
1658	0.26	0.113
1660	0.24000000000000002	0.132
1660	0.25	0.122
1660	0.26	0.113
1662	0.24000000000000002	0.132
1662	0.25	0.122
1662	0.26	0.114
1664	0.25	0.123
1664	0.26	0.114
1666	0.25	0.123
1666	0.26	0.114
1668	0.25	0.123
1668	0.26	0.114
1670	0.25	0.124
1670	0.26	0.115
1672	0.25	0.124
1672	0.26	0.115
1674	0.25	0.124
1674	0.26	0.115
1676	0.25	0.124
1676	0.26	0.115
1678	0.25	0.125
1678	0.26	0.116
1678	0.27	0.108
1680	0.25	0.125
1680	0.26	0.116
1680	0.27	0.108
1682	0.25	0.125
1682	0.26	0.116
1682	0.27	0.108
1684	0.25	0.126
1684	0.26	0.116
1684	0.27	0.108
1686	0.25	0.126
1686	0.26	0.117
1686	0.27	0.109
1688	0.25	0.126
1688	0.26	0.117
1688	0.27	0.109
1690	0.25	0.126
1690	0.26	0.117
1690	0.27	0.109
1692	0.25	0.127
1692	0.26	0.118
1692	0.27	0.109
1694	0.25	0.127
1694	0.26	0.118
1694	0.27	0.11
1696	0.25	0.127
1696	0.26	0.118
1696	0.27	0.11
1698	0.25	0.128
1698	0.26	0.118
1698	0.27	0.11
1700	0.25	0.128
1700	0.26	0.119
1700	0.27	0.11
1702	0.25	0.128
1702	0.26	0.119
1702	0.27	0.111
1704	0.25	0.128
1704	0.26	0.119
1704	0.27	0.111
1706	0.25	0.129
1706	0.26	0.119
1706	0.27	0.111
1708	0.25	0.129
1708	0.26	0.12
1708	0.27	0.111
1710	0.25	0.129
1710	0.26	0.12
1710	0.27	0.112
1712	0.25	0.13
1712	0.26	0.12
1712	0.27	0.112
1714	0.25	0.13
1714	0.26	0.12
1714	0.27	0.112
1716	0.25	0.13
1716	0.26	0.121
1716	0.27	0.112
1718	0.25	0.13
1718	0.26	0.121
1718	0.27	0.113
1720	0.25	0.131
1720	0.26	0.121
1720	0.27	0.113
1722	0.25	0.131
1722	0.26	0.122
1722	0.27	0.113
1724	0.25	0.131
1724	0.26	0.122
1724	0.27	0.113
1726	0.25	0.132
1726	0.26	0.122
1726	0.27	0.114
1728	0.25	0.132
1728	0.26	0.122
1728	0.27	0.114
1730	0.25	0.132
1730	0.26	0.123
1730	0.27	0.114
1732	0.26	0.123
1732	0.27	0.114
1734	0.26	0.123
1734	0.27	0.115
1736	0.26	0.123
1736	0.27	0.115
1738	0.26	0.124
1738	0.27	0.115
1740	0.26	0.124
1740	0.27	0.115
1740	0.28	0.108
1742	0.26	0.124
1742	0.27	0.116
1742	0.28	0.108
1744	0.26	0.125
1744	0.27	0.116
1744	0.28	0.108
1746	0.26	0.125
1746	0.27	0.116
1746	0.28	0.108
1748	0.26	0.125
1748	0.27	0.116
1748	0.28	0.109
1750	0.26	0.125
1750	0.27	0.117
1750	0.28	0.109
1752	0.26	0.126
1752	0.27	0.117
1752	0.28	0.109
1754	0.26	0.126
1754	0.27	0.117
1754	0.28	0.109
1756	0.26	0.126
1756	0.27	0.117
1756	0.28	0.11
1758	0.26	0.127
1758	0.27	0.118
1758	0.28	0.11
1760	0.26	0.127
1760	0.27	0.118
1760	0.28	0.11
1762	0.26	0.127
1762	0.27	0.118
1762	0.28	0.11
1764	0.26	0.127
1764	0.27	0.118
1764	0.28	0.11
1766	0.26	0.128
1766	0.27	0.119
1766	0.28	0.111
1768	0.26	0.128
1768	0.27	0.119
1768	0.28	0.111
1770	0.26	0.128
1770	0.27	0.119
1770	0.28	0.111
1772	0.26	0.128
1772	0.27	0.119
1772	0.28	0.111
1774	0.26	0.129
1774	0.27	0.12
1774	0.28	0.112
1776	0.26	0.129
1776	0.27	0.12
1776	0.28	0.112
1778	0.26	0.129
1778	0.27	0.12
1778	0.28	0.112
1780	0.26	0.13
1780	0.27	0.121
1780	0.28	0.112
1782	0.26	0.13
1782	0.27	0.121
1782	0.28	0.113
1784	0.26	0.13
1784	0.27	0.121
1784	0.28	0.113
1786	0.26	0.13
1786	0.27	0.121
1786	0.28	0.113
1788	0.26	0.131
1788	0.27	0.122
1788	0.28	0.113
1790	0.26	0.131
1790	0.27	0.122
1790	0.28	0.114
1792	0.26	0.131
1792	0.27	0.122
1792	0.28	0.114
1794	0.26	0.132
1794	0.27	0.122
1794	0.28	0.114
1796	0.26	0.132
1796	0.27	0.123
1796	0.28	0.114
1798	0.26	0.132
1798	0.27	0.123
1798	0.28	0.115
1800	0.26	0.132
1800	0.27	0.123
1800	0.28	0.115
1802	0.27	0.123
1802	0.28	0.115
1802	0.29000000000000004	0.108
1804	0.27	0.124
1804	0.28	0.115
1804	0.29000000000000004	0.108
1806	0.27	0.124
1806	0.28	0.116
1806	0.29000000000000004	0.108
1808	0.27	0.124
1808	0.28	0.116
1808	0.29000000000000004	0.108
1810	0.27	0.124
1810	0.28	0.116
1810	0.29000000000000004	0.109
1812	0.27	0.125
1812	0.28	0.116
1812	0.29000000000000004	0.109
1814	0.27	0.125
1814	0.28	0.117
1814	0.29000000000000004	0.109
1816	0.27	0.125
1816	0.28	0.117
1816	0.29000000000000004	0.109
1818	0.27	0.126
1818	0.28	0.117
1818	0.29000000000000004	0.109
1820	0.27	0.126
1820	0.28	0.117
1820	0.29000000000000004	0.11
1822	0.27	0.126
1822	0.28	0.118
1822	0.29000000000000004	0.11
1824	0.27	0.126
1824	0.28	0.118
1824	0.29000000000000004	0.11
1826	0.27	0.127
1826	0.28	0.118
1826	0.29000000000000004	0.11
1828	0.27	0.127
1828	0.28	0.118
1828	0.29000000000000004	0.111
1830	0.27	0.127
1830	0.28	0.119
1830	0.29000000000000004	0.111
1832	0.27	0.127
1832	0.28	0.119
1832	0.29000000000000004	0.111
1834	0.27	0.128
1834	0.28	0.119
1834	0.29000000000000004	0.111
1836	0.27	0.128
1836	0.28	0.119
1836	0.29000000000000004	0.112
1838	0.27	0.128
1838	0.28	0.12
1838	0.29000000000000004	0.112
1840	0.27	0.128
1840	0.28	0.12
1840	0.29000000000000004	0.112
1842	0.27	0.129
1842	0.28	0.12
1842	0.29000000000000004	0.112
1844	0.27	0.129
1844	0.28	0.12
1844	0.29000000000000004	0.113
1846	0.27	0.129
1846	0.28	0.121
1846	0.29000000000000004	0.113
1848	0.27	0.13
1848	0.28	0.121
1848	0.29000000000000004	0.113
1850	0.27	0.13
1850	0.28	0.121
1850	0.29000000000000004	0.113
1852	0.27	0.13
1852	0.28	0.121
1852	0.29000000000000004	0.113
1854	0.27	0.13
1854	0.28	0.122
1854	0.29000000000000004	0.114
1856	0.27	0.131
1856	0.28	0.122
1856	0.29000000000000004	0.114
1858	0.27	0.131
1858	0.28	0.122
1858	0.29000000000000004	0.114
1860	0.27	0.131
1860	0.28	0.122
1860	0.29000000000000004	0.114
1862	0.27	0.131
1862	0.28	0.123
1862	0.29000000000000004	0.115
1864	0.27	0.132
1864	0.28	0.123
1864	0.29000000000000004	0.115
1864	0.3	0.108
1866	0.27	0.132
1866	0.28	0.123
1866	0.29000000000000004	0.115
1866	0.3	0.108
1868	0.27	0.132
1868	0.28	0.123
1868	0.29000000000000004	0.115
1868	0.3	0.108
1870	0.28	0.124
1870	0.29000000000000004	0.116
1870	0.3	0.108
1872	0.28	0.124
1872	0.29000000000000004	0.116
1872	0.3	0.109
1874	0.28	0.124
1874	0.29000000000000004	0.116
1874	0.3	0.109
1876	0.28	0.124
1876	0.29000000000000004	0.116
1876	0.3	0.109
1878	0.28	0.125
1878	0.29000000000000004	0.117
1878	0.3	0.109
1880	0.28	0.125
1880	0.29000000000000004	0.117
1880	0.3	0.109
1882	0.28	0.125
1882	0.29000000000000004	0.117
1882	0.3	0.11
1884	0.28	0.125
1884	0.29000000000000004	0.117
1884	0.3	0.11
1886	0.28	0.126
1886	0.29000000000000004	0.117
1886	0.3	0.11
1888	0.28	0.126
1888	0.29000000000000004	0.118
1888	0.3	0.11
1890	0.28	0.126
1890	0.29000000000000004	0.118
1890	0.3	0.111
1892	0.28	0.126
1892	0.29000000000000004	0.118
1892	0.3	0.111
1894	0.28	0.127
1894	0.29000000000000004	0.118
1894	0.3	0.111
1896	0.28	0.127
1896	0.29000000000000004	0.119
1896	0.3	0.111
1898	0.28	0.127
1898	0.29000000000000004	0.119
1898	0.3	0.111
1900	0.28	0.127
1900	0.29000000000000004	0.119
1900	0.3	0.112
1902	0.28	0.128
1902	0.29000000000000004	0.119
1902	0.3	0.112
1904	0.28	0.128
1904	0.29000000000000004	0.12
1904	0.3	0.112
1906	0.28	0.128
1906	0.29000000000000004	0.12
1906	0.3	0.112
1908	0.28	0.129
1908	0.29000000000000004	0.12
1908	0.3	0.113
1910	0.28	0.129
1910	0.29000000000000004	0.12
1910	0.3	0.113
1912	0.28	0.129
1912	0.29000000000000004	0.121
1912	0.3	0.113
1914	0.28	0.129
1914	0.29000000000000004	0.121
1914	0.3	0.113
1916	0.28	0.13
1916	0.29000000000000004	0.121
1916	0.3	0.114
1918	0.28	0.13
1918	0.29000000000000004	0.121
1918	0.3	0.114
1920	0.28	0.13
1920	0.29000000000000004	0.122
1920	0.3	0.114
1922	0.28	0.13
1922	0.29000000000000004	0.122
1922	0.3	0.114
1924	0.28	0.131
1924	0.29000000000000004	0.122
1924	0.3	0.114
1926	0.28	0.131
1926	0.29000000000000004	0.122
1926	0.3	0.115
1926	0.31	0.108
1928	0.28	0.131
1928	0.29000000000000004	0.123
1928	0.3	0.115
1928	0.31	0.108
1930	0.28	0.131
1930	0.29000000000000004	0.123
1930	0.3	0.115
1930	0.31	0.108
1932	0.28	0.132
1932	0.29000000000000004	0.123
1932	0.3	0.115
1932	0.31	0.108
1934	0.28	0.132
1934	0.29000000000000004	0.123
1934	0.3	0.116
1934	0.31	0.109
1936	0.28	0.132
1936	0.29000000000000004	0.124
1936	0.3	0.116
1936	0.31	0.109
1938	0.28	0.132
1938	0.29000000000000004	0.124
1938	0.3	0.116
1938	0.31	0.109
1940	0.29000000000000004	0.124
1940	0.3	0.116
1940	0.31	0.109
1942	0.29000000000000004	0.124
1942	0.3	0.116
1942	0.31	0.109
1944	0.29000000000000004	0.125
1944	0.3	0.117
1944	0.31	0.11
1946	0.29000000000000004	0.125
1946	0.3	0.117
1946	0.31	0.11
1948	0.29000000000000004	0.125
1948	0.3	0.117
1948	0.31	0.11
1950	0.29000000000000004	0.125
1950	0.3	0.117
1950	0.31	0.11
1952	0.29000000000000004	0.126
1952	0.3	0.118
1952	0.31	0.11
1954	0.29000000000000004	0.126
1954	0.3	0.118
1954	0.31	0.111
1956	0.29000000000000004	0.126
1956	0.3	0.118
1956	0.31	0.111
1958	0.29000000000000004	0.126
1958	0.3	0.118
1958	0.31	0.111
1960	0.29000000000000004	0.127
1960	0.3	0.119
1960	0.31	0.111
1962	0.29000000000000004	0.127
1962	0.3	0.119
1962	0.31	0.112
1964	0.29000000000000004	0.127
1964	0.3	0.119
1964	0.31	0.112
1966	0.29000000000000004	0.127
1966	0.3	0.119
1966	0.31	0.112
1968	0.29000000000000004	0.128
1968	0.3	0.12
1968	0.31	0.112
1970	0.29000000000000004	0.128
1970	0.3	0.12
1970	0.31	0.112
1972	0.29000000000000004	0.128
1972	0.3	0.12
1972	0.31	0.113
1974	0.29000000000000004	0.128
1974	0.3	0.12
1974	0.31	0.113
1976	0.29000000000000004	0.129
1976	0.3	0.12
1976	0.31	0.113
1978	0.29000000000000004	0.129
1978	0.3	0.121
1978	0.31	0.113
1980	0.29000000000000004	0.129
1980	0.3	0.121
1980	0.31	0.114
1982	0.29000000000000004	0.129
1982	0.3	0.121
1982	0.31	0.114
1984	0.29000000000000004	0.13
1984	0.3	0.121
1984	0.31	0.114
1986	0.29000000000000004	0.13
1986	0.3	0.122
1986	0.31	0.114
1988	0.29000000000000004	0.13
1988	0.3	0.122
1988	0.31	0.114
1988	0.32	0.108
1990	0.29000000000000004	0.13
1990	0.3	0.122
1990	0.31	0.115
1990	0.32	0.108
1992	0.29000000000000004	0.131
1992	0.3	0.122
1992	0.31	0.115
1992	0.32	0.108
1994	0.29000000000000004	0.131
1994	0.3	0.123
1994	0.31	0.115
1994	0.32	0.108
1996	0.29000000000000004	0.131
1996	0.3	0.123
1996	0.31	0.115
1996	0.32	0.109
1998	0.29000000000000004	0.131
1998	0.3	0.123
1998	0.31	0.116
1998	0.32	0.109
