0.40112990290970607 936.3330040046444 236.95905748902214 1.615e-09 
0.3172632195457421 884.6963955962975 1046.693094847497 1.131e-09 
0.14334963797371186 936.8672783667396 6504.519446923938 2.06e-10 
0.47096489541759323 994.4182774703661 204.44048445360113 1.974e-09 
0.36445827460332586 846.9811046563507 90.58846141057074 1.629e-09 
0.048437788577111895 672.0516747418148 7495.103915956957 4.567e-11 
0.3275693121307143 913.3734307920361 1215.747393686203 1.132e-09 
0.25720720191292934 938.76084762907 3031.9458550219524 6.604e-10 
0.24270177681667898 651.833507490101 318.92761569674985 1.219e-09 
0.15126751979433184 874.9754522137457 5694.357236723757 2.629e-10 
0.3622375566553191 979.6339521001021 2220.3244142275976 1.203e-09 
0.2751475513694298 687.4520447906339 250.31208883963473 1.408e-09 
0.14339504638929224 524.6236217669333 1115.9490870970299 6.562e-10 
0.24742973758175113 958.5329123137826 4699.04272389839 5.862e-10 
0.12602589490831062 706.8251474428157 3541.8202379619665 2.795e-10 
0.05681381921089257 556.04000974574 4573.313982366845 9.172e-11 
0.06926769302094093 583.3348082630719 3573.603171197876 1.239e-10 
0.3410555964304308 925.7162136924634 2300.962247133115 1.194e-09 
0.33747371436394197 903.2558785837916 1256.722707136551 1.228e-09 
0.16643471914895608 883.9354521446289 4527.958355207987 3.119e-10 
0.22425193638701396 844.773699394839 3255.6552860311544 6.198e-10 
0.2388667288769349 570.3945814979321 425.23424404413663 1.541e-09 
0.34693610877871334 978.6676950240974 2256.013629284273 1.106e-09 
0.22187113444268403 572.649971494647 42.09224785039987 1.319e-09 
0.33202868645447015 810.6307500007177 1116.5249262917341 1.475e-09 
0.3941439461639792 926.1548982849708 1287.5994900046635 1.593e-09 
0.13513104489682382 694.9682179208628 2905.898989661495 3.324e-10 
0.28479083830805196 952.4588248361886 3372.053249244624 7.866e-10 
0.21913487466178322 868.0208371320182 3545.513531801915 5.606e-10 
0.2731987311776959 616.6364812468346 506.7540751911615 1.725e-09 
0.4786523174612151 995.1933944104403 368.1381053551081 2.035e-09 
0.2487461075469662 835.7886499628788 1759.878603377958 7.791e-10 
0.4263740550319546 976.6507624946757 990.8457505508713 1.677e-09 
0.36917120316215785 857.7026412422746 169.84434248178104 1.63e-09 
0.16283657180169891 824.4552754269489 3795.6921598129506 3.431e-10 
0.37227815642470574 989.0673515139509 693.2563608835835 1.247e-09 
0.38144885068066503 966.1051999424323 1221.1527792896172 1.372e-09 
0.4253125451077066 994.4182774703661 16.988548708281087 1.61e-09 
0.3490395115366621 878.4142873433674 1733.0136034400389 1.389e-09 
0.35164799775539823 868.6126782520106 668.3263725281981 1.442e-09 
0.10987628392253523 566.2867649742415 1951.1539196412195 3.308e-10 
0.1469886435939025 917.1896314932092 6961.627806696904 2.259e-10 
0.2742978288803322 650.4952837252546 89.89530324844509 1.563e-09 
0.2705917829181558 835.7875846107243 2389.985765479193 9.219e-10 
0.37281245412866515 943.4675903731631 122.98497438066443 1.374e-09 
0.24823763903448437 688.8069408019637 753.9713330067761 1.142e-09 
0.3816907664070067 876.4103817421807 498.5840106485007 1.668e-09 
0.14339504638929224 528.7929415516644 1115.9490870970299 6.459e-10 
0.26494249620567234 883.8780937097636 3127.5628734069123 7.904e-10 
0.29073753309343264 951.8368082752386 2538.44651257724 8.208e-10 
0.15696124608289613 689.1039299369552 2663.1513269202683 4.561e-10 
0.06276248094696096 522.2777413193737 3233.5095022404334 1.268e-10 
0.1328389570418203 764.7400549104808 4870.997804462404 2.653e-10 
0.4247440146771656 941.3037607273934 292.9409261779697 1.791e-09 
0.24522013411785115 735.9582153461096 1840.2290107831923 9.762e-10 
0.24126449761062296 807.5261952304977 2402.0208706196377 7.851e-10 
0.12739943818612082 781.1596151900064 5178.230534802526 2.339e-10 
0.34250358546817533 933.7265240375837 965.3538899105283 1.184e-09 
0.1311309868889819 808.7983097244693 5935.335204826066 2.312e-10 
0.1881688593262143 74.62228102521254 66.38796817432285 5.467e-08 
0.3480292347800118 921.6757831637206 291.96814564233773 1.254e-09 
0.2316945400920951 838.7104679151283 2721.4520671647642 6.712e-10 
0.13804280654308365 417.0834094257947 421.7594175151962 9.613e-10 
0.255895499508446 947.2525990849157 3487.7327844418837 6.421e-10 
0.24709221599052317 896.0810072497112 2730.335873143562 6.689e-10 
0.26848999931728545 835.7886499628788 2415.4072839265623 9.077e-10 
0.30693064845576834 809.212282581967 307.7206881185248 1.265e-09 
0.3336051632710965 813.0672473964223 494.7180485388071 1.481e-09 
0.06907381016043368 708.8381085667831 6080.66506365349 8.349e-11 
0.3275693121307143 808.2277410811175 1145.6518589624952 1.445e-09 
0.35164799775539823 868.6126782520106 1193.905842944685 1.442e-09 
0.26728781869303886 982.6306769966608 3474.9012484594277 6.51e-10 
0.17903303381563618 942.8051904685872 5082.511489973125 3.172e-10 
0.1679248438711653 804.4336024602397 3406.1411679383054 3.832e-10 
0.32388113171100147 969.4960617552059 1933.2173270810054 9.819e-10 
0.18951801148635622 900.6822688476659 4650.518052085669 3.895e-10 
0.17697773061103872 71.67929660379525 1781.4105394209828 5.236e-08 
0.41706799150847595 913.1506902385842 122.98497438066443 1.835e-09 
0.18956373391720527 895.9034969091269 4565.711359281491 3.938e-10 
0.14339504638929224 528.981877467981 1115.9490870970299 6.455e-10 
0.43954982168408047 911.4292367876559 28.14780844245888 2.046e-09 
0.3129654348475933 846.8127856570844 1552.3433271263616 1.201e-09 
0.3809760871026452 881.6006660404703 507.28440983061637 1.643e-09 
0.2012328358846256 908.3326055137481 3791.0195722638205 4.318e-10 
0.06413849725433729 698.0065130863154 6542.478809657096 7.423e-11 
0.12386976830922569 404.30093305605317 404.33086035707765 8.237e-10 
0.17294861977440323 904.0071626682985 5614.825719670352 3.22e-10 
0.22530616123942104 729.1932738070813 1861.6490438241894 8.394e-10 
0.4047408652504838 941.3037607273934 1138.0590862883346 1.627e-09 
0.07111572936002025 453.4176565790033 1462.548007737299 2.16e-10 
0.332109949962372 860.0478445801414 1450.2215441384574 1.312e-09 
0.338798692169406 882.2388382220267 1694.4930493057896 1.297e-09 
0.41745602966783635 955.9274229552259 834.7808037596137 1.678e-09 
0.3958585668511844 941.1221142786512 966.1122604979005 1.557e-09 
0.12990842608124725 761.3666803160822 4571.124528015685 2.56e-10 
0.3476645406127806 968.573123422625 1594.1067961597232 1.134e-09 
0.2816887412062762 903.0533007553355 2303.2840222484433 8.56e-10 
0.1881688593262143 74.62228102521254 497.2345720452222 5.467e-08 
0.1413809378189929 838.7104679151283 5187.917723669479 2.499e-10 
0.34974549717876985 990.9545937867758 1270.7453977593227 1.096e-09 
0.2732240276214424 680.1242604368784 229.10562812891203 1.419e-09 
0.31906915938645275 702.0795199104424 508.4610277678512 1.816e-09 
0.3523078779822009 866.1191934629223 1304.731382896035 1.455e-09 
0.26230399079139566 616.6364812468346 506.7540751911615 1.59e-09 
0.16828806889013614 588.7967549139769 1331.551075310584 7.178e-10 
0.06809474855874315 618.8034770183322 4367.456229325807 1.064e-10 
0.21341061263376054 73.96632128866594 4347.678568280257 7.156e-08 
0.3863547686745749 989.9797658896091 1286.9631956537487 1.34e-09 
0.3696983688028759 888.6573166465348 693.2563608835835 1.522e-09 
0.3490395115366621 916.3159867322283 583.3012636349058 1.276e-09 
0.22114502818666748 560.2873987622013 110.08240679817209 1.369e-09 
0.09636541071932819 313.8474905124426 334.48374705257174 8.261e-10 
0.2126820985285266 763.69428191104 2243.4526406890836 6.82e-10 
0.15819402269152488 720.9419152959364 3211.7426864359136 4.233e-10 
0.33439683536122233 913.7492787263266 1447.6306379952193 1.178e-09 
0.15126751979433184 874.9754522137457 4988.167907488086 2.629e-10 
0.34954882081339694 875.328254216428 1319.477893357739 1.403e-09 
0.3554260548871326 887.6863260353673 1363.4803165592734 1.41e-09 
0.2941279003529501 640.6242790860832 89.89530324844509 1.853e-09 
0.25911239254331664 841.1591440505706 2554.499976397155 8.346e-10 
0.31397960659849977 967.7150354531161 2538.44651257724 9.262e-10 
0.25810584140495424 808.9180158277164 1694.9560638909306 8.954e-10 
0.34061331840118136 819.1591773817785 1198.6761932478803 1.521e-09 
0.13080627058759758 715.7098170278613 3119.593494466685 2.937e-10 
0.08809242660443933 704.9388626291882 4629.464623426046 1.373e-10 
0.26851998427087187 610.6368527455351 180.88063014582167 1.699e-09 
0.3031946480313567 802.7485036540304 421.32823876366774 1.255e-09 
0.36187915710754187 844.773699394839 198.92210293482503 1.614e-09 
0.2553060812246468 961.6831939088504 2986.817834741246 6.201e-10 
0.31548400228342127 931.316919874947 1694.4930493057896 1.01e-09 
0.3528622502669118 862.8978826502439 342.94391100804205 1.471e-09 
0.12739943818612082 781.1596151900064 5038.618560751552 2.339e-10 
0.2923401333785095 902.3656507480653 2440.2655825001375 9.233e-10 
0.13448542064334812 617.5062907319565 2274.3325637052685 4.169e-10 
0.25618658160821867 902.1469599063439 2764.514858537762 7.094e-10 
0.034453311899764305 592.140551553354 7282.682748960405 2.975e-11 
0.31374339014502906 767.0263569055203 460.2008687534162 1.471e-09 
0.17059121903998348 569.8897960329334 1115.6361276062498 7.873e-10 
0.31906915938645275 744.2264277260427 693.6718490986218 1.616e-09 
0.10646233618816225 828.9608062913364 7808.447473937543 1.451e-10 
0.030352936014076015 572.9231782496951 7657.757547487242 2.466e-11 
0.13804280654308365 417.0834094257947 504.57495478049486 9.613e-10 
0.3448325564578296 742.520619828771 307.7206881185248 1.896e-09 
0.23387106211749115 963.3719735398884 3536.277807161925 5.185e-10 
0.16283657180169891 795.6444357713513 3380.14256747297 3.684e-10 
0.42745793834125745 949.184799431069 203.48125694783084 1.784e-09 
0.23141900878739935 532.1733914078806 110.08240679817209 1.661e-09 
0.35164799775539823 805.4671775748675 870.8092650754447 1.676e-09 
0.12450118160294354 819.4126246446212 6255.610520581807 2.03e-10 
0.3318841566982368 886.7996799034358 1275.5111249572888 1.232e-09 
