0.40112990290970607 936.3330040046444 236.95905748902214 2.28e-26 0.00703 0.466 0.232 0.023 0.225 
0.3172632195457421 884.6963955962975 1046.693094847497 2.13e-26 0.129 0.349 0.174 0.0192 0.17 
0.14334963797371186 936.8672783667396 6504.519446923938 3.36e-26 0.457 0.0403 0.0201 0.00198 0.0202 
0.47096489541759323 994.4182774703661 204.44048445360113 2.76e-26 0.00415 0.47 0.234 0.0206 0.226 
0.36445827460332586 846.9811046563507 90.58846141057074 2.28e-26 0.00155 0.47 0.234 0.028 0.226 
0.048437788577111895 672.0516747418148 7495.103915956957 3.51e-26 0.491 0.00857 0.00426 0.000787 0.00439 
0.3275693121307143 913.3734307920361 1215.747393686203 2.23e-26 0.146 0.333 0.166 0.0172 0.162 
0.25720720191292934 938.76084762907 3031.9458550219524 3.05e-26 0.348 0.143 0.0711 0.00699 0.0702 
0.24270177681667898 651.833507490101 318.92761569674985 1.92e-26 0.049 0.418 0.208 0.0406 0.203 
0.15126751979433184 874.9754522137457 5694.357236723757 4.33e-26 0.457 0.04 0.0199 0.00224 0.02 
0.3622375566553191 979.6339521001021 2220.3244142275976 3.43e-26 0.255 0.231 0.115 0.0104 0.112 
0.2751475513694298 687.4520447906339 250.31208883963473 2.1e-26 0.0257 0.442 0.219 0.0389 0.213 
0.14339504638929224 524.6236217669333 1115.9490870970299 3.93e-26 0.379 0.11 0.0543 0.0156 0.0548 
0.24742973758175113 958.5329123137826 4699.04272389839 4.99e-26 0.418 0.0774 0.0386 0.00364 0.0382 
0.12602589490831062 706.8251474428157 3541.8202379619665 4.24e-26 0.453 0.0434 0.0216 0.00363 0.0218 
0.05681381921089257 556.04000974574 4573.313982366845 5.65e-26 0.488 0.0107 0.00528 0.00137 0.00551 
0.06926769302094093 583.3348082630719 3573.603171197876 3.93e-26 0.477 0.0207 0.0103 0.00245 0.0106 
0.3410555964304308 925.7162136924634 2300.962247133115 4.01e-26 0.292 0.196 0.0978 0.00988 0.0953 
0.33747371436394197 903.2558785837916 1256.722707136551 2.51e-26 0.158 0.322 0.161 0.017 0.157 
0.16643471914895608 883.9354521446289 4527.958355207987 3.29e-26 0.433 0.0625 0.0311 0.00343 0.0311 
0.22425193638701396 844.773699394839 3255.6552860311544 4.38e-26 0.401 0.0931 0.0464 0.00558 0.0459 
0.2388667288769349 570.3945814979321 425.23424404413663 2.93e-26 0.124 0.346 0.171 0.0426 0.167 
0.34693610877871334 978.6676950240974 2256.013629284273 3.21e-26 0.26 0.227 0.113 0.0103 0.111 
0.22187113444268403 572.649971494647 42.09224785039987 1.89e-26 0.00158 0.458 0.227 0.056 0.222 
0.33202868645447015 810.6307500007177 1116.5249262917341 3.23e-26 0.18 0.301 0.15 0.0195 0.145 
0.3941439461639792 926.1548982849708 1287.5994900046635 3.2e-26 0.153 0.328 0.164 0.0165 0.158 
0.13513104489682382 694.9682179208628 2905.898989661495 3.76e-26 0.437 0.0581 0.0289 0.00502 0.0291 
0.28479083830805196 952.4588248361886 3372.053249244624 4.05e-26 0.364 0.128 0.0637 0.00609 0.0627 
0.21913487466178322 868.0208371320182 3545.513531801915 4.17e-26 0.405 0.0886 0.0441 0.00504 0.0438 
0.2731987311776959 616.6364812468346 506.7540751911615 3.29e-26 0.128 0.345 0.171 0.037 0.165 
0.4786523174612151 995.1933944104403 368.1381053551081 2.9e-26 0.0132 0.462 0.23 0.0202 0.221 
0.2487461075469662 835.7886499628788 1759.878603377958 2.44e-26 0.276 0.21 0.105 0.0128 0.103 
0.4263740550319546 976.6507624946757 990.8457505508713 2.82e-26 0.087 0.391 0.195 0.0178 0.188 
0.36917120316215785 857.7026412422746 169.84434248178104 2.3e-26 0.00514 0.466 0.232 0.0272 0.225 
0.16283657180169891 824.4552754269489 3795.6921598129506 3.4e-26 0.429 0.0665 0.0331 0.00417 0.0331 
0.37227815642470574 989.0673515139509 693.2563608835835 1.91e-26 0.0446 0.431 0.215 0.0191 0.209 
0.38144885068066503 966.1051999424323 1221.1527792896172 2.55e-26 0.125 0.354 0.177 0.0164 0.172 
0.4253125451077066 994.4182774703661 16.988548708281087 2.24e-26 -1 0.474 0.236 0.0208 0.229 
0.3490395115366621 878.4142873433674 1733.0136034400389 3.85e-26 0.248 0.238 0.118 0.0132 0.115 
0.35164799775539823 868.6126782520106 668.3263725281981 2.32e-26 0.0663 0.409 0.204 0.0232 0.197 
0.10987628392253523 566.2867649742415 1951.1539196412195 3.85e-26 0.438 0.0565 0.028 0.00705 0.0286 
0.1469886435939025 917.1896314932092 6961.627806696904 4.53e-26 0.465 0.0329 0.0164 0.00168 0.0164 
0.2742978288803322 650.4952837252546 89.89530324844509 2.23e-26 0.00432 0.46 0.229 0.0448 0.221 
0.2705917829181558 835.7875846107243 2389.985765479193 4.23e-26 0.347 0.143 0.0714 0.00877 0.0701 
0.37281245412866515 943.4675903731631 122.98497438066443 1.92e-26 0.00185 0.471 0.235 0.0228 0.228 
0.24823763903448437 688.8069408019637 753.9713330067761 2.4e-26 0.164 0.312 0.155 0.0274 0.152 
0.3816907664070067 876.4103817421807 498.5840106485007 2.52e-26 0.038 0.436 0.217 0.0244 0.21 
0.14339504638929224 528.7929415516644 1115.9490870970299 3.77e-26 0.376 0.112 0.0557 0.0158 0.0561 
0.26494249620567234 883.8780937097636 3127.5628734069123 4.55e-26 0.378 0.114 0.0569 0.00628 0.056 
0.29073753309343264 951.8368082752386 2538.44651257724 2.9e-26 0.302 0.187 0.093 0.0089 0.0914 
0.15696124608289613 689.1039299369552 2663.1513269202683 4.57e-26 0.429 0.0657 0.0326 0.00576 0.0327 
0.06276248094696096 522.2777413193737 3233.5095022404334 5.1e-26 0.482 0.0163 0.00808 0.00234 0.00845 
0.1328389570418203 764.7400549104808 4870.997804462404 5.4e-26 0.465 0.0324 0.0161 0.00234 0.0162 
0.4247440146771656 941.3037607273934 292.9409261779697 2.55e-26 0.0105 0.463 0.231 0.0226 0.223 
0.24522013411785115 735.9582153461096 1840.2290107831923 4.45e-26 0.345 0.144 0.0717 0.0112 0.0704 
0.24126449761062296 807.5261952304977 2402.0208706196377 4.01e-26 0.362 0.129 0.0642 0.00842 0.0633 
0.12739943818612082 781.1596151900064 5178.230534802526 4.92e-26 0.466 0.0313 0.0156 0.00217 0.0157 
0.34250358546817533 933.7265240375837 965.3538899105283 2.05e-26 0.0964 0.381 0.19 0.0189 0.185 
0.1311309868889819 808.7983097244693 5935.335204826066 5.51e-26 0.47 0.0276 0.0137 0.0018 0.0138 
0.1881688593262143 74.62228102521254 66.38796817432285 1.35e-26 -1 -1 -1 -1 -1 
0.3480292347800118 921.6757831637206 291.96814564233773 1.79e-26 0.0112 0.461 0.23 0.0234 0.224 
0.2316945400920951 838.7104679151283 2721.4520671647642 3.68e-26 0.372 0.12 0.0598 0.0073 0.0591 
0.13804280654308365 417.0834094257947 421.7594175151962 2.96e-26 0.266 0.213 0.105 0.0438 0.106 
0.255895499508446 947.2525990849157 3487.7327844418837 3.54e-26 0.373 0.12 0.0596 0.00576 0.0589 
0.24709221599052317 896.0810072497112 2730.335873143562 3.04e-26 0.346 0.145 0.0722 0.00776 0.0713 
0.26848999931728545 835.7886499628788 2415.4072839265623 4.23e-26 0.349 0.141 0.0704 0.00864 0.0691 
0.30693064845576834 809.212282581967 307.7206881185248 1.85e-26 0.0206 0.45 0.224 0.0292 0.218 
0.3336051632710965 813.0672473964223 494.7180485388071 2.3e-26 0.0491 0.424 0.211 0.0273 0.204 
0.06907381016043368 708.8381085667831 6080.66506365349 3.46e-26 0.483 0.0159 0.00789 0.00132 0.00808 
0.3275693121307143 808.2277410811175 1145.6518589624952 3.24e-26 0.187 0.294 0.146 0.0191 0.142 
0.35164799775539823 868.6126782520106 1193.905842944685 3e-26 0.164 0.317 0.158 0.018 0.153 
0.26728781869303886 982.6306769966608 3474.9012484594277 3.2e-26 0.358 0.134 0.0668 0.00601 0.0659 
0.17903303381563618 942.8051904685872 5082.511489973125 3.26e-26 0.432 0.064 0.0319 0.00311 0.0318 
0.1679248438711653 804.4336024602397 3406.1411679383054 3.43e-26 0.421 0.0735 0.0366 0.00483 0.0366 
0.32388113171100147 969.4960617552059 1933.2173270810054 2.5e-26 0.226 0.259 0.129 0.0119 0.126 
0.18951801148635622 900.6822688476659 4650.518052085669 4.03e-26 0.432 0.0637 0.0317 0.00338 0.0316 
0.17697773061103872 71.67929660379525 1781.4105394209828 2.19e-26 -1 -1 -1 -1 -1 
0.41706799150847595 913.1506902385842 122.98497438066443 2.57e-26 0.00211 0.471 0.235 0.0243 0.226 
0.18956373391720527 895.9034969091269 4565.711359281491 4.02e-26 0.431 0.0645 0.0321 0.00346 0.032 
0.14339504638929224 528.981877467981 1115.9490870970299 3.77e-26 0.376 0.113 0.0557 0.0158 0.0562 
0.43954982168408047 911.4292367876559 28.14780844245888 2.85e-26 0.000112 0.473 0.236 0.0245 0.226 
0.3129654348475933 846.8127856570844 1552.3433271263616 3.22e-26 0.238 0.246 0.123 0.0147 0.119 
0.3809760871026452 881.6006660404703 507.28440983061637 2.48e-26 0.0383 0.436 0.217 0.0241 0.21 
0.2012328358846256 908.3326055137481 3791.0195722638205 3.09e-26 0.402 0.0922 0.0459 0.00481 0.0457 
0.06413849725433729 698.0065130863154 6542.478809657096 3.76e-26 0.486 0.013 0.00645 0.00111 0.00661 
0.12386976830922569 404.30093305605317 404.33086035707765 2.6e-26 0.271 0.207 0.102 0.0447 0.105 
0.17294861977440323 904.0071626682985 5614.825719670352 4.59e-26 0.451 0.0462 0.023 0.00244 0.023 
0.22530616123942104 729.1932738070813 1861.6490438241894 4e-26 0.352 0.138 0.0687 0.0109 0.0678 
0.4047408652504838 941.3037607273934 1138.0590862883346 2.99e-26 0.122 0.358 0.178 0.0174 0.172 
0.07111572936002025 453.4176565790033 1462.548007737299 3.34e-26 0.454 0.0424 0.0209 0.00767 0.022 
0.332109949962372 860.0478445801414 1450.2215441384574 3.21e-26 0.214 0.269 0.134 0.0156 0.13 
0.338798692169406 882.2388382220267 1694.4930493057896 3.49e-26 0.24 0.245 0.122 0.0135 0.119 
0.41745602966783635 955.9274229552259 834.7808037596137 2.72e-26 0.0701 0.407 0.203 0.0193 0.196 
0.3958585668511844 941.1221142786512 966.1122604979005 2.67e-26 0.0942 0.384 0.191 0.0187 0.185 
0.12990842608124725 761.3666803160822 4571.124528015685 4.71e-26 0.461 0.0358 0.0178 0.00261 0.0179 
0.3476645406127806 968.573123422625 1594.1067961597232 2.47e-26 0.18 0.302 0.151 0.0139 0.147 
0.2816887412062762 903.0533007553355 2303.2840222484433 3.06e-26 0.304 0.184 0.0919 0.00974 0.0903 
0.1881688593262143 74.62228102521254 497.2345720452222 1.35e-26 -1 -1 -1 -1 -1 
0.1413809378189929 838.7104679151283 5187.917723669479 4.05e-26 0.457 0.0406 0.0202 0.00247 0.0203 
0.34974549717876985 990.9545937867758 1270.7453977593227 2.03e-26 0.123 0.356 0.178 0.0157 0.174 
0.2732240276214424 680.1242604368784 229.10562812891203 2.1e-26 0.0226 0.444 0.221 0.0399 0.214 
0.31906915938645275 702.0795199104424 508.4610277678512 3.09e-26 0.0856 0.387 0.192 0.0328 0.185 
0.3523078779822009 866.1191934629223 1304.731382896035 3.23e-26 0.185 0.296 0.148 0.0169 0.143 
0.26230399079139566 616.6364812468346 506.7540751911615 3.04e-26 0.128 0.345 0.171 0.037 0.166 
0.16828806889013614 588.7967549139769 1331.551075310584 3.94e-26 0.369 0.12 0.0594 0.014 0.0593 
0.06809474855874315 618.8034770183322 4367.456229325807 3.95e-26 0.481 0.0177 0.00879 0.00189 0.00907 
0.21341061263376054 73.96632128866594 4347.678568280257 1.96e-26 -1 -1 -1 -1 -1 
0.3863547686745749 989.9797658896091 1286.9631956537487 2.49e-26 0.126 0.354 0.176 0.0157 0.172 
0.3696983688028759 888.6573166465348 693.2563608835835 2.44e-26 0.0653 0.41 0.204 0.0223 0.198 
0.3490395115366621 916.3159867322283 583.3012636349058 1.95e-26 0.043 0.431 0.215 0.0221 0.209 
0.22114502818666748 560.2873987622013 110.08240679817209 2.01e-26 0.0115 0.448 0.222 0.0569 0.217 
0.09636541071932819 313.8474905124426 334.48374705257174 3.95e-26 0.343 0.136 0.0662 0.0398 0.0713 
0.2126820985285266 763.69428191104 2243.4526406890836 3.72e-26 0.37 0.121 0.0601 0.00875 0.0595 
0.15819402269152488 720.9419152959364 3211.7426864359136 5.02e-26 0.44 0.0555 0.0276 0.00448 0.0277 
0.33439683536122233 913.7492787263266 1447.6306379952193 2.61e-26 0.185 0.297 0.148 0.0153 0.145 
0.15126751979433184 874.9754522137457 4988.167907488086 3.41e-26 0.446 0.0508 0.0253 0.00285 0.0254 
0.34954882081339694 875.328254216428 1319.477893357739 3.09e-26 0.183 0.299 0.149 0.0167 0.144 
0.3554260548871326 887.6863260353673 1363.4803165592734 3.12e-26 0.184 0.298 0.148 0.0162 0.144 
0.2941279003529501 640.6242790860832 89.89530324844509 2.65e-26 0.0046 0.46 0.229 0.0461 0.22 
0.25911239254331664 841.1591440505706 2554.499976397155 4.13e-26 0.358 0.133 0.0662 0.00803 0.0651 
0.31397960659849977 967.7150354531161 2538.44651257724 3.14e-26 0.294 0.194 0.0968 0.00898 0.0949 
0.25810584140495424 808.9180158277164 1694.9560638909306 2.9e-26 0.283 0.204 0.101 0.0132 0.0996 
0.34061331840118136 819.1591773817785 1198.6761932478803 3.45e-26 0.192 0.29 0.144 0.0184 0.14 
0.13080627058759758 715.7098170278613 3119.593494466685 3.39e-26 0.438 0.057 0.0283 0.00466 0.0286 
0.08809242660443933 704.9388626291882 4629.464623426046 3.45e-26 0.472 0.0262 0.013 0.0022 0.0133 
0.26851998427087187 610.6368527455351 180.88063014582167 2.53e-26 0.0217 0.442 0.22 0.0483 0.212 
0.3031946480313567 802.7485036540304 421.32823876366774 1.91e-26 0.0383 0.433 0.216 0.0286 0.21 
0.36187915710754187 844.773699394839 198.92210293482503 2.29e-26 0.00745 0.464 0.231 0.0278 0.223 
0.2553060812246468 961.6831939088504 2986.817834741246 2.62e-26 0.335 0.156 0.0776 0.00728 0.0766 
0.31548400228342127 931.316919874947 1694.4930493057896 2.46e-26 0.213 0.27 0.135 0.0135 0.132 
0.3528622502669118 862.8978826502439 342.94391100804205 2.14e-26 0.0198 0.452 0.225 0.026 0.218 
0.12739943818612082 781.1596151900064 5038.618560751552 4.68e-26 0.465 0.0329 0.0164 0.00229 0.0165 
0.2923401333785095 902.3656507480653 2440.2655825001375 3.55e-26 0.318 0.171 0.0854 0.00906 0.0838 
0.13448542064334812 617.5062907319565 2274.3325637052685 4.66e-26 0.436 0.0588 0.0292 0.00629 0.0294 
0.25618658160821867 902.1469599063439 2764.514858537762 3.22e-26 0.346 0.145 0.0723 0.00767 0.0713 
0.034453311899764305 592.140551553354 7282.682748960405 3.57e-26 0.494 0.00548 0.00272 0.000632 0.00284 
0.31374339014502906 767.0263569055203 460.2008687534162 2.31e-26 0.0531 0.419 0.208 0.0301 0.202 
0.17059121903998348 569.8897960329334 1115.6361276062498 3.69e-26 0.346 0.14 0.0696 0.0173 0.0694 
0.31906915938645275 744.2264277260427 693.6718490986218 2.96e-26 0.117 0.359 0.179 0.0273 0.172 
0.10646233618816225 828.9608062913364 7808.447473937543 5.31e-26 0.481 0.018 0.00896 0.00112 0.00906 
0.030352936014076015 572.9231782496951 7657.757547487242 3.72e-26 0.495 0.00435 0.00216 0.000532 0.00227 
0.13804280654308365 417.0834094257947 504.57495478049486 3.64e-26 0.31 0.173 0.0851 0.0356 0.0865 
0.3448325564578296 742.520619828771 307.7206881185248 2.82e-26 0.0286 0.442 0.22 0.0338 0.211 
0.23387106211749115 963.3719735398884 3536.277807161925 2.77e-26 0.369 0.123 0.0614 0.00575 0.0609 
0.16283657180169891 795.6444357713513 3380.14256747297 3.38e-26 0.423 0.0717 0.0357 0.00481 0.0357 
0.42745793834125745 949.184799431069 203.48125694783084 2.51e-26 0.00493 0.469 0.234 0.0225 0.225 
0.23141900878739935 532.1733914078806 110.08240679817209 2.46e-26 0.0141 0.444 0.22 0.0617 0.213 
0.35164799775539823 805.4671775748675 870.8092650754447 3.17e-26 0.13 0.348 0.173 0.0228 0.167 
0.12450118160294354 819.4126246446212 6255.610520581807 5.09e-26 0.472 0.0263 0.0131 0.00167 0.0132 
0.3318841566982368 886.7996799034358 1275.5111249572888 2.6e-26 0.169 0.312 0.155 0.017 0.151 
