1.250000000000000000e+02 7.000000000000000666e-02 6.026464263660459564e-02 2.862308977396329510e+02 4.594126754901569143e+02 1.731999999999999886e+02
1.250000000000000000e+02 7.000000000000000666e-02 3.145342270319427536e-02 1.713198862239860318e+02 1.972327200460958352e+02 1.731999999999999886e+02
1.250000000000000000e+02 7.000000000000000666e-02 4.840917817142273427e-02 1.037981325632772069e+02 4.162594561932828583e+02 1.731999999999999886e+02
1.250000000000000000e+02 7.000000000000000666e-02 3.847906529262783148e-02 1.708984810571639628e+02 1.481998550818861133e+02 1.731999999999999886e+02
1.250000000000000000e+02 7.000000000000000666e-02 1.185840296157848923e-02 1.700763107983386533e+02 5.558131503226102268e+02 1.731999999999999886e+02
1.250000000000000000e+02 7.000000000000000666e-02 1.122814426490556690e-02 1.678718875516797482e+02 5.555130589088037141e+02 1.731999999999999886e+02
1.250000000000000000e+02 7.000000000000000666e-02 6.683671164382433416e-02 2.901388317041950131e+02 3.910545827305432454e+02 1.731999999999999886e+02
1.250000000000000000e+02 7.000000000000000666e-02 1.186527739255182484e-02 1.173636490670940020e+02 7.417469122169775346e+02 1.731999999999999886e+02
1.250000000000000000e+02 7.000000000000000666e-02 8.290795229537670230e-02 2.913199508126770070e+02 2.982632191057395517e+02 1.731999999999999886e+02
1.250000000000000000e+02 7.000000000000000666e-02 1.989489395083655215e-02 2.287061502146450209e+02 8.050399171641836347e+02 1.731999999999999886e+02
1.250000000000000000e+02 7.000000000000000666e-02 5.678006024214404118e-02 2.703743328439485367e+02 4.006972681902753948e+02 1.731999999999999886e+02
1.250000000000000000e+02 7.000000000000000666e-02 3.913576187067065865e-02 2.979901212444800649e+02 8.427788256250646555e+02 1.731999999999999886e+02
1.250000000000000000e+02 7.000000000000000666e-02 2.426011470216458271e-02 2.605095981046191014e+02 9.356046468088717347e+02 1.731999999999999886e+02
1.250000000000000000e+02 7.000000000000000666e-02 1.034498702217404725e-02 1.585190585429716634e+02 5.052439486513717384e+02 1.731999999999999886e+02
1.250000000000000000e+02 7.000000000000000666e-02 6.914588741213660572e-02 1.603703869705486227e+02 2.728715524703877549e+01 1.731999999999999886e+02
1.250000000000000000e+02 7.000000000000000666e-02 8.187525250420439604e-02 2.577502736120469535e+02 1.818533602662386670e+02 1.731999999999999886e+02
1.250000000000000000e+02 7.000000000000000666e-02 3.983552569004022992e-02 1.082572459292508995e+02 4.682290369295572532e+02 1.731999999999999886e+02
1.250000000000000000e+02 7.000000000000000666e-02 3.390074746630923619e-02 2.043363755906633514e+02 3.186537245287887572e+02 1.731999999999999886e+02
1.250000000000000000e+02 7.000000000000000666e-02 8.717555827955952852e-02 2.550724453696063279e+02 1.296171105740935445e+02 1.731999999999999886e+02
1.250000000000000000e+02 7.000000000000000666e-02 7.605272259955736525e-02 2.736242871407658868e+02 2.881816392357055747e+02 1.731999999999999886e+02
1.250000000000000000e+02 7.000000000000000666e-02 7.449032291922670634e-02 2.427185177423916969e+02 1.652756905378550130e+02 1.731999999999999886e+02
1.250000000000000000e+02 7.000000000000000666e-02 4.026142003634016614e-02 1.210026585195550268e+02 1.085845429788985967e+02 1.731999999999999886e+02
1.250000000000000000e+02 7.000000000000000666e-02 4.190536452564409819e-02 1.702445697164506839e+02 1.343857689580793249e+02 1.731999999999999886e+02
1.250000000000000000e+02 7.000000000000000666e-02 7.054641366343249176e-02 1.960742690647249162e+02 7.517724398260432395e+01 1.731999999999999886e+02
1.250000000000000000e+02 7.000000000000000666e-02 5.312092761800027430e-02 1.138570051126670535e+02 1.023122417630867460e+02 1.731999999999999886e+02
1.250000000000000000e+02 7.000000000000000666e-02 6.044231256167850730e-02 2.721928174518543528e+02 4.050082018002420341e+02 1.731999999999999886e+02
1.250000000000000000e+02 7.000000000000000666e-02 1.484878074885645147e-02 1.760957520248914534e+02 4.943473314382137005e+02 1.731999999999999886e+02
1.250000000000000000e+02 7.000000000000000666e-02 4.395552081796517963e-02 1.107919917234425782e+02 2.712790012912394104e+02 1.731999999999999886e+02
1.250000000000000000e+02 7.000000000000000666e-02 4.379317033870749193e-02 2.998263451433014097e+02 7.900957323436980460e+02 1.731999999999999886e+02
1.250000000000000000e+02 7.000000000000000666e-02 3.476012589033299766e-02 1.667965037046380132e+02 1.614785731842135874e+02 1.731999999999999886e+02
1.250000000000000000e+02 7.000000000000000666e-02 4.511114512132607252e-02 2.879403856407474223e+02 6.942005284189391432e+02 1.731999999999999886e+02
1.250000000000000000e+02 7.000000000000000666e-02 1.086210504658498416e-01 2.864312045823490394e+02 1.253834915391561537e+02 1.731999999999999886e+02
1.250000000000000000e+02 7.000000000000000666e-02 9.718797961486509707e-02 2.904147972140093543e+02 1.798558360450035707e+02 1.731999999999999886e+02
1.250000000000000000e+02 7.000000000000000666e-02 2.201282043420792200e-02 1.195367059065016946e+02 3.068726989347653671e+02 1.731999999999999886e+02
1.250000000000000000e+02 7.000000000000000666e-02 6.979453207773488044e-02 1.660567971691622233e+02 2.292116525203918798e+01 1.731999999999999886e+02
1.250000000000000000e+02 7.000000000000000666e-02 5.306604284174942093e-02 2.540818779812928767e+02 3.534260074765331865e+02 1.731999999999999886e+02
1.250000000000000000e+02 7.000000000000000666e-02 8.581468346476398001e-02 2.240670512808260071e+02 6.287841974993900607e+01 1.731999999999999886e+02
1.250000000000000000e+02 7.000000000000000666e-02 2.325516039353926062e-02 2.498909924913227485e+02 8.839961649327472060e+02 1.731999999999999886e+02
1.250000000000000000e+02 7.000000000000000666e-02 2.335200487927827084e-02 1.954961234283697991e+02 4.034108200932645332e+02 1.731999999999999886e+02
1.250000000000000000e+02 7.000000000000000666e-02 5.379713290326758324e-02 1.295663910403693819e+02 3.287588250839139903e+01 1.731999999999999886e+02
1.250000000000000000e+02 7.000000000000000666e-02 1.010011177430666096e-01 2.672832279386796586e+02 8.160873943066263791e+01 1.731999999999999886e+02
1.250000000000000000e+02 7.000000000000000666e-02 4.142056461043273907e-02 1.244230253847786969e+02 7.070919608756274499e+01 1.731999999999999886e+02
1.250000000000000000e+02 7.000000000000000666e-02 3.310516629898958840e-02 2.345029647071662282e+02 5.123616507688647062e+02 1.731999999999999886e+02
1.250000000000000000e+02 7.000000000000000666e-02 1.105777677661676089e-01 2.867104235589594055e+02 1.195629837434005935e+02 1.731999999999999886e+02
1.250000000000000000e+02 7.000000000000000666e-02 1.189213248167626108e-01 2.987891740688501727e+02 9.617274998961200083e+01 1.731999999999999886e+02
1.250000000000000000e+02 7.000000000000000666e-02 7.585665368828216348e-02 1.695470139118145880e+02 1.701914105418200407e+01 1.731999999999999886e+02
1.250000000000000000e+02 7.000000000000000666e-02 5.210231585070623089e-02 2.751145095651610291e+02 4.761344997865589335e+02 1.731999999999999886e+02
1.250000000000000000e+02 7.000000000000000666e-02 5.466720225608995287e-02 2.453570100812353587e+02 3.013629952068529860e+02 1.731999999999999886e+02
