1.250000000000000000e+02 7.000000000000000666e-02 1.539686275599485010e-01 4.122101769922238077e+02 2.790019253449902408e+02 1.731999999999999886e+02
1.250000000000000000e+02 7.000000000000000666e-02 1.689977937089899851e-01 4.230912906574382077e+02 1.971119759256597774e+02 1.731999999999999886e+02
1.250000000000000000e+02 7.000000000000000666e-02 6.957729050036982887e-02 3.692774225215754313e+02 8.733237226365989727e+02 1.731999999999999886e+02
1.250000000000000000e+02 7.000000000000000666e-02 5.292089414428646776e-02 4.055974858634371003e+02 1.654903612233142439e+03 1.731999999999999886e+02
1.250000000000000000e+02 7.000000000000000666e-02 4.017166732568488996e-02 4.741600275139414293e+02 3.539064769135497500e+03 1.731999999999999886e+02
1.250000000000000000e+02 7.000000000000000666e-02 1.639135415165673959e-02 4.721053901488772340e+02 8.885516107731977172e+03 1.731999999999999886e+02
1.250000000000000000e+02 7.000000000000000666e-02 3.289924722593508960e-02 2.516888622896449306e+02 6.070545939478307673e+02 1.731999999999999886e+02
1.250000000000000000e+02 7.000000000000000666e-02 4.397199702293506235e-02 3.737704690443231925e+02 1.639769820398585352e+03 1.731999999999999886e+02
1.250000000000000000e+02 7.000000000000000666e-02 1.229830179224507443e-02 4.454161788607413541e+02 9.640366624423009853e+03 1.731999999999999886e+02
1.250000000000000000e+02 7.000000000000000666e-02 1.905800157598402933e-01 4.459188590733560318e+02 1.657546929428721967e+02 1.731999999999999886e+02
1.250000000000000000e+02 7.000000000000000666e-02 1.080741065483012929e-02 2.574471504381610885e+02 2.063109359602275163e+03 1.731999999999999886e+02
1.250000000000000000e+02 7.000000000000000666e-02 1.701277322452181828e-01 4.217885318842556330e+02 1.229112854703197115e+02 1.731999999999999886e+02
1.250000000000000000e+02 7.000000000000000666e-02 9.587760587685808730e-03 2.957399441144488037e+02 3.573149923259796651e+03 1.731999999999999886e+02
1.250000000000000000e+02 7.000000000000000666e-02 4.134348214189915299e-03 3.125725052451134616e+02 9.970572154895440690e+03 1.731999999999999886e+02
1.250000000000000000e+02 7.000000000000000666e-02 8.593456738388138144e-03 1.031879498359691354e+02 5.957283616595190324e+03 1.731999999999999886e+02
1.250000000000000000e+02 7.000000000000000666e-02 3.761125920555541229e-03 2.859445052153945426e+02 8.863147505421789901e+03 1.731999999999999886e+02
1.250000000000000000e+02 7.000000000000000666e-02 2.327500776214140241e-02 4.986129225171681583e+02 7.519795862493258937e+03 1.731999999999999886e+02
1.250000000000000000e+02 7.000000000000000666e-02 1.167356602923566022e-01 3.250039143943196223e+02 1.814482127505443998e+02 1.731999999999999886e+02
1.250000000000000000e+02 7.000000000000000666e-02 1.987797285002490533e-02 3.344861715155306001e+02 2.538420996641177226e+03 1.731999999999999886e+02
1.250000000000000000e+02 7.000000000000000666e-02 1.538313171831220405e-01 4.476339670931146202e+02 5.120570058560816733e+02 1.731999999999999886e+02
1.250000000000000000e+02 7.000000000000000666e-02 3.789417023537230284e-02 2.728777434777207418e+02 6.662432123750187429e+02 1.731999999999999886e+02
1.250000000000000000e+02 7.000000000000000666e-02 9.886477721924977202e-02 4.187565022441124256e+02 8.978608178443788574e+02 1.731999999999999886e+02
1.250000000000000000e+02 7.000000000000000666e-02 5.516898618180500480e-02 3.934796225135165741e+02 1.398626481160728872e+03 1.731999999999999886e+02
1.250000000000000000e+02 7.000000000000000666e-02 6.076562734243806663e-02 2.330062402961536918e+02 2.137878370057131576e+02 1.731999999999999886e+02
1.250000000000000000e+02 7.000000000000000666e-02 2.834750560769291883e-02 3.281148486215463436e+02 1.745024125416986863e+03 1.731999999999999886e+02
1.250000000000000000e+02 7.000000000000000666e-02 1.516708563599032944e-01 4.213656880580455777e+02 3.253828250149649648e+02 1.731999999999999886e+02
1.250000000000000000e+02 7.000000000000000666e-02 2.053525229233869182e-02 2.961230455577082807e+02 1.721028087589605320e+03 1.731999999999999886e+02
1.250000000000000000e+02 7.000000000000000666e-02 6.617115907605208847e-02 3.781595675863460428e+02 1.051931465361112487e+03 1.731999999999999886e+02
1.250000000000000000e+02 7.000000000000000666e-02 1.523245129687487154e-01 4.271681777119760568e+02 3.260402668932335359e+02 1.731999999999999886e+02
1.250000000000000000e+02 7.000000000000000666e-02 1.197859830750271221e-01 4.992404377635673427e+02 1.220489318888064645e+03 1.731999999999999886e+02
1.250000000000000000e+02 7.000000000000000666e-02 1.479493233119718448e-02 2.292459916378327875e+02 1.103285931681585453e+03 1.731999999999999886e+02
1.250000000000000000e+02 7.000000000000000666e-02 1.975855211784133605e-02 4.922187552489605764e+02 8.407361236815073426e+03 1.731999999999999886e+02
1.250000000000000000e+02 7.000000000000000666e-02 5.537116796749035758e-02 4.686197914982783459e+02 2.402688585513899397e+03 1.731999999999999886e+02
1.250000000000000000e+02 7.000000000000000666e-02 1.751129070464704438e-02 4.383831627626225895e+02 6.591684666565554835e+03 1.731999999999999886e+02
1.250000000000000000e+02 7.000000000000000666e-02 7.811942227333744382e-02 3.307515462829713897e+02 5.121983545632682535e+02 1.731999999999999886e+02
1.250000000000000000e+02 7.000000000000000666e-02 8.992650413090345907e-02 3.455736193260398181e+02 4.786440176022894093e+02 1.731999999999999886e+02
1.250000000000000000e+02 7.000000000000000666e-02 1.990047712848497241e-01 4.868390131455225855e+02 1.726252812005782573e+02 1.731999999999999886e+02
1.250000000000000000e+02 7.000000000000000666e-02 1.695070035380555895e-01 4.098614626026528072e+02 6.188720748376869096e+01 1.731999999999999886e+02
1.250000000000000000e+02 7.000000000000000666e-02 1.257572648740177546e-01 3.882132412914084512e+02 4.015474221611434587e+02 1.731999999999999886e+02
1.250000000000000000e+02 7.000000000000000666e-02 5.823689865500650958e-02 3.159550653359715966e+02 6.741547626355501279e+02 1.731999999999999886e+02
1.250000000000000000e+02 7.000000000000000666e-02 1.632268328670577195e-01 3.865394530362788714e+02 1.244232910021115828e+02 1.731999999999999886e+02
1.250000000000000000e+02 7.000000000000000666e-02 1.072625178461164425e-01 3.526990707375733791e+02 4.065516708280807734e+02 1.731999999999999886e+02
1.250000000000000000e+02 7.000000000000000666e-02 1.364677260132809433e-01 4.660819913111207597e+02 7.297406458064170920e+02 1.731999999999999886e+02
1.250000000000000000e+02 7.000000000000000666e-02 1.009642371985724207e-01 4.047411794473036935e+02 7.488452796635241384e+02 1.731999999999999886e+02
1.250000000000000000e+02 7.000000000000000666e-02 1.971873128525091501e-01 4.832003401327567644e+02 3.050063793426779739e+02 1.731999999999999886e+02
1.250000000000000000e+02 7.000000000000000666e-02 4.851514410622263102e-02 3.111587281449113789e+02 7.709981243940733293e+02 1.731999999999999886e+02
1.250000000000000000e+02 7.000000000000000666e-02 5.306576540717874990e-02 3.427071959413102604e+02 9.895320234993122313e+02 1.731999999999999886e+02
1.250000000000000000e+02 7.000000000000000666e-02 1.418395486707821063e-01 3.562788107032775997e+02 1.193457404515648506e+02 1.731999999999999886e+02
1.250000000000000000e+02 7.000000000000000666e-02 6.934924382433398093e-02 3.495273522948416485e+02 7.685698454589398807e+02 1.731999999999999886e+02
1.250000000000000000e+02 7.000000000000000666e-02 7.053617505841211499e-02 3.527693971439779830e+02 7.947076262490078307e+02 1.731999999999999886e+02
1.250000000000000000e+02 7.000000000000000666e-02 8.942488984922855599e-02 2.659008201080934555e+02 1.752865896740476046e+02 1.731999999999999886e+02
1.250000000000000000e+02 7.000000000000000666e-02 7.573067763469436275e-02 3.537465402316448149e+02 6.920079087908060274e+02 1.731999999999999886e+02
1.250000000000000000e+02 7.000000000000000666e-02 1.867621642301820206e-01 4.500499534028110133e+02 2.944585485875984077e+01 1.731999999999999886e+02
1.250000000000000000e+02 7.000000000000000666e-02 1.072790910828603644e-01 4.369981451583325907e+02 8.612965690484570587e+02 1.731999999999999886e+02
1.250000000000000000e+02 7.000000000000000666e-02 9.706424712443408043e-02 3.260024391207685994e+02 3.231719448541406337e+02 1.731999999999999886e+02
1.250000000000000000e+02 7.000000000000000666e-02 1.553408875293952884e-01 4.921578813870669933e+02 7.380742379245156144e+02 1.731999999999999886e+02
1.250000000000000000e+02 7.000000000000000666e-02 5.879783069633343073e-02 3.207936610589907787e+02 6.793739561635439941e+02 1.731999999999999886e+02
1.250000000000000000e+02 7.000000000000000666e-02 3.372703785763662976e-02 2.602260790666618959e+02 6.585028595065087984e+02 1.731999999999999886e+02
1.250000000000000000e+02 7.000000000000000666e-02 1.254232652615026311e-01 4.401205045097000834e+02 6.509428492105032547e+02 1.731999999999999886e+02
1.250000000000000000e+02 7.000000000000000666e-02 9.091120353977272250e-02 3.955485028432406125e+02 7.749653536900393647e+02 1.731999999999999886e+02
1.250000000000000000e+02 7.000000000000000666e-02 1.744880089762800290e-01 4.332992701687862223e+02 1.701577526928135455e+02 1.731999999999999886e+02
1.250000000000000000e+02 7.000000000000000666e-02 3.351200052530962231e-02 2.022891233341548798e+02 3.179792552691569654e+02 1.731999999999999886e+02
1.250000000000000000e+02 7.000000000000000666e-02 7.158111052050601664e-02 2.808082314197449705e+02 3.366720605517273839e+02 1.731999999999999886e+02
1.250000000000000000e+02 7.000000000000000666e-02 1.604408074535322581e-01 4.246809838010259455e+02 2.350645472130953522e+02 1.731999999999999886e+02
1.250000000000000000e+02 7.000000000000000666e-02 9.447538573099809045e-02 2.876155389957407351e+02 1.954762493318928875e+02 1.731999999999999886e+02
1.250000000000000000e+02 7.000000000000000666e-02 2.620648386554038159e-02 1.800165911637907641e+02 2.850903156922370272e+02 1.731999999999999886e+02
1.250000000000000000e+02 7.000000000000000666e-02 3.708053860782471733e-02 2.163934104266420491e+02 3.361683294711103258e+02 1.731999999999999886e+02
1.250000000000000000e+02 7.000000000000000666e-02 1.662824528950880842e-01 4.630232466588855686e+02 4.809246386190591238e+02 1.731999999999999886e+02
1.250000000000000000e+02 7.000000000000000666e-02 1.544443143328781409e-01 4.042063398284135474e+02 2.976003282477285552e+02 1.731999999999999886e+02
1.250000000000000000e+02 7.000000000000000666e-02 1.442537913422173579e-01 3.576727204138958314e+02 4.567710599786691006e+01 1.731999999999999886e+02
1.250000000000000000e+02 7.000000000000000666e-02 1.736038800738222421e-01 4.771578387753102106e+02 3.840580706980323384e+02 1.731999999999999886e+02
1.250000000000000000e+02 7.000000000000000666e-02 1.654645612532724408e-01 4.900061549428986041e+02 6.040988005525999824e+02 1.731999999999999886e+02
1.250000000000000000e+02 7.000000000000000666e-02 1.056006079509328177e-01 3.063355094726375114e+02 2.060334441148367262e+02 1.731999999999999886e+02
1.250000000000000000e+02 7.000000000000000666e-02 1.258149861156291627e-01 3.593060784841342183e+02 2.488653306364723505e+02 1.731999999999999886e+02
1.250000000000000000e+02 7.000000000000000666e-02 9.779005702668490396e-02 3.602530936575814735e+02 5.363516368997769632e+02 1.731999999999999886e+02
1.250000000000000000e+02 7.000000000000000666e-02 1.827359038443046244e-02 1.952258036288350525e+02 5.158040732713395755e+02 1.731999999999999886e+02
1.250000000000000000e+02 7.000000000000000666e-02 1.742589714132771195e-01 4.313761265066769965e+02 6.032784645043491878e+01 1.731999999999999886e+02
1.250000000000000000e+02 7.000000000000000666e-02 1.819324011151632059e-01 4.964350734737799371e+02 4.887504201975001479e+02 1.731999999999999886e+02
1.250000000000000000e+02 7.000000000000000666e-02 1.971380764081467341e-01 4.816369707711979800e+02 1.126878109880607610e+02 1.731999999999999886e+02
1.250000000000000000e+02 7.000000000000000666e-02 1.440496314045272563e-01 3.808988112380523035e+02 2.142203496203025850e+02 1.731999999999999886e+02
1.250000000000000000e+02 7.000000000000000666e-02 1.952327070817368171e-01 4.510482334497118586e+02 1.040887316905182303e+02 1.731999999999999886e+02
1.250000000000000000e+02 7.000000000000000666e-02 1.241754360988666650e-01 3.898290853100281765e+02 4.651423402060391368e+02 1.731999999999999886e+02
1.250000000000000000e+02 7.000000000000000666e-02 1.497080649961694265e-01 4.064045737386659880e+02 2.651001416164408511e+02 1.731999999999999886e+02
1.250000000000000000e+02 7.000000000000000666e-02 1.509247999681771202e-01 4.865573841349621489e+02 6.839616198173084740e+02 1.731999999999999886e+02
1.250000000000000000e+02 7.000000000000000666e-02 7.049567215346483340e-02 3.357580736288186927e+02 6.598225777370594187e+02 1.731999999999999886e+02
1.250000000000000000e+02 7.000000000000000666e-02 5.593555197431650250e-02 3.047926189930302030e+02 6.058084574150119579e+02 1.731999999999999886e+02
1.250000000000000000e+02 7.000000000000000666e-02 8.253111749909314288e-02 4.060437442125522125e+02 9.416503261718460180e+02 1.731999999999999886e+02
1.250000000000000000e+02 7.000000000000000666e-02 1.308082109733262610e-01 3.286166185987038943e+02 1.068127543248348843e+02 1.731999999999999886e+02
1.250000000000000000e+02 7.000000000000000666e-02 9.005256837485875465e-02 2.287582265210881189e+02 5.350823611388963030e+01 1.731999999999999886e+02
1.250000000000000000e+02 7.000000000000000666e-02 6.800837049900645970e-02 3.388420176050133250e+02 6.942817744266411637e+02 1.731999999999999886e+02
1.250000000000000000e+02 7.000000000000000666e-02 1.399737621746645899e-01 4.025981764487372629e+02 3.659855759616839919e+02 1.731999999999999886e+02
1.250000000000000000e+02 7.000000000000000666e-02 1.268105188275895912e-01 4.720037388394769664e+02 8.527585623700274482e+02 1.731999999999999886e+02
1.250000000000000000e+02 7.000000000000000666e-02 1.976847819481650781e-01 4.798311948753529350e+02 2.887710126874383150e+02 1.731999999999999886e+02
1.250000000000000000e+02 7.000000000000000666e-02 1.451874379130891832e-02 1.688651007735985559e+02 4.309712584315126378e+02 1.731999999999999886e+02
1.250000000000000000e+02 7.000000000000000666e-02 1.253659044916789200e-01 3.475257269648931810e+02 2.237636099197220005e+02 1.731999999999999886e+02
1.250000000000000000e+02 7.000000000000000666e-02 5.361885963146906242e-02 1.078805304197263411e+02 9.572136328168954833e+01 1.731999999999999886e+02
1.250000000000000000e+02 7.000000000000000666e-02 1.235819331016806688e-01 3.672733587955235635e+02 3.099621342602575851e+02 1.731999999999999886e+02
1.250000000000000000e+02 7.000000000000000666e-02 1.640069911255607193e-01 3.878642458197334690e+02 4.507028583171039315e+01 1.731999999999999886e+02
1.250000000000000000e+02 7.000000000000000666e-02 1.303891417971934086e-01 4.207706497764680762e+02 5.223240530796613257e+02 1.731999999999999886e+02
1.250000000000000000e+02 7.000000000000000666e-02 1.439541352150646714e-01 4.558648734061627010e+02 5.849788556804271593e+02 1.731999999999999886e+02
1.250000000000000000e+02 7.000000000000000666e-02 1.750196589652195378e-01 4.087227153995524418e+02 4.373630903249595292e+01 1.731999999999999886e+02
1.250000000000000000e+02 7.000000000000000666e-02 1.063905674375265620e-01 3.983868847175505152e+02 6.319892972755471874e+02 1.731999999999999886e+02
1.250000000000000000e+02 7.000000000000000666e-02 1.791117190704482054e-01 4.361847531375572657e+02 2.021988408126319996e+02 1.731999999999999886e+02
1.250000000000000000e+02 7.000000000000000666e-02 1.804770585136840633e-01 4.602574600452269920e+02 2.523338582095641414e+02 1.731999999999999886e+02
1.250000000000000000e+02 7.000000000000000666e-02 1.332325023386925766e-01 3.466218407231137917e+02 1.576221589600076811e+02 1.731999999999999886e+02
1.250000000000000000e+02 7.000000000000000666e-02 1.505304165942513428e-01 4.961338948055086462e+02 8.520355562317204203e+02 1.731999999999999886e+02
1.250000000000000000e+02 7.000000000000000666e-02 1.418481846078328557e-01 3.299517936983570507e+02 1.255157088709503199e+01 1.731999999999999886e+02
1.250000000000000000e+02 7.000000000000000666e-02 8.603834963793925705e-02 2.626284548340549350e+02 1.638306831349791253e+02 1.731999999999999886e+02
1.250000000000000000e+02 7.000000000000000666e-02 1.381887486599627235e-01 4.327885684581816008e+02 5.275339127744405232e+02 1.731999999999999886e+02
1.250000000000000000e+02 7.000000000000000666e-02 1.104335338787191811e-01 4.568721212205018674e+02 9.710757716341854575e+02 1.731999999999999886e+02
1.250000000000000000e+02 7.000000000000000666e-02 8.137647797256768178e-02 3.028179702936056970e+02 3.789681167846606513e+02 1.731999999999999886e+02
1.250000000000000000e+02 7.000000000000000666e-02 1.070820532288192933e-01 4.047962501513260918e+02 6.550998057840064348e+02 1.731999999999999886e+02
1.250000000000000000e+02 7.000000000000000666e-02 1.984095177561311374e-01 4.932137615076952670e+02 1.768472618423548681e+02 1.731999999999999886e+02
1.250000000000000000e+02 7.000000000000000666e-02 1.228736448908619577e-01 3.003933048308957154e+02 5.745344368759347020e+01 1.731999999999999886e+02
1.250000000000000000e+02 7.000000000000000666e-02 9.713911646222289642e-02 4.299578506815272476e+02 9.262625063010689246e+02 1.731999999999999886e+02
1.250000000000000000e+02 7.000000000000000666e-02 1.449123570654207438e-01 4.840689265577551055e+02 8.100900760441085140e+02 1.731999999999999886e+02
1.250000000000000000e+02 7.000000000000000666e-02 1.389069751857117396e-01 4.474080301574961140e+02 5.856079192042857358e+02 1.731999999999999886e+02
1.250000000000000000e+02 7.000000000000000666e-02 7.200239471736083474e-02 3.657351308121059219e+02 8.342812991877973445e+02 1.731999999999999886e+02
1.250000000000000000e+02 7.000000000000000666e-02 1.901629164406290484e-01 4.798846464763716426e+02 2.725505029516644413e+02 1.731999999999999886e+02
1.250000000000000000e+02 7.000000000000000666e-02 7.683027983662002458e-02 2.117531129875128499e+02 7.738631933083070180e+01 1.731999999999999886e+02
1.250000000000000000e+02 7.000000000000000666e-02 1.209852169940468514e-01 4.624450803649224895e+02 9.139825725260160425e+02 1.731999999999999886e+02
1.250000000000000000e+02 7.000000000000000666e-02 1.644459229896627073e-01 4.317955111673805391e+02 2.926430905896197032e+02 1.731999999999999886e+02
1.250000000000000000e+02 7.000000000000000666e-02 1.085995373675656128e-01 2.974650528442456903e+02 1.508321556523237348e+02 1.731999999999999886e+02
1.250000000000000000e+02 7.000000000000000666e-02 1.343666387561928965e-01 4.763013818498276919e+02 8.938689507460876484e+02 1.731999999999999886e+02
1.250000000000000000e+02 7.000000000000000666e-02 1.608541733347935154e-01 4.955643570626600649e+02 6.214962091773791144e+02 1.731999999999999886e+02
1.250000000000000000e+02 7.000000000000000666e-02 2.128847894011544895e-01 4.924819656585381722e+02 1.006815726828306268e+01 1.731999999999999886e+02
1.250000000000000000e+02 7.000000000000000666e-02 8.255056047024190991e-02 2.840488688389618801e+02 2.837121702697624528e+02 1.731999999999999886e+02
1.250000000000000000e+02 7.000000000000000666e-02 6.410860642650480223e-02 3.540578968055302198e+02 8.531996749618206195e+02 1.731999999999999886e+02
1.250000000000000000e+02 7.000000000000000666e-02 1.337481268405796286e-01 3.863620497975531975e+02 3.157309848685112001e+02 1.731999999999999886e+02
1.250000000000000000e+02 7.000000000000000666e-02 1.421724518192716002e-01 3.413309909035386909e+02 2.007192387888118645e+01 1.731999999999999886e+02
1.250000000000000000e+02 7.000000000000000666e-02 1.013430830955211331e-01 3.929452719231084643e+02 6.176684137942394273e+02 1.731999999999999886e+02
1.250000000000000000e+02 7.000000000000000666e-02 9.200094159396431104e-02 3.539058154996649819e+02 5.451497369084318052e+02 1.731999999999999886e+02
1.250000000000000000e+02 7.000000000000000666e-02 1.005301771712852343e-01 2.685468103971527398e+02 8.669486869596478584e+01 1.731999999999999886e+02
1.250000000000000000e+02 7.000000000000000666e-02 1.405699628065213147e-01 3.837705832806330477e+02 2.651357706794678961e+02 1.731999999999999886e+02
1.250000000000000000e+02 7.000000000000000666e-02 2.081825995647022809e-01 4.990250912420017357e+02 2.060172525234096952e+02 1.731999999999999886e+02
1.250000000000000000e+02 7.000000000000000666e-02 1.814863340080709875e-01 4.900814731684510548e+02 4.142104225766120749e+02 1.731999999999999886e+02
1.250000000000000000e+02 7.000000000000000666e-02 1.648291529207503991e-01 4.019706684186489838e+02 3.361917854093342584e+01 1.731999999999999886e+02
1.250000000000000000e+02 7.000000000000000666e-02 1.509469613226829543e-01 3.808410959704592074e+02 1.857156449930743065e+02 1.731999999999999886e+02
1.250000000000000000e+02 7.000000000000000666e-02 2.045884377966831758e-01 4.876252406363216210e+02 1.570619932147947218e+01 1.731999999999999886e+02
1.250000000000000000e+02 7.000000000000000666e-02 5.276584385035357899e-02 3.021730136318954578e+02 6.488992740199563514e+02 1.731999999999999886e+02
1.250000000000000000e+02 7.000000000000000666e-02 1.813145468117053627e-01 4.681343888270872640e+02 2.439637786830780044e+02 1.731999999999999886e+02
1.250000000000000000e+02 7.000000000000000666e-02 1.388472688841203839e-01 4.021073987734985735e+02 3.514389584890413971e+02 1.731999999999999886e+02
1.250000000000000000e+02 7.000000000000000666e-02 1.632948342704566846e-01 4.214930840976860509e+02 3.101032116693897365e+02 1.731999999999999886e+02
1.250000000000000000e+02 7.000000000000000666e-02 9.030601094520857020e-02 2.320961346350713086e+02 7.644839317867683803e+01 1.731999999999999886e+02
1.250000000000000000e+02 7.000000000000000666e-02 1.347716544359007507e-01 4.861603349154923990e+02 9.347682512634618206e+02 1.731999999999999886e+02
1.250000000000000000e+02 7.000000000000000666e-02 1.691135793015482447e-01 4.021601057549659117e+02 9.272602158802992278e+01 1.731999999999999886e+02
1.250000000000000000e+02 7.000000000000000666e-02 1.945332127799742350e-01 4.949875368870643797e+02 3.198270458425130869e+02 1.731999999999999886e+02
1.250000000000000000e+02 7.000000000000000666e-02 1.743790958997087082e-01 4.037013109896507217e+02 4.439452369587911562e+01 1.731999999999999886e+02
1.250000000000000000e+02 7.000000000000000666e-02 1.163367992486516317e-01 3.747937294775707642e+02 4.093939141073086603e+02 1.731999999999999886e+02
1.250000000000000000e+02 7.000000000000000666e-02 2.056769932661032252e-01 4.898539887871147016e+02 2.252305844052681039e+02 1.731999999999999886e+02
1.250000000000000000e+02 7.000000000000000666e-02 1.178229187037785203e-01 3.492861646975147210e+02 2.756459446540230260e+02 1.731999999999999886e+02
1.250000000000000000e+02 7.000000000000000666e-02 1.332229193709953408e-01 3.442399115075725149e+02 1.314189287414348257e+02 1.731999999999999886e+02
1.250000000000000000e+02 7.000000000000000666e-02 7.751963069306491705e-02 2.809055024095606541e+02 2.991152247122309404e+02 1.731999999999999886e+02
1.250000000000000000e+02 7.000000000000000666e-02 1.567556873318092514e-01 4.408876358780300961e+02 3.827560478750888819e+02 1.731999999999999886e+02
1.250000000000000000e+02 7.000000000000000666e-02 1.678135765340689756e-01 4.192676734099285909e+02 1.677829108002959799e+02 1.731999999999999886e+02
1.250000000000000000e+02 7.000000000000000666e-02 1.147290382436743778e-01 3.628054875403379356e+02 4.062011432784676686e+02 1.731999999999999886e+02
1.250000000000000000e+02 7.000000000000000666e-02 4.496429157506586644e-02 2.471053380339411092e+02 4.109081727622344147e+02 1.731999999999999886e+02
1.250000000000000000e+02 7.000000000000000666e-02 1.050332923160430913e-02 1.501363336839475551e+02 4.439504376315369427e+02 1.731999999999999886e+02
1.250000000000000000e+02 7.000000000000000666e-02 2.096404673495654569e-01 4.852071280320961364e+02 4.534001255528736607e+01 1.731999999999999886e+02
1.250000000000000000e+02 7.000000000000000666e-02 1.132429720117063832e-01 2.864654236606180575e+02 9.515178091219391376e+01 1.731999999999999886e+02
1.250000000000000000e+02 7.000000000000000666e-02 1.124950982920082110e-01 3.940189688300477542e+02 5.685092669766308973e+02 1.731999999999999886e+02
1.250000000000000000e+02 7.000000000000000666e-02 1.325001440522896035e-01 3.879576547304035330e+02 3.572524819698425631e+02 1.731999999999999886e+02
1.250000000000000000e+02 7.000000000000000666e-02 8.310009887117593419e-02 2.253705398788628145e+02 9.007932498395165055e+01 1.731999999999999886e+02
1.250000000000000000e+02 7.000000000000000666e-02 1.598700929608559140e-01 4.662635842767626855e+02 5.376859331399972461e+02 1.731999999999999886e+02
1.250000000000000000e+02 7.000000000000000666e-02 1.016781049598201730e-01 4.395452229064479752e+02 9.960375588566752185e+02 1.731999999999999886e+02
1.250000000000000000e+02 7.000000000000000666e-02 5.543449443919113567e-02 2.688051379316633529e+02 4.089307275620425912e+02 1.731999999999999886e+02
1.250000000000000000e+02 7.000000000000000666e-02 9.694979800863211261e-02 3.316479136513893309e+02 3.794162851924032793e+02 1.731999999999999886e+02
1.250000000000000000e+02 7.000000000000000666e-02 4.010531912422930084e-02 2.746481756183000016e+02 6.546392047681869144e+02 1.731999999999999886e+02
1.250000000000000000e+02 7.000000000000000666e-02 3.098248012757591832e-02 2.253651896457804469e+02 4.808950419612448286e+02 1.731999999999999886e+02
1.250000000000000000e+02 7.000000000000000666e-02 1.853707927453646653e-01 4.429796638166469620e+02 2.135455288235633731e+01 1.731999999999999886e+02
1.250000000000000000e+02 7.000000000000000666e-02 8.274839657793438275e-02 2.595164711352351219e+02 1.901144478781031353e+02 1.731999999999999886e+02
1.250000000000000000e+02 7.000000000000000666e-02 8.940891283680345303e-02 3.191257848790025946e+02 3.921506942548649590e+02 1.731999999999999886e+02
1.250000000000000000e+02 7.000000000000000666e-02 1.740891327042106973e-01 4.877146050016227719e+02 4.502935532008668247e+02 1.731999999999999886e+02
1.250000000000000000e+02 7.000000000000000666e-02 4.050468233380759286e-02 1.487989491934294506e+02 9.155483464987862874e+01 1.731999999999999886e+02
1.250000000000000000e+02 7.000000000000000666e-02 1.080554516144770910e-01 3.443091735329758194e+02 3.290849748673360864e+02 1.731999999999999886e+02
1.250000000000000000e+02 7.000000000000000666e-02 4.758681568129095180e-02 2.845268693258885833e+02 5.850466255313525608e+02 1.731999999999999886e+02
1.250000000000000000e+02 7.000000000000000666e-02 6.256723772397937422e-02 3.436637112755753378e+02 7.762091267907908332e+02 1.731999999999999886e+02
1.250000000000000000e+02 7.000000000000000666e-02 1.027519569282836359e-01 4.465113731699349842e+02 9.902033276392721746e+02 1.731999999999999886e+02
1.250000000000000000e+02 7.000000000000000666e-02 1.312491413920843786e-01 4.545946537660638000e+02 7.449152045720592241e+02 1.731999999999999886e+02
1.250000000000000000e+02 7.000000000000000666e-02 5.581760760759317541e-02 2.617147582121063465e+02 3.787010082090176297e+02 1.731999999999999886e+02
1.250000000000000000e+02 7.000000000000000666e-02 1.872971478520968625e-01 4.901428623463188501e+02 3.969274317323377090e+02 1.731999999999999886e+02
1.250000000000000000e+02 7.000000000000000666e-02 6.809015711575933105e-02 2.906303044696804818e+02 3.924714400600705062e+02 1.731999999999999886e+02
1.250000000000000000e+02 7.000000000000000666e-02 1.170243562002240417e-01 3.543621571298194795e+02 3.032231495897557352e+02 1.731999999999999886e+02
1.250000000000000000e+02 7.000000000000000666e-02 8.607858101765951397e-02 2.154312373553628106e+02 3.779031524337820258e+01 1.731999999999999886e+02
1.250000000000000000e+02 7.000000000000000666e-02 1.823797084794072654e-01 4.406146710382363949e+02 2.194133576798288345e+02 1.731999999999999886e+02
1.250000000000000000e+02 7.000000000000000666e-02 2.408253239537147539e-02 2.495901556712255456e+02 8.321513361981945991e+02 1.731999999999999886e+02
1.250000000000000000e+02 7.000000000000000666e-02 1.527722754962963225e-01 3.653441076694624599e+02 1.640738683417436050e+01 1.731999999999999886e+02
1.250000000000000000e+02 7.000000000000000666e-02 1.026603466402220693e-01 4.237700576726055601e+02 8.203777959750630089e+02 1.731999999999999886e+02
1.250000000000000000e+02 7.000000000000000666e-02 1.520839772949411639e-01 3.658549695487271833e+02 9.362969651677856575e+01 1.731999999999999886e+02
1.250000000000000000e+02 7.000000000000000666e-02 1.809784527627306960e-01 4.862300271280112156e+02 3.871119243962590986e+02 1.731999999999999886e+02
1.250000000000000000e+02 7.000000000000000666e-02 8.870286261478081691e-02 2.144189589711021426e+02 4.327738491003898247e+01 1.731999999999999886e+02
1.250000000000000000e+02 7.000000000000000666e-02 1.461588693303758901e-01 4.818757689234662394e+02 7.119239303387764721e+02 1.731999999999999886e+02
1.250000000000000000e+02 7.000000000000000666e-02 1.885718826530777825e-01 4.686479301014750831e+02 1.326961053998373359e+02 1.731999999999999886e+02
1.250000000000000000e+02 7.000000000000000666e-02 1.615150745070360883e-01 4.234187979576370253e+02 2.566154271369307480e+02 1.731999999999999886e+02
1.250000000000000000e+02 7.000000000000000666e-02 1.416577796864052774e-01 4.782216491652932859e+02 7.825706408650759158e+02 1.731999999999999886e+02
1.250000000000000000e+02 7.000000000000000666e-02 2.145395286353856679e-01 4.924384050731350726e+02 1.384665129570531406e+01 1.731999999999999886e+02
1.250000000000000000e+02 7.000000000000000666e-02 4.788824747267571291e-02 2.826198478462332560e+02 5.613421229891083613e+02 1.731999999999999886e+02
1.250000000000000000e+02 7.000000000000000666e-02 1.600110032337549171e-01 4.150990263605957011e+02 2.264021239748218761e+02 1.731999999999999886e+02
1.250000000000000000e+02 7.000000000000000666e-02 1.223640991098884773e-01 4.019633137087222963e+02 5.144027554371604083e+02 1.731999999999999886e+02
1.250000000000000000e+02 7.000000000000000666e-02 1.250156706685249530e-01 4.587392849373093782e+02 8.335130856987366315e+02 1.731999999999999886e+02
1.250000000000000000e+02 7.000000000000000666e-02 1.330475454428761972e-01 4.370386518259155650e+02 5.641713825550715455e+02 1.731999999999999886e+02
1.250000000000000000e+02 7.000000000000000666e-02 1.896417570370294847e-01 4.609962995458674300e+02 2.698473589450045438e+02 1.731999999999999886e+02
1.250000000000000000e+02 7.000000000000000666e-02 1.606245131716840802e-01 4.401734993907073203e+02 3.967057919763021232e+02 1.731999999999999886e+02
1.250000000000000000e+02 7.000000000000000666e-02 4.408478739780780087e-02 2.577250216319376364e+02 4.638238736777717008e+02 1.731999999999999886e+02
1.250000000000000000e+02 7.000000000000000666e-02 6.971254914568852934e-02 2.050429539818565274e+02 1.043966792557547194e+02 1.731999999999999886e+02
1.250000000000000000e+02 7.000000000000000666e-02 7.624951597521795188e-02 3.791344769143101416e+02 8.891172202347565872e+02 1.731999999999999886e+02
1.250000000000000000e+02 7.000000000000000666e-02 8.637073022554166146e-02 2.215556079833798151e+02 3.633518285893743638e+01 1.731999999999999886e+02
1.250000000000000000e+02 7.000000000000000666e-02 2.395452327091706843e-02 1.982338476879828875e+02 3.998290140253512845e+02 1.731999999999999886e+02
1.250000000000000000e+02 7.000000000000000666e-02 1.596412265707566058e-01 4.438234844789602107e+02 4.500926740820912642e+02 1.731999999999999886e+02
1.250000000000000000e+02 7.000000000000000666e-02 1.981612827994895243e-01 4.854054292226410894e+02 5.980984425728243536e+01 1.731999999999999886e+02
1.250000000000000000e+02 7.000000000000000666e-02 1.357089687913868303e-01 4.920305280548469113e+02 9.893089904912611701e+02 1.731999999999999886e+02
1.250000000000000000e+02 7.000000000000000666e-02 1.089017084860120360e-01 3.966511495802600393e+02 6.018674951909783886e+02 1.731999999999999886e+02
1.250000000000000000e+02 7.000000000000000666e-02 9.201051870925719411e-02 3.429026189185804014e+02 4.741175710599363242e+02 1.731999999999999886e+02
1.250000000000000000e+02 7.000000000000000666e-02 1.380161185449290673e-01 3.513392858999216060e+02 1.787369255251570337e+02 1.731999999999999886e+02
1.250000000000000000e+02 7.000000000000000666e-02 1.571252929237533860e-02 2.238810354080362401e+02 9.171991488801714922e+02 1.731999999999999886e+02
1.250000000000000000e+02 7.000000000000000666e-02 1.379731462977554501e-01 4.574462268391591806e+02 6.939832481299420124e+02 1.731999999999999886e+02
1.250000000000000000e+02 7.000000000000000666e-02 6.211375126670582586e-02 1.976506431341423990e+02 1.136170842767651976e+02 1.731999999999999886e+02
1.250000000000000000e+02 7.000000000000000666e-02 1.781343083442334663e-01 4.664282255002751185e+02 2.890888272226243316e+02 1.731999999999999886e+02
1.250000000000000000e+02 7.000000000000000666e-02 1.218324124027399535e-01 4.276197487328174702e+02 6.263259760431329823e+02 1.731999999999999886e+02
1.250000000000000000e+02 7.000000000000000666e-02 1.763293366309936494e-01 4.721593000008502372e+02 3.631806955510512580e+02 1.731999999999999886e+02
1.250000000000000000e+02 7.000000000000000666e-02 9.984879237944710439e-02 3.679603386955581072e+02 5.574917016866110089e+02 1.731999999999999886e+02
1.250000000000000000e+02 7.000000000000000666e-02 1.475968804319838235e-01 4.358213582335787351e+02 4.614748275206530934e+02 1.731999999999999886e+02
1.250000000000000000e+02 7.000000000000000666e-02 8.343355888077975957e-02 3.557768296813169968e+02 6.344621665316248027e+02 1.731999999999999886e+02
1.250000000000000000e+02 7.000000000000000666e-02 2.864310507662351166e-02 2.467658468597415151e+02 7.011368775836475606e+02 1.731999999999999886e+02
1.250000000000000000e+02 7.000000000000000666e-02 1.125365723430152703e-01 3.082607238593611783e+02 1.474162579481706246e+02 1.731999999999999886e+02
1.250000000000000000e+02 7.000000000000000666e-02 1.674843951911838547e-01 4.154269745118742208e+02 9.481560803069199039e+01 1.731999999999999886e+02
1.250000000000000000e+02 7.000000000000000666e-02 1.784512077789987827e-01 4.475998826403389330e+02 2.421457828129189807e+02 1.731999999999999886e+02
1.250000000000000000e+02 7.000000000000000666e-02 7.853426441843441852e-02 3.446485319818046946e+02 6.342919599606560723e+02 1.731999999999999886e+02
1.250000000000000000e+02 7.000000000000000666e-02 1.317091277778374148e-01 3.234162020442763605e+02 3.712231724561015511e+01 1.731999999999999886e+02
1.250000000000000000e+02 7.000000000000000666e-02 1.194969389328967985e-01 3.624285468452637247e+02 3.525135256574042728e+02 1.731999999999999886e+02
1.250000000000000000e+02 7.000000000000000666e-02 1.314695979729428310e-01 4.495878092856631270e+02 6.432658673581067887e+02 1.731999999999999886e+02
1.250000000000000000e+02 7.000000000000000666e-02 1.134017574951399626e-01 4.317706367716087357e+02 7.831326325200803922e+02 1.731999999999999886e+02
1.250000000000000000e+02 7.000000000000000666e-02 6.137030121352596290e-02 3.326930153970347419e+02 7.704041270470754625e+02 1.731999999999999886e+02
1.250000000000000000e+02 7.000000000000000666e-02 9.309849549781619438e-02 2.303755519929465549e+02 1.142266878530155161e+01 1.731999999999999886e+02
1.250000000000000000e+02 7.000000000000000666e-02 2.014992762114197200e-01 4.740604451611470154e+02 9.566107776163146070e+01 1.731999999999999886e+02
1.250000000000000000e+02 7.000000000000000666e-02 9.991732301510354575e-02 4.080933776674394267e+02 7.656582520977434569e+02 1.731999999999999886e+02
1.250000000000000000e+02 7.000000000000000666e-02 1.190508718346508649e-01 4.205293622925751720e+02 6.763404815625960964e+02 1.731999999999999886e+02
1.250000000000000000e+02 7.000000000000000666e-02 1.533517139935131335e-01 4.064315597674352603e+02 2.077317830822821350e+02 1.731999999999999886e+02
1.250000000000000000e+02 7.000000000000000666e-02 1.265003862468117579e-01 3.083667899859901809e+02 3.519317725675831809e+01 1.731999999999999886e+02
1.250000000000000000e+02 7.000000000000000666e-02 9.843022547154295365e-02 2.783765024372103198e+02 1.461496702079085139e+02 1.731999999999999886e+02
1.250000000000000000e+02 7.000000000000000666e-02 1.727113482330116523e-01 4.283795767195322810e+02 1.406216344027287164e+02 1.731999999999999886e+02
1.250000000000000000e+02 7.000000000000000666e-02 3.320488580438344522e-02 2.901443951741883893e+02 9.545226004538368443e+02 1.731999999999999886e+02
1.250000000000000000e+02 7.000000000000000666e-02 1.043727028988915145e-01 3.830204935999988720e+02 5.762347365489392814e+02 1.731999999999999886e+02
1.250000000000000000e+02 7.000000000000000666e-02 1.007694759088701847e-01 3.474060661371421475e+02 3.983375780051787274e+02 1.731999999999999886e+02
1.250000000000000000e+02 7.000000000000000666e-02 2.055230048382019337e-01 4.962812652086651610e+02 4.429783992321396369e+01 1.731999999999999886e+02
1.250000000000000000e+02 7.000000000000000666e-02 1.191642882192253672e-01 4.003245855982905823e+02 4.912671380591476122e+02 1.731999999999999886e+02
1.250000000000000000e+02 7.000000000000000666e-02 1.489280653952844424e-01 4.838472950491246252e+02 6.688049865651303207e+02 1.731999999999999886e+02
1.250000000000000000e+02 7.000000000000000666e-02 5.464639024424678554e-02 3.159648274335625615e+02 7.491644219015080353e+02 1.731999999999999886e+02
1.250000000000000000e+02 7.000000000000000666e-02 3.736045813531574389e-02 2.829051496114819884e+02 7.772658893604964305e+02 1.731999999999999886e+02
1.250000000000000000e+02 7.000000000000000666e-02 9.512041136725014889e-02 3.652067176724760884e+02 5.872962600727859126e+02 1.731999999999999886e+02
1.250000000000000000e+02 7.000000000000000666e-02 7.691105432310485490e-02 2.729472020387325415e+02 2.574264869302131160e+02 1.731999999999999886e+02
1.250000000000000000e+02 7.000000000000000666e-02 4.658231405067794068e-02 1.023294607449640239e+02 5.918504110398130251e+02 1.731999999999999886e+02
1.250000000000000000e+02 7.000000000000000666e-02 2.162573879684011879e-01 4.991734896883655210e+02 1.764800352274494060e+02 1.731999999999999886e+02
1.250000000000000000e+02 7.000000000000000666e-02 7.841768809382834715e-02 2.422309102549186832e+02 1.456640450535298896e+02 1.731999999999999886e+02
1.250000000000000000e+02 7.000000000000000666e-02 1.178824503423070019e-01 4.353522320133891412e+02 7.731938102015391223e+02 1.731999999999999886e+02
1.250000000000000000e+02 7.000000000000000666e-02 8.023032300584613530e-02 3.207490020875955565e+02 4.493594054971544551e+02 1.731999999999999886e+02
1.250000000000000000e+02 7.000000000000000666e-02 1.804937624653785710e-01 4.635329954039651170e+02 3.618123462184364598e+02 1.731999999999999886e+02
1.250000000000000000e+02 7.000000000000000666e-02 3.150454893689135644e-02 2.127946298511000407e+02 3.929124091520343995e+02 1.731999999999999886e+02
1.250000000000000000e+02 7.000000000000000666e-02 4.499267339260567405e-02 3.012608091607016831e+02 8.131025352955482504e+02 1.731999999999999886e+02
1.250000000000000000e+02 7.000000000000000666e-02 1.866634939676876659e-01 4.912580305701157499e+02 3.284157863455322968e+02 1.731999999999999886e+02
1.250000000000000000e+02 7.000000000000000666e-02 7.512785662646088991e-02 2.761724384489049271e+02 2.852107685505806103e+02 1.731999999999999886e+02
1.250000000000000000e+02 7.000000000000000666e-02 1.498368338822685386e-01 3.908618046376000166e+02 2.021797110782437699e+02 1.731999999999999886e+02
1.250000000000000000e+02 7.000000000000000666e-02 5.425784065024722574e-02 2.832255229985503320e+02 5.174761625922795929e+02 1.731999999999999886e+02
1.250000000000000000e+02 7.000000000000000666e-02 9.112929611904105331e-02 2.361486862443583732e+02 4.504119072026907133e+01 1.731999999999999886e+02
1.250000000000000000e+02 7.000000000000000666e-02 1.174563711610957101e-01 3.261483854439607057e+02 2.311601284086984265e+02 1.731999999999999886e+02
1.250000000000000000e+02 7.000000000000000666e-02 1.982511014995165521e-01 4.661577510480786941e+02 1.906793475884819884e+02 1.731999999999999886e+02
1.250000000000000000e+02 7.000000000000000666e-02 1.397374744230873433e-01 3.810813146034773808e+02 2.956146684539292551e+02 1.731999999999999886e+02
1.250000000000000000e+02 7.000000000000000666e-02 7.622694726079407013e-02 3.945112651042689436e+02 9.474141553245807472e+02 1.731999999999999886e+02
1.250000000000000000e+02 7.000000000000000666e-02 6.732580270117697469e-03 1.206495225754351992e+02 9.208756574923010021e+02 1.731999999999999886e+02
1.250000000000000000e+02 7.000000000000000666e-02 1.965699418478057403e-01 4.854173662082666283e+02 1.719778357782679734e+02 1.731999999999999886e+02
1.250000000000000000e+02 7.000000000000000666e-02 1.548187643241157319e-01 3.765598683238554827e+02 4.214607468780092603e+01 1.731999999999999886e+02
1.250000000000000000e+02 7.000000000000000666e-02 5.186063016129098535e-02 2.972463560919781003e+02 6.207335271977930233e+02 1.731999999999999886e+02
1.250000000000000000e+02 7.000000000000000666e-02 1.421296275036531831e-01 3.569136897834238766e+02 1.490356162934910742e+02 1.731999999999999886e+02
1.250000000000000000e+02 7.000000000000000666e-02 9.733119389447891789e-02 3.955717683659966610e+02 6.959511261094586416e+02 1.731999999999999886e+02
1.250000000000000000e+02 7.000000000000000666e-02 1.336420270281952760e-01 3.278183682986616532e+02 1.140938410117384336e+02 1.731999999999999886e+02
1.250000000000000000e+02 7.000000000000000666e-02 1.041348965892968520e-01 3.401743045233650946e+02 3.228604052076066750e+02 1.731999999999999886e+02
1.250000000000000000e+02 7.000000000000000666e-02 1.356739466297238461e-01 4.312549261000716001e+02 5.417738967872925286e+02 1.731999999999999886e+02
1.250000000000000000e+02 7.000000000000000666e-02 1.282980080761333096e-02 1.605856705844307157e+02 4.405857941650459679e+02 1.731999999999999886e+02
1.250000000000000000e+02 7.000000000000000666e-02 1.195486055312359325e-01 4.634137060692571026e+02 9.694458951519367247e+02 1.731999999999999886e+02
1.250000000000000000e+02 7.000000000000000666e-02 1.079885993154511559e-01 2.637936784647789636e+02 2.945928517088692544e+01 1.731999999999999886e+02
1.250000000000000000e+02 7.000000000000000666e-02 1.185956701012986364e-02 1.383536790689528289e+02 3.220592744274749180e+02 1.731999999999999886e+02
1.250000000000000000e+02 7.000000000000000666e-02 1.002775487136189081e-01 4.265145445818929488e+02 8.841304938214844924e+02 1.731999999999999886e+02
1.250000000000000000e+02 7.000000000000000666e-02 1.151103255557143906e-01 2.941968583876440562e+02 7.286096763934051523e+01 1.731999999999999886e+02
1.250000000000000000e+02 7.000000000000000666e-02 1.813001671683209803e-01 4.945209871344949875e+02 4.540731791752391473e+02 1.731999999999999886e+02
1.250000000000000000e+02 7.000000000000000666e-02 1.088034799775788597e-01 3.599975476162945256e+02 4.209677621048784886e+02 1.731999999999999886e+02
1.250000000000000000e+02 7.000000000000000666e-02 2.602592143922483753e-02 2.347649003480714498e+02 6.267452992643566176e+02 1.731999999999999886e+02
1.250000000000000000e+02 7.000000000000000666e-02 1.917950046875004644e-01 4.954344932624839544e+02 3.350064387832000534e+02 1.731999999999999886e+02
1.250000000000000000e+02 7.000000000000000666e-02 1.391721483534540671e-01 4.435971145340018893e+02 6.261587096650406465e+02 1.731999999999999886e+02
1.250000000000000000e+02 7.000000000000000666e-02 6.839951773812438796e-02 2.966840965935185181e+02 4.471015706353336441e+02 1.731999999999999886e+02
1.250000000000000000e+02 7.000000000000000666e-02 1.008945415981446492e-01 4.090112013795227313e+02 7.433751477910753920e+02 1.731999999999999886e+02
1.250000000000000000e+02 7.000000000000000666e-02 8.855342633648047301e-02 4.050133991155029207e+02 9.406377773368039925e+02 1.731999999999999886e+02
1.250000000000000000e+02 7.000000000000000666e-02 1.296937011594400668e-01 3.164634916389607611e+02 2.533997742432284639e+01 1.731999999999999886e+02
1.250000000000000000e+02 7.000000000000000666e-02 1.219188113661826139e-01 3.901979336057221417e+02 4.598132198063309488e+02 1.731999999999999886e+02
1.250000000000000000e+02 7.000000000000000666e-02 9.413302676816706627e-02 3.827126150282259118e+02 6.382067804688297201e+02 1.731999999999999886e+02
1.250000000000000000e+02 7.000000000000000666e-02 1.258842393364548728e-01 4.282521253479735037e+02 6.299333869830314825e+02 1.731999999999999886e+02
1.250000000000000000e+02 7.000000000000000666e-02 1.141980321154446032e-01 4.698367034716729336e+02 9.894655938495815235e+02 1.731999999999999886e+02
1.250000000000000000e+02 7.000000000000000666e-02 6.876971308348708845e-02 3.305777843538222669e+02 6.025703967305377091e+02 1.731999999999999886e+02
1.250000000000000000e+02 7.000000000000000666e-02 1.301335207449570708e-01 4.781873843698560336e+02 9.592986523440260953e+02 1.731999999999999886e+02
1.250000000000000000e+02 7.000000000000000666e-02 5.915447165830048371e-02 2.256639827454309284e+02 2.131113612761673437e+02 1.731999999999999886e+02
1.250000000000000000e+02 7.000000000000000666e-02 1.421242342186083141e-01 4.700476346772258580e+02 6.746629852283958826e+02 1.731999999999999886e+02
1.250000000000000000e+02 7.000000000000000666e-02 1.533615881309602531e-02 1.573557725343329423e+02 3.221833979689500325e+02 1.731999999999999886e+02
1.250000000000000000e+02 7.000000000000000666e-02 1.848684850429521964e-01 4.602333989479614047e+02 1.704962036978639048e+02 1.731999999999999886e+02
1.250000000000000000e+02 7.000000000000000666e-02 1.678782889399350331e-01 4.244960694458009698e+02 1.591623146377987155e+02 1.731999999999999886e+02
1.250000000000000000e+02 7.000000000000000666e-02 1.222624435735043258e-01 4.453008367906828084e+02 7.234315182385494154e+02 1.731999999999999886e+02
1.250000000000000000e+02 7.000000000000000666e-02 1.214746812553461758e-01 3.679934995667427984e+02 3.715169924690900984e+02 1.731999999999999886e+02
1.250000000000000000e+02 7.000000000000000666e-02 6.528406284645353608e-02 2.984930978389838856e+02 4.599731904009590266e+02 1.731999999999999886e+02
1.250000000000000000e+02 7.000000000000000666e-02 1.227392820484263236e-01 2.998317257836710041e+02 7.537003778612287874e+01 1.731999999999999886e+02
1.250000000000000000e+02 7.000000000000000666e-02 1.414515126475592577e-01 3.521413754409068133e+02 1.410095756591878740e+02 1.731999999999999886e+02
1.250000000000000000e+02 7.000000000000000666e-02 1.986377437443870575e-01 4.594186469848880847e+02 3.550693676525872178e+01 1.731999999999999886e+02
1.250000000000000000e+02 7.000000000000000666e-02 1.137923919640569798e-01 4.449150463816587830e+02 8.895242558835623186e+02 1.731999999999999886e+02
1.250000000000000000e+02 7.000000000000000666e-02 1.668055959007968270e-01 4.849302852793583156e+02 5.821503085566182563e+02 1.731999999999999886e+02
1.250000000000000000e+02 7.000000000000000666e-02 1.820096471786375736e-01 4.538185776163095966e+02 2.169162419815964711e+02 1.731999999999999886e+02
1.250000000000000000e+02 7.000000000000000666e-02 1.742271563075409591e-01 4.297317122585502034e+02 7.924605788459277278e+01 1.731999999999999886e+02
1.250000000000000000e+02 7.000000000000000666e-02 3.265176308062252980e-02 2.205429759593417600e+02 4.225307569166445774e+02 1.731999999999999886e+02
1.250000000000000000e+02 7.000000000000000666e-02 1.613401692184192604e-01 3.866302784223095159e+02 7.055214061865524400e+01 1.731999999999999886e+02
1.250000000000000000e+02 7.000000000000000666e-02 1.098463435130425242e-01 4.324467403800524608e+02 8.078690578223414605e+02 1.731999999999999886e+02
1.250000000000000000e+02 7.000000000000000666e-02 8.155802006376168534e-02 3.809067251630083888e+02 8.260104862725537487e+02 1.731999999999999886e+02
1.250000000000000000e+02 7.000000000000000666e-02 6.084090492430282993e-02 1.511672386635436283e+02 2.361594590223309709e+01 1.731999999999999886e+02
