1.250000000000000000e+02 7.000000000000000666e-02 1.775639792968821129e-01 4.874776475439575165e+02 5.090848415438948678e+02 1.731999999999999886e+02
1.250000000000000000e+02 7.000000000000000666e-02 1.742763764865862819e-01 4.305750360433452215e+02 2.481762522932782815e+02 1.731999999999999886e+02
1.250000000000000000e+02 7.000000000000000666e-02 1.888629618817201650e-01 4.469999156204285100e+02 1.320937506586577399e+02 1.731999999999999886e+02
1.250000000000000000e+02 7.000000000000000666e-02 1.728516656069997159e-01 4.827010760304532369e+02 4.289235480115946189e+02 1.731999999999999886e+02
1.250000000000000000e+02 7.000000000000000666e-02 1.921986863183102467e-01 4.853557957713432529e+02 2.461345769212559276e+02 1.731999999999999886e+02
1.250000000000000000e+02 7.000000000000000666e-02 4.595440036536259376e-02 2.909714134088662263e+02 7.055062590916340923e+02 1.731999999999999886e+02
1.250000000000000000e+02 7.000000000000000666e-02 8.338983640506134054e-02 3.057829565404037453e+02 3.477737166573370473e+02 1.731999999999999886e+02
1.250000000000000000e+02 7.000000000000000666e-02 1.757093126438581676e-01 4.339593371062182428e+02 1.010706448171296614e+02 1.731999999999999886e+02
1.250000000000000000e+02 7.000000000000000666e-02 2.067150128761464922e-01 4.809920561362098397e+02 1.719283836490403701e+02 1.731999999999999886e+02
1.250000000000000000e+02 7.000000000000000666e-02 1.340561769254351998e-01 3.803466329951581884e+02 2.634420687877858995e+02 1.731999999999999886e+02
1.250000000000000000e+02 7.000000000000000666e-02 1.485476748259308977e-01 4.069219008119619048e+02 3.567445336100848863e+02 1.731999999999999886e+02
1.250000000000000000e+02 7.000000000000000666e-02 3.057217487977452117e-02 2.703643204737384167e+02 8.707258528983054475e+02 1.731999999999999886e+02
1.250000000000000000e+02 7.000000000000000666e-02 1.854771042767178468e-01 4.584669881667596201e+02 9.997201729301836792e+01 1.731999999999999886e+02
1.250000000000000000e+02 7.000000000000000666e-02 1.171417598436001600e-01 3.405874620285975993e+02 2.597706934673074102e+02 1.731999999999999886e+02
1.250000000000000000e+02 7.000000000000000666e-02 1.759380242025287699e-01 4.998553140852672527e+02 5.973757349250042807e+02 1.731999999999999886e+02
1.250000000000000000e+02 7.000000000000000666e-02 1.163613802270739850e-01 3.524206039400883128e+02 3.106291460302751375e+02 1.731999999999999886e+02
1.250000000000000000e+02 7.000000000000000666e-02 1.646000452372874123e-01 4.050129863094337566e+02 2.206060354881745411e+01 1.731999999999999886e+02
1.250000000000000000e+02 7.000000000000000666e-02 6.904073711786114231e-02 3.707429620832002684e+02 9.370990689199720691e+02 1.731999999999999886e+02
1.250000000000000000e+02 7.000000000000000666e-02 7.553255839552447393e-02 3.291195826174434274e+02 5.615348163647337287e+02 1.731999999999999886e+02
1.250000000000000000e+02 7.000000000000000666e-02 1.682789095975644744e-01 4.632090650094755233e+02 4.437680025425790973e+02 1.731999999999999886e+02
1.250000000000000000e+02 7.000000000000000666e-02 1.298301197387251860e-01 4.849914411324853631e+02 9.643559497778113609e+02 1.731999999999999886e+02
1.250000000000000000e+02 7.000000000000000666e-02 1.570137247807490699e-01 4.634769338783639228e+02 4.697200414021697270e+02 1.731999999999999886e+02
1.250000000000000000e+02 7.000000000000000666e-02 8.553797938593657446e-02 3.256519643633295118e+02 4.083329865620540886e+02 1.731999999999999886e+02
1.250000000000000000e+02 7.000000000000000666e-02 1.032610050794846024e-01 3.793046021183588437e+02 5.693456698674682457e+02 1.731999999999999886e+02
1.250000000000000000e+02 7.000000000000000666e-02 1.496183849575282443e-01 4.809266405306227625e+02 7.519997797529994159e+02 1.731999999999999886e+02
1.250000000000000000e+02 7.000000000000000666e-02 1.365817012624317428e-01 4.275364417703599429e+02 4.930411114233019703e+02 1.731999999999999886e+02
1.250000000000000000e+02 7.000000000000000666e-02 1.317798742622175168e-01 4.586463648243355919e+02 7.511803644537368427e+02 1.731999999999999886e+02
1.250000000000000000e+02 7.000000000000000666e-02 1.057680477703938221e-01 2.985394521207326761e+02 1.856801343661386738e+02 1.731999999999999886e+02
1.250000000000000000e+02 7.000000000000000666e-02 1.810814799263494590e-01 4.417293423278781574e+02 2.038257714561772218e+02 1.731999999999999886e+02
1.250000000000000000e+02 7.000000000000000666e-02 1.459682228123546643e-01 4.991622348040376096e+02 8.250641260929600094e+02 1.731999999999999886e+02
1.250000000000000000e+02 7.000000000000000666e-02 4.007325732319189093e-02 2.953511641099594272e+02 8.217340220056439648e+02 1.731999999999999886e+02
1.250000000000000000e+02 7.000000000000000666e-02 7.293436830296123885e-02 2.709691796043114209e+02 2.995740151355880130e+02 1.731999999999999886e+02
1.250000000000000000e+02 7.000000000000000666e-02 1.088668472218317085e-01 4.256519299896559687e+02 8.146071796545023744e+02 1.731999999999999886e+02
1.250000000000000000e+02 7.000000000000000666e-02 1.083965177654051260e-01 2.912282155407594360e+02 1.008734133714219894e+02 1.731999999999999886e+02
1.250000000000000000e+02 7.000000000000000666e-02 1.214228497995285261e-01 3.837305393789849859e+02 4.489844356180762475e+02 1.731999999999999886e+02
1.250000000000000000e+02 7.000000000000000666e-02 7.329896244883866985e-02 3.551262586337433049e+02 7.282621792148923987e+02 1.731999999999999886e+02
1.250000000000000000e+02 7.000000000000000666e-02 9.910751048464909452e-02 3.519031336516795250e+02 4.307398832182998945e+02 1.731999999999999886e+02
1.250000000000000000e+02 7.000000000000000666e-02 6.917768647301227036e-02 3.715299004808484824e+02 9.593960839818544173e+02 1.731999999999999886e+02
1.250000000000000000e+02 7.000000000000000666e-02 1.492501208470091711e-01 4.247701639685678856e+02 3.426170029814647364e+02 1.731999999999999886e+02
1.250000000000000000e+02 7.000000000000000666e-02 1.974311903595739603e-01 4.731981813775598766e+02 1.357694252229912593e+02 1.731999999999999886e+02
1.250000000000000000e+02 7.000000000000000666e-02 1.561312752136053139e-01 4.490883906644918966e+02 4.774871175279193949e+02 1.731999999999999886e+02
1.250000000000000000e+02 7.000000000000000666e-02 3.068081621861975389e-02 2.656241874778853571e+02 7.770654919293483545e+02 1.731999999999999886e+02
1.250000000000000000e+02 7.000000000000000666e-02 1.650535354782957931e-01 4.116307430014943520e+02 2.418915007352150894e+02 1.731999999999999886e+02
1.250000000000000000e+02 7.000000000000000666e-02 7.658953329034563773e-02 3.648676426597983209e+02 7.976789047181749766e+02 1.731999999999999886e+02
1.250000000000000000e+02 7.000000000000000666e-02 1.781658710444152249e-01 4.284271440208512445e+02 1.465084301344336097e+02 1.731999999999999886e+02
1.250000000000000000e+02 7.000000000000000666e-02 1.986397611831084709e-01 4.742182350697714810e+02 2.436237799718414578e+02 1.731999999999999886e+02
1.250000000000000000e+02 7.000000000000000666e-02 1.528826017466320547e-02 2.239067037152897512e+02 9.873659994580482362e+02 1.731999999999999886e+02
1.250000000000000000e+02 7.000000000000000666e-02 1.237950716811310331e-01 3.223671991893369864e+02 9.646784873812853789e+01 1.731999999999999886e+02
1.250000000000000000e+02 7.000000000000000666e-02 1.141719245851319231e-01 2.909549563873761144e+02 5.700461316618937957e+01 1.731999999999999886e+02
1.250000000000000000e+02 7.000000000000000666e-02 1.377231885642137832e-01 3.614835543901041319e+02 2.316816573111918842e+02 1.731999999999999886e+02
1.250000000000000000e+02 7.000000000000000666e-02 1.185936818096714473e-01 4.677584157423631268e+02 9.615499742647441508e+02 1.731999999999999886e+02
1.250000000000000000e+02 7.000000000000000666e-02 6.102199811108469096e-02 3.057392389923406881e+02 5.710076670549294704e+02 1.731999999999999886e+02
1.250000000000000000e+02 7.000000000000000666e-02 1.013985324292907136e-01 2.743204657129888915e+02 1.038116498821039784e+02 1.731999999999999886e+02
1.250000000000000000e+02 7.000000000000000666e-02 1.110633509191533419e-01 3.128210850248852921e+02 2.047533447011364558e+02 1.731999999999999886e+02
1.250000000000000000e+02 7.000000000000000666e-02 1.030661493593798550e-01 4.230962268444568508e+02 8.553091728418196453e+02 1.731999999999999886e+02
1.250000000000000000e+02 7.000000000000000666e-02 1.197212388897579832e-01 4.633814617484379710e+02 9.319302196899963064e+02 1.731999999999999886e+02
1.250000000000000000e+02 7.000000000000000666e-02 1.508482054605786438e-01 4.402757115783639392e+02 4.587051393237524621e+02 1.731999999999999886e+02
1.250000000000000000e+02 7.000000000000000666e-02 1.526120173050550012e-02 2.229812766149741492e+02 9.652467456617656580e+02 1.731999999999999886e+02
1.250000000000000000e+02 7.000000000000000666e-02 1.437069548891174997e-01 4.815450979115806263e+02 7.341056165515016119e+02 1.731999999999999886e+02
1.250000000000000000e+02 7.000000000000000666e-02 3.785250642021557171e-02 2.593512367251680075e+02 5.663732070021463869e+02 1.731999999999999886e+02
1.250000000000000000e+02 7.000000000000000666e-02 7.576835742221108005e-02 3.130075332595085342e+02 4.250601705712992953e+02 1.731999999999999886e+02
1.250000000000000000e+02 7.000000000000000666e-02 9.189701821626421185e-02 4.138998603637210181e+02 8.805158185990238735e+02 1.731999999999999886e+02
1.250000000000000000e+02 7.000000000000000666e-02 1.242165353473680123e-01 4.679096023390609389e+02 8.959149799533254281e+02 1.731999999999999886e+02
1.250000000000000000e+02 7.000000000000000666e-02 1.967216353558529640e-01 4.798925248627666633e+02 5.093189175823764714e+01 1.731999999999999886e+02
1.250000000000000000e+02 7.000000000000000666e-02 1.105943561228242833e-01 3.246097172634982826e+02 2.170786396769314024e+02 1.731999999999999886e+02
1.250000000000000000e+02 7.000000000000000666e-02 1.715881620767328031e-01 4.331942830040442800e+02 1.786351327814896592e+02 1.731999999999999886e+02
1.250000000000000000e+02 7.000000000000000666e-02 1.326776587360969928e-01 4.190586964987650163e+02 4.851455748443360108e+02 1.731999999999999886e+02
1.250000000000000000e+02 7.000000000000000666e-02 3.860298455537120033e-02 2.683118019355926549e+02 6.430797594719393828e+02 1.731999999999999886e+02
1.250000000000000000e+02 7.000000000000000666e-02 1.180286849361799340e-01 3.480974644503074842e+02 2.706048429457135853e+02 1.731999999999999886e+02
1.250000000000000000e+02 7.000000000000000666e-02 7.670268123166555652e-02 2.185554928593856232e+02 1.025736799377658741e+02 1.731999999999999886e+02
1.250000000000000000e+02 7.000000000000000666e-02 9.011164129007052936e-02 2.774669266738202396e+02 2.020001603269223551e+02 1.731999999999999886e+02
1.250000000000000000e+02 7.000000000000000666e-02 9.653062483526285431e-02 3.709691947732823110e+02 6.111001540156098599e+02 1.731999999999999886e+02
1.250000000000000000e+02 7.000000000000000666e-02 1.016383529398687674e-01 2.625759365305672759e+02 5.179535109607683552e+01 1.731999999999999886e+02
1.250000000000000000e+02 7.000000000000000666e-02 1.425543541616566545e-01 4.919914412153465264e+02 7.879847557372914935e+02 1.731999999999999886e+02
1.250000000000000000e+02 7.000000000000000666e-02 1.927760062147227116e-01 4.648687373148854931e+02 1.749379080733676162e+01 1.731999999999999886e+02
1.250000000000000000e+02 7.000000000000000666e-02 1.746784231442372048e-01 4.691781223552426923e+02 4.236438662950111507e+02 1.731999999999999886e+02
1.250000000000000000e+02 7.000000000000000666e-02 1.450164137066359549e-01 4.288415101655108970e+02 5.009122974920650790e+02 1.731999999999999886e+02
1.250000000000000000e+02 7.000000000000000666e-02 1.953453648762484007e-01 4.812446889937878041e+02 1.875522685105594007e+02 1.731999999999999886e+02
1.250000000000000000e+02 7.000000000000000666e-02 1.414555201169006848e-01 3.831863501841802417e+02 2.796314211274598733e+02 1.731999999999999886e+02
1.250000000000000000e+02 7.000000000000000666e-02 1.642466958505401919e-01 3.927438195234905152e+02 8.375292758837163376e+01 1.731999999999999886e+02
1.250000000000000000e+02 7.000000000000000666e-02 1.891045646771952193e-01 4.353765346818796615e+02 1.266600740092339450e+01 1.731999999999999886e+02
1.250000000000000000e+02 7.000000000000000666e-02 7.063077211570699399e-02 3.879957153920630617e+02 9.884962170104842016e+02 1.731999999999999886e+02
1.250000000000000000e+02 7.000000000000000666e-02 8.019386459172024584e-02 3.812249146044418922e+02 8.337160453239685012e+02 1.731999999999999886e+02
1.250000000000000000e+02 7.000000000000000666e-02 1.976546357496894724e-01 4.587791676591868963e+02 1.054862763075076799e+02 1.731999999999999886e+02
1.250000000000000000e+02 7.000000000000000666e-02 1.045380202278918813e-01 3.757617652580752861e+02 5.449802145902257280e+02 1.731999999999999886e+02
1.250000000000000000e+02 7.000000000000000666e-02 1.694549938018841961e-01 4.267087612922583730e+02 2.333243824721159285e+02 1.731999999999999886e+02
1.250000000000000000e+02 7.000000000000000666e-02 1.162964428737979922e-01 3.544700926428810135e+02 3.017353080374869023e+02 1.731999999999999886e+02
1.250000000000000000e+02 7.000000000000000666e-02 1.830288818143164797e-01 4.957605488997957650e+02 4.406084177093097765e+02 1.731999999999999886e+02
1.250000000000000000e+02 7.000000000000000666e-02 2.022810775915722947e-01 4.869750234576156345e+02 1.345826655758802701e+02 1.731999999999999886e+02
1.250000000000000000e+02 7.000000000000000666e-02 1.353080627797592639e-01 4.063502951678915451e+02 3.726269589845028918e+02 1.731999999999999886e+02
1.250000000000000000e+02 7.000000000000000666e-02 1.271750511578808307e-01 4.394183235832782657e+02 7.163426305088576100e+02 1.731999999999999886e+02
1.250000000000000000e+02 7.000000000000000666e-02 1.066805890158713660e-01 4.489908240730508169e+02 9.372863321485045844e+02 1.731999999999999886e+02
1.250000000000000000e+02 7.000000000000000666e-02 1.480391461026110966e-01 4.082465633528664739e+02 3.582031080916856922e+02 1.731999999999999886e+02
1.250000000000000000e+02 7.000000000000000666e-02 1.806677649040545341e-01 4.672878672847019743e+02 3.716282347922498843e+02 1.731999999999999886e+02
1.250000000000000000e+02 7.000000000000000666e-02 1.801323933104901631e-01 4.939628937896686693e+02 4.287760716349422410e+02 1.731999999999999886e+02
1.250000000000000000e+02 7.000000000000000666e-02 1.614766784344635053e-01 3.970074386355986462e+02 1.343465587078347880e+02 1.731999999999999886e+02
1.250000000000000000e+02 7.000000000000000666e-02 3.813462298200425565e-02 2.688291757939348372e+02 6.262786452524507013e+02 1.731999999999999886e+02
1.250000000000000000e+02 7.000000000000000666e-02 1.534204888670245293e-01 4.929115544649587832e+02 7.794562037159554393e+02 1.731999999999999886e+02
1.250000000000000000e+02 7.000000000000000666e-02 1.329186318107847264e-01 4.446812588902686230e+02 6.173525012453094405e+02 1.731999999999999886e+02
1.250000000000000000e+02 7.000000000000000666e-02 3.314481274050821991e-02 2.600920997968806319e+02 7.132139831494414466e+02 1.731999999999999886e+02
1.250000000000000000e+02 7.000000000000000666e-02 2.011224983526395671e-01 4.860294323802388590e+02 1.963743679812927496e+02 1.731999999999999886e+02
1.250000000000000000e+02 7.000000000000000666e-02 1.975175864800174652e-01 4.565396834195989868e+02 5.184477657428911357e+01 1.731999999999999886e+02
1.250000000000000000e+02 7.000000000000000666e-02 1.575574538109679734e-01 4.396049471506793225e+02 4.041117561372147406e+02 1.731999999999999886e+02
1.250000000000000000e+02 7.000000000000000666e-02 1.944774591027068900e-01 4.910093470141787293e+02 2.601850982129054728e+02 1.731999999999999886e+02
1.250000000000000000e+02 7.000000000000000666e-02 1.253596079747351377e-01 3.296122419145748381e+02 1.576036211581879627e+02 1.731999999999999886e+02
1.250000000000000000e+02 7.000000000000000666e-02 1.667745831865156680e-01 4.349768081827668880e+02 2.456107190103580820e+02 1.731999999999999886e+02
1.250000000000000000e+02 7.000000000000000666e-02 1.570031244486986277e-01 4.850669667373248330e+02 6.150284289346400328e+02 1.731999999999999886e+02
1.250000000000000000e+02 7.000000000000000666e-02 8.750937621292308177e-02 3.851884948727638402e+02 7.676138016871809668e+02 1.731999999999999886e+02
1.250000000000000000e+02 7.000000000000000666e-02 1.179865274443543111e-01 3.197436588137580884e+02 1.902545729177202247e+02 1.731999999999999886e+02
1.250000000000000000e+02 7.000000000000000666e-02 1.969308639079891676e-01 4.658876608990826753e+02 8.860871324104881808e+01 1.731999999999999886e+02
1.250000000000000000e+02 7.000000000000000666e-02 1.509151465467962472e-01 3.794951294789311760e+02 1.200154086044575052e+02 1.731999999999999886e+02
1.250000000000000000e+02 7.000000000000000666e-02 1.133044841245619411e-01 3.879883039824896969e+02 4.800585858021324839e+02 1.731999999999999886e+02
1.250000000000000000e+02 7.000000000000000666e-02 4.483149409231470400e-02 2.861494891201785435e+02 6.802430723575411093e+02 1.731999999999999886e+02
1.250000000000000000e+02 7.000000000000000666e-02 1.280803977238272606e-01 3.526195148945193978e+02 2.599516986075514069e+02 1.731999999999999886e+02
1.250000000000000000e+02 7.000000000000000666e-02 1.145298817997615626e-01 3.859783199020270104e+02 4.556688163693950173e+02 1.731999999999999886e+02
1.250000000000000000e+02 7.000000000000000666e-02 1.257947968729025146e-01 3.147124110199530946e+02 5.853948882398712072e+01 1.731999999999999886e+02
1.250000000000000000e+02 7.000000000000000666e-02 2.113937267747066917e-01 4.929527466746276900e+02 1.511993330462584595e+02 1.731999999999999886e+02
1.250000000000000000e+02 7.000000000000000666e-02 9.176413438158396996e-02 2.545140563074283762e+02 1.140501672696695579e+02 1.731999999999999886e+02
1.250000000000000000e+02 7.000000000000000666e-02 8.097375989218580372e-02 3.607385371354746439e+02 6.469572134127596428e+02 1.731999999999999886e+02
1.250000000000000000e+02 7.000000000000000666e-02 1.817864793452763361e-01 4.662795855301463348e+02 3.384019297996354680e+02 1.731999999999999886e+02
1.250000000000000000e+02 7.000000000000000666e-02 8.484408919337950439e-02 4.073646392051196017e+02 9.988094976738653941e+02 1.731999999999999886e+02
1.250000000000000000e+02 7.000000000000000666e-02 2.941862106207608282e-02 2.373484076186734910e+02 6.097744692088208467e+02 1.731999999999999886e+02
1.250000000000000000e+02 7.000000000000000666e-02 1.498826778152057559e-01 3.614064704121042269e+02 7.891315209853941326e+01 1.731999999999999886e+02
1.250000000000000000e+02 7.000000000000000666e-02 1.754833412704389362e-01 4.654505198339521144e+02 3.897802246744654440e+02 1.731999999999999886e+02
1.250000000000000000e+02 7.000000000000000666e-02 8.947560366414383792e-02 3.630809492018150308e+02 6.112697240405994989e+02 1.731999999999999886e+02
1.250000000000000000e+02 7.000000000000000666e-02 1.941856015434956229e-01 4.665664040753003405e+02 7.234260501879947469e+01 1.731999999999999886e+02
1.250000000000000000e+02 7.000000000000000666e-02 1.425874970101573547e-01 3.772239817041173637e+02 2.401038591786954441e+02 1.731999999999999886e+02
1.250000000000000000e+02 7.000000000000000666e-02 1.552004213362888352e-01 4.646664636741518848e+02 5.188746900652480463e+02 1.731999999999999886e+02
1.250000000000000000e+02 7.000000000000000666e-02 3.758792806459183150e-02 2.857303117037686206e+02 7.966266736880835424e+02 1.731999999999999886e+02
1.250000000000000000e+02 7.000000000000000666e-02 9.059997414409985683e-02 3.975107668666203153e+02 7.978286140414331840e+02 1.731999999999999886e+02
1.250000000000000000e+02 7.000000000000000666e-02 1.464031728058005632e-01 4.176876186866543321e+02 3.868522117104592439e+02 1.731999999999999886e+02
1.250000000000000000e+02 7.000000000000000666e-02 1.342744167994529836e-01 4.917408911926058863e+02 9.103556184695839875e+02 1.731999999999999886e+02
1.250000000000000000e+02 7.000000000000000666e-02 1.444337953602428115e-01 3.960246604136525548e+02 2.461534875154045210e+02 1.731999999999999886e+02
1.250000000000000000e+02 7.000000000000000666e-02 4.132472392985630377e-02 2.320959517614237768e+02 3.657177024788876452e+02 1.731999999999999886e+02
1.250000000000000000e+02 7.000000000000000666e-02 7.277906452253768421e-02 3.120642538705794209e+02 4.843591319988400414e+02 1.731999999999999886e+02
1.250000000000000000e+02 7.000000000000000666e-02 1.621014159664008747e-01 3.995297911045967680e+02 1.565730740139966883e+02 1.731999999999999886e+02
1.250000000000000000e+02 7.000000000000000666e-02 2.084161797155299201e-01 4.936134184507411646e+02 2.184926313528279422e+02 1.731999999999999886e+02
1.250000000000000000e+02 7.000000000000000666e-02 1.068895811638224669e-01 3.271387538201879011e+02 2.740740320219787236e+02 1.731999999999999886e+02
1.250000000000000000e+02 7.000000000000000666e-02 1.263867589529702462e-01 3.176549816375205069e+02 5.494086160796317131e+01 1.731999999999999886e+02
1.250000000000000000e+02 7.000000000000000666e-02 2.963056898853259555e-02 2.774172273769285653e+02 9.286638231267484116e+02 1.731999999999999886e+02
1.250000000000000000e+02 7.000000000000000666e-02 9.457187419577851861e-02 2.452858689919239339e+02 6.815935506406570710e+01 1.731999999999999886e+02
1.250000000000000000e+02 7.000000000000000666e-02 9.709837564000821375e-02 3.755245536131349695e+02 5.978303620705456751e+02 1.731999999999999886e+02
1.250000000000000000e+02 7.000000000000000666e-02 1.187437934540804402e-01 3.476313220150199186e+02 2.870255709568826887e+02 1.731999999999999886e+02
1.250000000000000000e+02 7.000000000000000666e-02 1.811117786434469912e-01 4.834909590455562238e+02 4.464163821387417102e+02 1.731999999999999886e+02
1.250000000000000000e+02 7.000000000000000666e-02 1.425173326606220536e-01 3.628966457492604150e+02 1.341343190295680472e+02 1.731999999999999886e+02
1.250000000000000000e+02 7.000000000000000666e-02 5.065450537475160026e-02 3.367722212773385309e+02 9.895637552299076560e+02 1.731999999999999886e+02
1.250000000000000000e+02 7.000000000000000666e-02 1.212820237877082763e-01 4.665471282070184316e+02 9.791257726485595185e+02 1.731999999999999886e+02
1.250000000000000000e+02 7.000000000000000666e-02 1.427206182242620747e-01 3.351986833783927295e+02 6.014840919946544773e+01 1.731999999999999886e+02
1.250000000000000000e+02 7.000000000000000666e-02 1.657940250002901406e-01 4.933780418249610875e+02 6.620558644732037692e+02 1.731999999999999886e+02
1.250000000000000000e+02 7.000000000000000666e-02 4.016917244536035575e-02 3.055746012229021176e+02 9.459000782626749242e+02 1.731999999999999886e+02
1.250000000000000000e+02 7.000000000000000666e-02 1.245479750324785390e-01 3.660954772618080710e+02 3.105137531982136352e+02 1.731999999999999886e+02
1.250000000000000000e+02 7.000000000000000666e-02 9.055513721525150495e-02 2.989555493993257187e+02 2.805799021938396436e+02 1.731999999999999886e+02
1.250000000000000000e+02 7.000000000000000666e-02 1.273772434726579139e-01 4.730970475048269464e+02 8.638214015340759033e+02 1.731999999999999886e+02
1.250000000000000000e+02 7.000000000000000666e-02 1.446772042718753315e-01 4.528652070938372276e+02 5.844673936958436116e+02 1.731999999999999886e+02
1.250000000000000000e+02 7.000000000000000666e-02 1.364482204627240070e-01 4.798973799423606579e+02 8.764098178928770722e+02 1.731999999999999886e+02
1.250000000000000000e+02 7.000000000000000666e-02 6.941784364265209117e-02 3.065862443451512718e+02 4.572546694348667415e+02 1.731999999999999886e+02
1.250000000000000000e+02 7.000000000000000666e-02 7.064852264847425178e-02 2.512218058489617079e+02 2.220279694578799194e+02 1.731999999999999886e+02
1.250000000000000000e+02 7.000000000000000666e-02 1.622118473827914298e-01 4.767347380294966115e+02 4.941021160397434642e+02 1.731999999999999886e+02
1.250000000000000000e+02 7.000000000000000666e-02 1.416252886924380394e-01 3.378632456911994950e+02 4.687489866242265180e+01 1.731999999999999886e+02
1.250000000000000000e+02 7.000000000000000666e-02 1.889384693964970829e-01 4.532023710151121350e+02 1.409688768137635293e+02 1.731999999999999886e+02
1.250000000000000000e+02 7.000000000000000666e-02 9.325516728283099466e-02 3.402927809285712328e+02 4.610740974290260965e+02 1.731999999999999886e+02
1.250000000000000000e+02 7.000000000000000666e-02 6.455954491229580483e-02 2.886495809976236728e+02 4.342176743738211826e+02 1.731999999999999886e+02
