1.250000000000000000e+02 7.000000000000000666e-02 1.361229147557005414e-01 9.754504701186547209e+02 8.647214984240225021e+03 1.731999999999999886e+02
1.250000000000000000e+02 7.000000000000000666e-02 5.632455559717167159e-02 6.261916541419604982e+02 5.974355877049932133e+03 1.731999999999999886e+02
1.250000000000000000e+02 7.000000000000000666e-02 2.973203880734914817e-01 8.213972381581403397e+02 1.355206628250666199e+03 1.731999999999999886e+02
1.250000000000000000e+02 7.000000000000000666e-02 3.716823584198714614e-01 9.245468942350843236e+02 1.203396413859949689e+03 1.731999999999999886e+02
1.250000000000000000e+02 7.000000000000000666e-02 1.709597112216910964e-01 7.829766683710067809e+02 3.449698102156283312e+03 1.731999999999999886e+02
1.250000000000000000e+02 7.000000000000000666e-02 2.007867773829522806e-01 8.491019256834670159e+02 3.466436002246191038e+03 1.731999999999999886e+02
1.250000000000000000e+02 7.000000000000000666e-02 2.920744125901137411e-01 8.916099762829467181e+02 2.163919186852661824e+03 1.731999999999999886e+02
1.250000000000000000e+02 7.000000000000000666e-02 1.267039997539610718e-01 8.843409661212044739e+02 6.964778280738346439e+03 1.731999999999999886e+02
1.250000000000000000e+02 7.000000000000000666e-02 1.685407284667543304e-01 6.553553558193927984e+02 1.893144741296669963e+03 1.731999999999999886e+02
1.250000000000000000e+02 7.000000000000000666e-02 8.010557957340838642e-02 7.690156404582514824e+02 7.771497247203334155e+03 1.731999999999999886e+02
1.250000000000000000e+02 7.000000000000000666e-02 2.399534640167876598e-01 7.716980194910048567e+02 1.929383496743224441e+03 1.731999999999999886e+02
1.250000000000000000e+02 7.000000000000000666e-02 1.598886242718235706e-01 7.307375413726266515e+02 2.948180240833962671e+03 1.731999999999999886e+02
1.250000000000000000e+02 7.000000000000000666e-02 2.819611578657270079e-01 8.724540557886314218e+02 2.282529066925141706e+03 1.731999999999999886e+02
1.250000000000000000e+02 7.000000000000000666e-02 1.738207509027527298e-01 9.499006042934171319e+02 6.017068802509969828e+03 1.731999999999999886e+02
1.250000000000000000e+02 7.000000000000000666e-02 7.786452204979091296e-02 8.008560362392578327e+02 8.892922254482069548e+03 1.731999999999999886e+02
1.250000000000000000e+02 7.000000000000000666e-02 5.197241889056267855e-02 3.739044285416608773e+02 1.295647645161694982e+03 1.731999999999999886e+02
1.250000000000000000e+02 7.000000000000000666e-02 3.109590315854183773e-01 8.074470236512139536e+02 1.217774978954030757e+03 1.731999999999999886e+02
1.250000000000000000e+02 7.000000000000000666e-02 3.302301751423859510e-01 9.187220652786363644e+02 1.716534382290720259e+03 1.731999999999999886e+02
1.250000000000000000e+02 7.000000000000000666e-02 2.836892526537089232e-01 7.846834876900499012e+02 1.200311653767725147e+03 1.731999999999999886e+02
1.250000000000000000e+02 7.000000000000000666e-02 1.937812941136135003e-01 9.268809800605481541e+02 5.164068095986294793e+03 1.731999999999999886e+02
1.250000000000000000e+02 7.000000000000000666e-02 3.822003648566811851e-01 9.779025530198891829e+02 1.277023826865835417e+03 1.731999999999999886e+02
1.250000000000000000e+02 7.000000000000000666e-02 1.664508838329743501e-01 8.741611831554930632e+02 4.973815398542750700e+03 1.731999999999999886e+02
1.250000000000000000e+02 7.000000000000000666e-02 1.085335077066536258e-01 9.127174506346323142e+02 9.617309657097481249e+03 1.731999999999999886e+02
1.250000000000000000e+02 7.000000000000000666e-02 1.408489700917535392e-01 9.200469569859055810e+02 7.256807440112486802e+03 1.731999999999999886e+02
1.250000000000000000e+02 7.000000000000000666e-02 1.643584050085755421e-01 9.385848323223965508e+02 6.233286503070611616e+03 1.731999999999999886e+02
1.250000000000000000e+02 7.000000000000000666e-02 1.052094274977783545e-01 8.765934157791182315e+02 8.855565903058868571e+03 1.731999999999999886e+02
1.250000000000000000e+02 7.000000000000000666e-02 1.408931207581604339e-01 7.996667886580935374e+02 4.663864929880683121e+03 1.731999999999999886e+02
1.250000000000000000e+02 7.000000000000000666e-02 2.359432033063043332e-01 8.973398102083027652e+02 3.246342568681561261e+03 1.731999999999999886e+02
1.250000000000000000e+02 7.000000000000000666e-02 2.425542942852234110e-02 3.932596095746127389e+02 3.335263229772561317e+03 1.731999999999999886e+02
1.250000000000000000e+02 7.000000000000000666e-02 8.913223682082047072e-02 7.355329184916856775e+02 5.841298374932823208e+03 1.731999999999999886e+02
1.250000000000000000e+02 7.000000000000000666e-02 3.559225042799285532e-01 9.490947264090780209e+02 1.551594663468003091e+03 1.731999999999999886e+02
1.250000000000000000e+02 7.000000000000000666e-02 1.162441695328453733e-01 7.215954070782617009e+02 4.352236741615624851e+03 1.731999999999999886e+02
1.250000000000000000e+02 7.000000000000000666e-02 1.850030978275449267e-01 9.519509923320134703e+02 6.115847745605346063e+03 1.731999999999999886e+02
1.250000000000000000e+02 7.000000000000000666e-02 2.668164126069529907e-01 8.278530955845500330e+02 2.134240310778963249e+03 1.731999999999999886e+02
1.250000000000000000e+02 7.000000000000000666e-02 1.844181535451683840e-01 7.548321609607351093e+02 2.691875745710810861e+03 1.731999999999999886e+02
1.250000000000000000e+02 7.000000000000000666e-02 9.153696236202885084e-02 6.579520717471688158e+02 4.173545306625761441e+03 1.731999999999999886e+02
1.250000000000000000e+02 7.000000000000000666e-02 1.279165945185355979e-01 9.864443091817944378e+02 9.606961872337506065e+03 1.731999999999999886e+02
1.250000000000000000e+02 7.000000000000000666e-02 5.664344973227053437e-02 3.999131546103958499e+02 1.491913793560167051e+03 1.731999999999999886e+02
1.250000000000000000e+02 7.000000000000000666e-02 4.750396343581075181e-02 4.896043296834323542e+02 3.412380833158803398e+03 1.731999999999999886e+02
1.250000000000000000e+02 7.000000000000000666e-02 6.752406246188401295e-02 7.149397465964399316e+02 7.559777112797877635e+03 1.731999999999999886e+02
1.250000000000000000e+02 7.000000000000000666e-02 1.156426457016968418e-01 5.555175390918564062e+02 1.891681196662674211e+03 1.731999999999999886e+02
1.250000000000000000e+02 7.000000000000000666e-02 2.069407617190241744e-01 8.776334437365358099e+02 3.746041144040924337e+03 1.731999999999999886e+02
1.250000000000000000e+02 7.000000000000000666e-02 1.693336326808170533e-01 9.743327744432739337e+02 6.857600837784906616e+03 1.731999999999999886e+02
1.250000000000000000e+02 7.000000000000000666e-02 2.831931692579444104e-01 8.734492563528119717e+02 2.276772842247926746e+03 1.731999999999999886e+02
1.250000000000000000e+02 7.000000000000000666e-02 1.048644902736662887e-01 5.617586726528849113e+02 2.125538523280904428e+03 1.731999999999999886e+02
1.250000000000000000e+02 7.000000000000000666e-02 7.394944929572072612e-02 5.455641002009894009e+02 3.006453623692512338e+03 1.731999999999999886e+02
1.250000000000000000e+02 7.000000000000000666e-02 3.058302144391137900e-01 8.403179315959657742e+02 1.453233788440020362e+03 1.731999999999999886e+02
1.250000000000000000e+02 7.000000000000000666e-02 1.027009832625302571e-01 8.808064756702545992e+02 9.300438276150191086e+03 1.731999999999999886e+02
1.250000000000000000e+02 7.000000000000000666e-02 2.347291223052551667e-01 9.357202364550793163e+02 3.899236781970222182e+03 1.731999999999999886e+02
1.250000000000000000e+02 7.000000000000000666e-02 1.479236865987320071e-01 8.693176670166413942e+02 5.618579178284107911e+03 1.731999999999999886e+02
1.250000000000000000e+02 7.000000000000000666e-02 1.229916940314911278e-01 9.072360730059317575e+02 7.893157640469486978e+03 1.731999999999999886e+02
1.250000000000000000e+02 7.000000000000000666e-02 1.142126174824537738e-01 8.510587768286607115e+02 7.304342062331547822e+03 1.731999999999999886e+02
1.250000000000000000e+02 7.000000000000000666e-02 6.637506085006257550e-02 6.927611044235977715e+02 6.721244772682109215e+03 1.731999999999999886e+02
1.250000000000000000e+02 7.000000000000000666e-02 1.081343349599860337e-01 7.960089325577707768e+02 6.030414179421451081e+03 1.731999999999999886e+02
1.250000000000000000e+02 7.000000000000000666e-02 2.901063058660546812e-01 9.962619143160590056e+02 3.308038568489460431e+03 1.731999999999999886e+02
1.250000000000000000e+02 7.000000000000000666e-02 2.303358774728100633e-01 8.190179732032744369e+02 2.459829922704083401e+03 1.731999999999999886e+02
1.250000000000000000e+02 7.000000000000000666e-02 1.152099575726157205e-01 9.088403522199356530e+02 9.005881170724476760e+03 1.731999999999999886e+02
