1.250000000000000000e+02 7.000000000000000666e-02 4.234977621244245295e-03 1.325016821522439727e+02 8.150360338275652339e+02 1.731999999999999886e+02
1.250000000000000000e+02 7.000000000000000666e-02 8.848275628378303448e-03 1.107735364911519156e+02 2.149558117612891692e+03 1.731999999999999886e+02
1.250000000000000000e+02 7.000000000000000666e-02 7.282892573045806131e-03 1.092148241513905589e+02 3.238339248504517400e+03 1.731999999999999886e+02
1.250000000000000000e+02 7.000000000000000666e-02 9.842660927133208351e-03 1.356103859402905698e+02 3.769882967574695840e+02 1.731999999999999886e+02
1.250000000000000000e+02 7.000000000000000666e-02 5.273542574133966050e-03 1.573990085275091531e+02 9.957515911346858957e+02 1.731999999999999886e+02
1.250000000000000000e+02 7.000000000000000666e-02 4.128734917548782836e-03 1.707264732943893648e+02 1.650171503866716648e+03 1.731999999999999886e+02
1.250000000000000000e+02 7.000000000000000666e-02 3.303619472446110272e-03 1.950491860679688898e+02 3.024442068739906972e+03 1.731999999999999886e+02
1.250000000000000000e+02 7.000000000000000666e-02 7.158608619818562259e-03 1.175899584703595480e+02 1.189996854266777063e+03 1.731999999999999886e+02
1.250000000000000000e+02 7.000000000000000666e-02 4.220544657178134512e-03 1.366540843365020805e+02 8.759533225445305789e+02 1.731999999999999886e+02
1.250000000000000000e+02 7.000000000000000666e-02 4.395879012073052733e-03 1.809534189740063539e+02 1.772764856338453001e+03 1.731999999999999886e+02
1.250000000000000000e+02 7.000000000000000666e-02 8.997093645678440679e-03 1.120365103709450096e+02 1.861724273827144316e+03 1.731999999999999886e+02
1.250000000000000000e+02 7.000000000000000666e-02 4.354043595369461346e-03 1.160436806775173864e+02 2.450322148161572386e+03 1.731999999999999886e+02
1.250000000000000000e+02 7.000000000000000666e-02 3.649214705396137352e-03 1.745134203526080796e+02 1.964117172443474601e+03 1.731999999999999886e+02
1.250000000000000000e+02 7.000000000000000666e-02 2.405818125929525594e-03 1.321398343231546733e+02 1.494251391711061160e+03 1.731999999999999886e+02
1.250000000000000000e+02 7.000000000000000666e-02 4.235983097414721711e-03 1.993715547601498201e+02 2.442909908225168692e+03 1.731999999999999886e+02
1.250000000000000000e+02 7.000000000000000666e-02 4.749768685448865768e-03 1.989527999167463861e+02 2.167298645913993823e+03 1.731999999999999886e+02
1.250000000000000000e+02 7.000000000000000666e-02 4.942098124860673687e-03 1.202435750554756311e+02 1.303356170882505467e+03 1.731999999999999886e+02
1.250000000000000000e+02 7.000000000000000666e-02 3.372362312574188163e-03 1.652444890490803573e+02 1.817717292316254316e+03 1.731999999999999886e+02
1.250000000000000000e+02 7.000000000000000666e-02 3.288928239875546933e-03 1.973231678619911236e+02 3.166844173779409630e+03 1.731999999999999886e+02
1.250000000000000000e+02 7.000000000000000666e-02 3.555582341261609089e-03 1.863200001284187692e+02 2.519392669121114977e+03 1.731999999999999886e+02
1.250000000000000000e+02 7.000000000000000666e-02 2.588368851331704096e-03 1.545075294147283387e+02 1.912171639973906167e+03 1.731999999999999886e+02
1.250000000000000000e+02 7.000000000000000666e-02 7.565215944652826582e-03 1.929640589268456097e+02 1.272915229249789718e+03 1.731999999999999886e+02
1.250000000000000000e+02 7.000000000000000666e-02 1.969365108945139633e-03 1.507614365890268573e+02 2.347652316338894252e+03 1.731999999999999886e+02
1.250000000000000000e+02 7.000000000000000666e-02 1.945264291045903675e-03 1.605075913672625632e+02 2.965140656457906971e+03 1.731999999999999886e+02
1.250000000000000000e+02 7.000000000000000666e-02 6.040438439563120682e-03 1.119349167276812125e+02 2.753581768931735496e+03 1.731999999999999886e+02
1.250000000000000000e+02 7.000000000000000666e-02 1.067931608719280322e-03 1.432055676012639651e+02 3.886228054269154200e+03 1.731999999999999886e+02
1.250000000000000000e+02 7.000000000000000666e-02 6.328748013287364624e-03 1.294951422684434874e+02 5.351072633288365523e+02 1.731999999999999886e+02
1.250000000000000000e+02 7.000000000000000666e-02 6.110063743213753340e-03 1.960199034320484657e+02 1.624063765707923267e+03 1.731999999999999886e+02
1.250000000000000000e+02 7.000000000000000666e-02 1.041853045980736716e-03 1.414867545786706842e+02 3.887454324343626922e+03 1.731999999999999886e+02
1.250000000000000000e+02 7.000000000000000666e-02 5.458238496549749907e-03 1.835516570174145272e+02 1.492502202808071615e+03 1.731999999999999886e+02
1.250000000000000000e+02 7.000000000000000666e-02 3.066684739005876535e-03 1.723786397864261630e+02 2.280148609321086042e+03 1.731999999999999886e+02
1.250000000000000000e+02 7.000000000000000666e-02 7.606740609236235968e-03 1.123752296912038560e+02 2.139113747886967303e+03 1.731999999999999886e+02
1.250000000000000000e+02 7.000000000000000666e-02 5.893466882245976778e-03 1.969352078466858984e+02 1.690523238445853394e+03 1.731999999999999886e+02
1.250000000000000000e+02 7.000000000000000666e-02 5.269727517055001337e-03 1.962519003398295467e+02 1.897410566516402014e+03 1.731999999999999886e+02
1.250000000000000000e+02 7.000000000000000666e-02 9.227903982407437491e-03 1.120269152024554842e+02 1.861742124408993277e+03 1.731999999999999886e+02
1.250000000000000000e+02 7.000000000000000666e-02 4.809355650899172635e-03 1.422839295894951590e+02 8.304333538121402398e+02 1.731999999999999886e+02
1.250000000000000000e+02 7.000000000000000666e-02 7.672422172516146256e-03 1.922988721590784280e+02 1.200570896960543905e+03 1.731999999999999886e+02
1.250000000000000000e+02 7.000000000000000666e-02 2.327296969872550726e-03 1.744389737657347155e+02 3.053231490616108658e+03 1.731999999999999886e+02
1.250000000000000000e+02 7.000000000000000666e-02 9.641060999615577720e-03 1.840060158319853088e+02 8.758759129087243309e+02 1.731999999999999886e+02
1.250000000000000000e+02 7.000000000000000666e-02 3.285554876831465066e-03 1.977174731892324075e+02 3.285419687154061194e+03 1.731999999999999886e+02
1.250000000000000000e+02 7.000000000000000666e-02 2.286736888449505522e-03 1.719919998531378269e+02 3.003397852789450553e+03 1.731999999999999886e+02
1.250000000000000000e+02 7.000000000000000666e-02 2.683500480723520140e-03 1.768917360437766888e+02 2.821223792198697538e+03 1.731999999999999886e+02
1.250000000000000000e+02 7.000000000000000666e-02 6.212054990701502445e-03 1.463225261498948271e+02 6.798791769173484454e+02 1.731999999999999886e+02
1.250000000000000000e+02 7.000000000000000666e-02 8.523761901751606904e-03 1.966228076150063657e+02 1.144171952383494727e+03 1.731999999999999886e+02
1.250000000000000000e+02 7.000000000000000666e-02 6.815119349435403047e-03 1.553555476110669531e+02 7.423594796906254487e+02 1.731999999999999886e+02
1.250000000000000000e+02 7.000000000000000666e-02 1.515716619932569540e-03 1.598031095338326395e+02 3.726582958013113057e+03 1.731999999999999886e+02
1.250000000000000000e+02 7.000000000000000666e-02 9.417288031943129786e-03 1.051557834022454756e+02 3.924148837068882131e+03 1.731999999999999886e+02
1.250000000000000000e+02 7.000000000000000666e-02 9.876191288330888121e-03 1.057503804655024169e+02 3.473361917349822306e+03 1.731999999999999886e+02
1.250000000000000000e+02 7.000000000000000666e-02 7.688481059977029033e-03 1.800454513685843949e+02 9.874575719988181390e+02 1.731999999999999886e+02
1.250000000000000000e+02 7.000000000000000666e-02 1.734756526191632642e-03 1.640825709966841259e+02 3.312435921851064904e+03 1.731999999999999886e+02
1.250000000000000000e+02 7.000000000000000666e-02 6.839372294675175566e-03 1.367904128821489280e+02 5.585297026241233880e+02 1.731999999999999886e+02
1.250000000000000000e+02 7.000000000000000666e-02 5.353053701716187739e-03 1.952964935581088071e+02 1.850278393595681337e+03 1.731999999999999886e+02
1.250000000000000000e+02 7.000000000000000666e-02 9.196729102457541424e-03 1.801786590332624769e+02 8.678394380558205512e+02 1.731999999999999886e+02
1.250000000000000000e+02 7.000000000000000666e-02 6.750387323591717711e-03 1.176159334663927183e+02 1.346296019511249142e+03 1.731999999999999886e+02
1.250000000000000000e+02 7.000000000000000666e-02 2.521570196237486218e-03 1.950579276894308123e+02 3.858118171866676676e+03 1.731999999999999886e+02
1.250000000000000000e+02 7.000000000000000666e-02 9.991879854618289716e-03 1.487202595528819984e+02 4.570780710466899563e+02 1.731999999999999886e+02
1.250000000000000000e+02 7.000000000000000666e-02 2.074456370878991276e-03 1.186066049744858049e+02 3.774454693523504375e+03 1.731999999999999886e+02
1.250000000000000000e+02 7.000000000000000666e-02 3.940136007758214542e-03 1.663626122438109860e+02 1.567589768154041622e+03 1.731999999999999886e+02
1.250000000000000000e+02 7.000000000000000666e-02 8.023919063878583863e-03 1.161963088130795398e+02 1.234636199384150132e+03 1.731999999999999886e+02
1.250000000000000000e+02 7.000000000000000666e-02 2.775726160560859808e-03 1.847014721907057719e+02 3.029134774500204912e+03 1.731999999999999886e+02
1.250000000000000000e+02 7.000000000000000666e-02 2.862813539562341063e-03 1.882189618791751116e+02 3.023873377211969455e+03 1.731999999999999886e+02
1.250000000000000000e+02 7.000000000000000666e-02 3.374986622320623377e-03 1.823443808807473658e+02 2.377042916998193959e+03 1.731999999999999886e+02
1.250000000000000000e+02 7.000000000000000666e-02 4.991003410401123608e-03 1.509457494330800955e+02 9.205236635053033751e+02 1.731999999999999886e+02
1.250000000000000000e+02 7.000000000000000666e-02 6.293916253157097809e-03 1.866889929447774819e+02 1.360160956884867801e+03 1.731999999999999886e+02
1.250000000000000000e+02 7.000000000000000666e-02 5.448221976477077635e-03 1.537941151502763262e+02 9.272966312900772436e+02 1.731999999999999886e+02
1.250000000000000000e+02 7.000000000000000666e-02 4.338845034661423065e-03 1.157979737865810961e+02 2.575132897813355157e+03 1.731999999999999886e+02
1.250000000000000000e+02 7.000000000000000666e-02 9.844033441742904705e-03 1.633073156975709139e+02 5.826423436938705436e+02 1.731999999999999886e+02
1.250000000000000000e+02 7.000000000000000666e-02 2.433763563207930192e-03 1.926017280796704370e+02 3.910918356669870718e+03 1.731999999999999886e+02
1.250000000000000000e+02 7.000000000000000666e-02 5.098445593389112213e-03 1.146202890952652069e+02 2.382999056092413412e+03 1.731999999999999886e+02
1.250000000000000000e+02 7.000000000000000666e-02 3.049212281088024747e-03 1.474589735497099525e+02 1.424848272615427504e+03 1.731999999999999886e+02
1.250000000000000000e+02 7.000000000000000666e-02 1.568546310552663319e-03 1.571388548759852881e+02 3.450785607771769264e+03 1.731999999999999886e+02
1.250000000000000000e+02 7.000000000000000666e-02 2.228332317046228649e-03 1.663339559003352690e+02 2.801209898206469006e+03 1.731999999999999886e+02
1.250000000000000000e+02 7.000000000000000666e-02 6.817725024010178568e-03 1.098076550327919705e+02 3.018260080328822824e+03 1.731999999999999886e+02
1.250000000000000000e+02 7.000000000000000666e-02 6.991217414448454813e-03 1.955038200124674006e+02 1.463336638697570834e+03 1.731999999999999886e+02
1.250000000000000000e+02 7.000000000000000666e-02 3.656062708942500478e-03 1.145499214936738070e+02 3.433381602230619592e+03 1.731999999999999886e+02
1.250000000000000000e+02 7.000000000000000666e-02 7.203093505301995381e-03 1.077339084707076324e+02 3.962657397370029230e+03 1.731999999999999886e+02
1.250000000000000000e+02 7.000000000000000666e-02 6.233477121692945939e-03 1.112243266925865441e+02 2.928961460427581642e+03 1.731999999999999886e+02
1.250000000000000000e+02 7.000000000000000666e-02 4.466456942212663518e-03 1.313354364906055594e+02 7.889450038141862933e+02 1.731999999999999886e+02
1.250000000000000000e+02 7.000000000000000666e-02 1.561598629047178258e-03 1.343889680572542602e+02 2.226680388243644757e+03 1.731999999999999886e+02
1.250000000000000000e+02 7.000000000000000666e-02 8.342766273614760780e-03 1.953740184798493260e+02 1.159079789611121214e+03 1.731999999999999886e+02
1.250000000000000000e+02 7.000000000000000666e-02 1.485899676258207363e-03 1.557507177109941949e+02 3.308875858651533690e+03 1.731999999999999886e+02
1.250000000000000000e+02 7.000000000000000666e-02 5.914173960170449225e-03 1.804303076165757034e+02 1.341925056108683748e+03 1.731999999999999886e+02
1.250000000000000000e+02 7.000000000000000666e-02 7.081036377721235987e-03 1.163309162968486987e+02 1.397557227071412626e+03 1.731999999999999886e+02
1.250000000000000000e+02 7.000000000000000666e-02 4.763110365438913592e-03 1.634620942389767322e+02 1.273297439434737043e+03 1.731999999999999886e+02
1.250000000000000000e+02 7.000000000000000666e-02 7.366356620851525691e-03 1.815504657739305117e+02 1.046591960685280583e+03 1.731999999999999886e+02
1.250000000000000000e+02 7.000000000000000666e-02 4.004686664067095940e-03 1.952775998473838399e+02 2.590225578134219631e+03 1.731999999999999886e+02
1.250000000000000000e+02 7.000000000000000666e-02 5.888316463673758452e-03 1.290175110862829229e+02 5.984895233992184558e+02 1.731999999999999886e+02
1.250000000000000000e+02 7.000000000000000666e-02 9.917151747127837379e-04 1.375813028184225573e+02 3.726093097206605307e+03 1.731999999999999886e+02
1.250000000000000000e+02 7.000000000000000666e-02 4.262989067217348889e-03 1.291738419256051031e+02 8.406404030702190084e+02 1.731999999999999886e+02
1.250000000000000000e+02 7.000000000000000666e-02 3.425883717945956385e-03 1.844028912363523887e+02 2.356519736500358704e+03 1.731999999999999886e+02
1.250000000000000000e+02 7.000000000000000666e-02 5.176849345975202341e-03 1.431173566782381386e+02 8.137908614874942259e+02 1.731999999999999886e+02
1.250000000000000000e+02 7.000000000000000666e-02 6.408119526512974160e-03 1.605956693289297164e+02 8.333179136943749654e+02 1.731999999999999886e+02
1.250000000000000000e+02 7.000000000000000666e-02 6.338726139468480424e-03 1.893076686958389985e+02 1.441827938432114252e+03 1.731999999999999886e+02
1.250000000000000000e+02 7.000000000000000666e-02 6.168749356772567499e-03 1.795305970129266484e+02 1.278320792728977949e+03 1.731999999999999886e+02
1.250000000000000000e+02 7.000000000000000666e-02 9.499714328111034251e-03 1.748187848878833961e+02 7.164362428947525814e+02 1.731999999999999886e+02
1.250000000000000000e+02 7.000000000000000666e-02 2.125285660311146234e-03 1.202768404040900094e+02 3.060353925408506711e+03 1.731999999999999886e+02
1.250000000000000000e+02 7.000000000000000666e-02 4.598691442589300515e-03 1.187111032698612121e+02 1.745165619336994723e+03 1.731999999999999886e+02
1.250000000000000000e+02 7.000000000000000666e-02 7.599960593712400646e-03 1.265698391815549115e+02 4.801131202677169085e+02 1.731999999999999886e+02
1.250000000000000000e+02 7.000000000000000666e-02 5.852089786300787924e-03 1.551703584115290937e+02 8.862726061221843565e+02 1.731999999999999886e+02
1.250000000000000000e+02 7.000000000000000666e-02 3.143097590969680822e-03 1.724784019883354631e+02 2.243266721191744637e+03 1.731999999999999886e+02
1.250000000000000000e+02 7.000000000000000666e-02 6.028414575095258042e-03 1.247462768235570536e+02 6.659249571770251350e+02 1.731999999999999886e+02
1.250000000000000000e+02 7.000000000000000666e-02 4.215361541172267523e-03 1.157326581547371092e+02 2.510200300256898572e+03 1.731999999999999886e+02
1.250000000000000000e+02 7.000000000000000666e-02 6.222136403894976998e-03 1.840651203630857253e+02 1.366490293242977714e+03 1.731999999999999886e+02
1.250000000000000000e+02 7.000000000000000666e-02 1.989529079304229713e-03 1.670994224075943464e+02 3.235232098819049952e+03 1.731999999999999886e+02
1.250000000000000000e+02 7.000000000000000666e-02 2.896792134866523795e-03 1.422584525312300059e+02 1.357297977013931586e+03 1.731999999999999886e+02
1.250000000000000000e+02 7.000000000000000666e-02 4.480698877495833780e-03 1.171038777405127433e+02 2.046190167807412990e+03 1.731999999999999886e+02
1.250000000000000000e+02 7.000000000000000666e-02 2.298093913525733976e-03 1.484512182925714114e+02 2.009881124570730663e+03 1.731999999999999886e+02
1.250000000000000000e+02 7.000000000000000666e-02 6.519891122218577154e-03 1.124325838334691099e+02 2.545106246475553689e+03 1.731999999999999886e+02
1.250000000000000000e+02 7.000000000000000666e-02 3.041196698913488632e-03 1.789331556354512713e+02 2.609043078800007606e+03 1.731999999999999886e+02
1.250000000000000000e+02 7.000000000000000666e-02 2.987690442689302627e-03 1.635061045870903627e+02 1.980881973493532541e+03 1.731999999999999886e+02
1.250000000000000000e+02 7.000000000000000666e-02 8.249423559298866421e-03 1.564872890033092290e+02 6.398154357320154304e+02 1.731999999999999886e+02
1.250000000000000000e+02 7.000000000000000666e-02 2.256564474000819897e-03 1.813170605366206587e+02 3.490851744431786301e+03 1.731999999999999886e+02
1.250000000000000000e+02 7.000000000000000666e-02 7.961691483609102324e-03 1.118513716871750603e+02 2.198040639545269187e+03 1.731999999999999886e+02
1.250000000000000000e+02 7.000000000000000666e-02 2.946270175602181199e-03 1.171591975115226063e+02 3.229100667011261521e+03 1.731999999999999886e+02
1.250000000000000000e+02 7.000000000000000666e-02 5.850209690678966588e-03 1.206570284924504506e+02 1.122685423819134712e+03 1.731999999999999886e+02
1.250000000000000000e+02 7.000000000000000666e-02 3.211035851498135127e-03 1.960480865079144905e+02 3.138029721360286203e+03 1.731999999999999886e+02
1.250000000000000000e+02 7.000000000000000666e-02 8.359585249490569803e-03 1.635904037358940855e+02 6.728547036659016385e+02 1.731999999999999886e+02
1.250000000000000000e+02 7.000000000000000666e-02 7.190889011562865904e-03 1.226868999317040050e+02 6.735775922435442453e+02 1.731999999999999886e+02
1.250000000000000000e+02 7.000000000000000666e-02 9.772669749169174067e-03 1.266279725273820560e+02 3.566424568216332887e+02 1.731999999999999886e+02
1.250000000000000000e+02 7.000000000000000666e-02 7.579272321779436175e-03 1.599014538337693523e+02 7.125596277407173602e+02 1.731999999999999886e+02
1.250000000000000000e+02 7.000000000000000666e-02 2.584050083090071778e-03 1.693039894373157779e+02 2.462878167295749336e+03 1.731999999999999886e+02
1.250000000000000000e+02 7.000000000000000666e-02 2.671354587729694256e-03 1.552101483668628816e+02 1.857484734117847211e+03 1.731999999999999886e+02
1.250000000000000000e+02 7.000000000000000666e-02 1.519328007370772306e-03 1.537583858385685289e+02 3.162915258936134251e+03 1.731999999999999886e+02
1.250000000000000000e+02 7.000000000000000666e-02 2.642536581540772585e-03 1.231769875447439659e+02 1.899047536601458205e+03 1.731999999999999886e+02
1.250000000000000000e+02 7.000000000000000666e-02 6.779693970061292409e-03 1.725677730353796733e+02 9.992503681041786194e+02 1.731999999999999886e+02
1.250000000000000000e+02 7.000000000000000666e-02 5.273008557838793423e-03 1.207716086074258044e+02 1.140293742339968730e+03 1.731999999999999886e+02
1.250000000000000000e+02 7.000000000000000666e-02 2.702374807446167662e-03 1.692330648977302303e+02 2.338992847347372845e+03 1.731999999999999886e+02
1.250000000000000000e+02 7.000000000000000666e-02 5.256767776947827119e-03 1.478832660780235528e+02 8.185909268461348347e+02 1.731999999999999886e+02
1.250000000000000000e+02 7.000000000000000666e-02 8.223450471766872300e-03 1.069565863405590846e+02 3.767934091683772749e+03 1.731999999999999886e+02
1.250000000000000000e+02 7.000000000000000666e-02 3.402058995865258652e-03 1.819712592941738478e+02 2.399352335348882207e+03 1.731999999999999886e+02
1.250000000000000000e+02 7.000000000000000666e-02 5.244830583187695856e-03 1.484287998136735496e+02 8.507377924961039071e+02 1.731999999999999886e+02
1.250000000000000000e+02 7.000000000000000666e-02 1.985954412585341170e-03 1.792107103194522324e+02 3.721288347746202362e+03 1.731999999999999886e+02
1.250000000000000000e+02 7.000000000000000666e-02 8.551587203575856944e-03 1.222620267469196449e+02 6.177598341430372102e+02 1.731999999999999886e+02
1.250000000000000000e+02 7.000000000000000666e-02 4.798772754365840387e-03 1.973147202851963584e+02 2.139649228637297711e+03 1.731999999999999886e+02
1.250000000000000000e+02 7.000000000000000666e-02 5.310284256238900942e-03 1.114695739617470451e+02 3.466878324677234559e+03 1.731999999999999886e+02
1.250000000000000000e+02 7.000000000000000666e-02 2.472626760582903420e-03 1.317230731053002160e+02 1.460126268610214765e+03 1.731999999999999886e+02
1.250000000000000000e+02 7.000000000000000666e-02 6.266106801692803742e-03 1.444393528276838765e+02 6.415041540558372617e+02 1.731999999999999886e+02
1.250000000000000000e+02 7.000000000000000666e-02 7.743159993119019639e-03 1.883039887189797241e+02 1.146799808318115311e+03 1.731999999999999886e+02
1.250000000000000000e+02 7.000000000000000666e-02 2.014929278625364906e-03 1.567802285523794126e+02 2.652069440195214156e+03 1.731999999999999886e+02
1.250000000000000000e+02 7.000000000000000666e-02 2.136468112121554536e-03 1.676961570835090640e+02 3.064014148407190987e+03 1.731999999999999886e+02
1.250000000000000000e+02 7.000000000000000666e-02 4.155556553044395356e-03 1.514139619059131121e+02 1.176764694217306669e+03 1.731999999999999886e+02
1.250000000000000000e+02 7.000000000000000666e-02 4.210697549310970199e-03 1.926260361435067807e+02 2.282275359993035636e+03 1.731999999999999886e+02
1.250000000000000000e+02 7.000000000000000666e-02 8.093657546169018627e-03 1.802264121577962612e+02 9.509992275521867668e+02 1.731999999999999886e+02
1.250000000000000000e+02 7.000000000000000666e-02 1.704900997880170284e-03 1.358900909056225430e+02 2.053438084042699302e+03 1.731999999999999886e+02
1.250000000000000000e+02 7.000000000000000666e-02 8.455306128262108506e-03 1.097443930698319861e+02 2.530851595683243886e+03 1.731999999999999886e+02
1.250000000000000000e+02 7.000000000000000666e-02 2.115700582691385032e-03 1.638929176439731350e+02 2.730344245830352065e+03 1.731999999999999886e+02
1.250000000000000000e+02 7.000000000000000666e-02 7.435268951973554759e-03 1.361108314585322603e+02 4.860198729848992230e+02 1.731999999999999886e+02
1.250000000000000000e+02 7.000000000000000666e-02 3.541156931811968028e-03 1.952932353132482604e+02 2.939460046438817699e+03 1.731999999999999886e+02
1.250000000000000000e+02 7.000000000000000666e-02 5.419970546673476969e-03 1.160319501674122762e+02 2.013945483469767396e+03 1.731999999999999886e+02
1.250000000000000000e+02 7.000000000000000666e-02 6.579970209780071876e-03 1.986893129178114918e+02 1.663309063171575417e+03 1.731999999999999886e+02
1.250000000000000000e+02 7.000000000000000666e-02 9.484456900380321132e-03 1.086587713552896872e+02 2.660862625861813285e+03 1.731999999999999886e+02
1.250000000000000000e+02 7.000000000000000666e-02 1.679023957036583636e-03 1.364751183671664876e+02 2.146245283801107234e+03 1.731999999999999886e+02
1.250000000000000000e+02 7.000000000000000666e-02 4.409302631280508263e-03 1.713133896878601945e+02 1.581118947859190712e+03 1.731999999999999886e+02
1.250000000000000000e+02 7.000000000000000666e-02 3.033072315264144590e-03 1.874081509791213875e+02 2.926592690064514500e+03 1.731999999999999886e+02
1.250000000000000000e+02 7.000000000000000666e-02 4.521763963915796831e-03 1.238113050737091498e+02 9.676976083497814898e+02 1.731999999999999886e+02
1.250000000000000000e+02 7.000000000000000666e-02 3.600755600043689404e-03 1.819153919156962047e+02 2.152936255933684151e+03 1.731999999999999886e+02
1.250000000000000000e+02 7.000000000000000666e-02 9.370086466927650751e-03 1.900070694157953994e+02 9.663244963831609766e+02 1.731999999999999886e+02
1.250000000000000000e+02 7.000000000000000666e-02 6.744567406669128851e-03 1.725208378449683266e+02 9.953522274417849758e+02 1.731999999999999886e+02
1.250000000000000000e+02 7.000000000000000666e-02 1.046133676655273568e-03 1.394834644507446910e+02 3.720468683347462047e+03 1.731999999999999886e+02
1.250000000000000000e+02 7.000000000000000666e-02 2.007333507284480081e-03 1.704734033317789397e+02 3.338427110877087671e+03 1.731999999999999886e+02
1.250000000000000000e+02 7.000000000000000666e-02 7.751255610364775513e-03 1.676992780995018961e+02 8.326533989188513942e+02 1.731999999999999886e+02
1.250000000000000000e+02 7.000000000000000666e-02 3.640983705203198334e-03 1.188198547331553527e+02 2.215392740327203228e+03 1.731999999999999886e+02
1.250000000000000000e+02 7.000000000000000666e-02 7.686943627049525052e-03 1.185221375037376959e+02 1.084691401045211478e+03 1.731999999999999886e+02
1.250000000000000000e+02 7.000000000000000666e-02 3.313931880635740540e-03 1.980549889117989153e+02 3.203020138817852967e+03 1.731999999999999886e+02
1.250000000000000000e+02 7.000000000000000666e-02 2.553292417768409685e-03 1.732627431059182186e+02 2.791395123153633904e+03 1.731999999999999886e+02
1.250000000000000000e+02 7.000000000000000666e-02 3.563281164820226218e-03 1.748016496094129195e+02 2.012176758567691422e+03 1.731999999999999886e+02
1.250000000000000000e+02 7.000000000000000666e-02 5.443478614963629357e-03 1.924493257805967517e+02 1.711225243490038110e+03 1.731999999999999886e+02
1.250000000000000000e+02 7.000000000000000666e-02 7.588521962672555368e-03 1.091890218541999502e+02 3.041153876215749278e+03 1.731999999999999886e+02
1.250000000000000000e+02 7.000000000000000666e-02 2.152386127464340354e-03 1.819250200775666713e+02 3.641682492316695516e+03 1.731999999999999886e+02
1.250000000000000000e+02 7.000000000000000666e-02 2.974978114212274271e-03 1.883625607054755733e+02 3.000956950555814728e+03 1.731999999999999886e+02
1.250000000000000000e+02 7.000000000000000666e-02 8.989241354767555855e-03 1.320314844681402633e+02 3.910536917047222687e+02 1.731999999999999886e+02
1.250000000000000000e+02 7.000000000000000666e-02 7.426509303555885698e-03 1.075905494127407707e+02 3.783870638151105140e+03 1.731999999999999886e+02
1.250000000000000000e+02 7.000000000000000666e-02 3.517077788785088859e-03 1.896298809264814054e+02 2.577372288736472456e+03 1.731999999999999886e+02
1.250000000000000000e+02 7.000000000000000666e-02 6.937922922244485653e-03 1.308722927352628460e+02 5.150078253793526528e+02 1.731999999999999886e+02
1.250000000000000000e+02 7.000000000000000666e-02 3.453250693987325228e-03 1.865668727353146892e+02 2.497336746092637441e+03 1.731999999999999886e+02
1.250000000000000000e+02 7.000000000000000666e-02 5.488493794013935001e-03 1.128178599365778183e+02 2.790252892082702147e+03 1.731999999999999886e+02
1.250000000000000000e+02 7.000000000000000666e-02 6.833825932850248405e-03 1.957751472389937817e+02 1.509059279112838794e+03 1.731999999999999886e+02
1.250000000000000000e+02 7.000000000000000666e-02 3.407451013641059345e-03 1.616609205624319827e+02 1.605097955177778431e+03 1.731999999999999886e+02
1.250000000000000000e+02 7.000000000000000666e-02 2.552737411356621744e-03 1.956541811283231027e+02 3.980163139978832533e+03 1.731999999999999886e+02
1.250000000000000000e+02 7.000000000000000666e-02 5.313152707585343422e-03 1.787277319484740588e+02 1.422769109807573841e+03 1.731999999999999886e+02
1.250000000000000000e+02 7.000000000000000666e-02 5.369558064487587982e-03 1.294665702304779415e+02 6.395523878012689920e+02 1.731999999999999886e+02
1.250000000000000000e+02 7.000000000000000666e-02 1.408547227032169551e-03 1.429073065713481867e+02 2.849915052497229681e+03 1.731999999999999886e+02
1.250000000000000000e+02 7.000000000000000666e-02 6.315981960721132882e-03 1.579231451176327425e+02 8.280718201041388511e+02 1.731999999999999886e+02
1.250000000000000000e+02 7.000000000000000666e-02 8.976149215669936010e-03 1.723291198890340752e+02 7.438572857631124862e+02 1.731999999999999886e+02
1.250000000000000000e+02 7.000000000000000666e-02 1.873036536195728675e-03 1.537421081540128966e+02 2.687606071852508194e+03 1.731999999999999886e+02
1.250000000000000000e+02 7.000000000000000666e-02 8.807570369002835908e-03 1.062035525765341077e+02 3.645073659685489019e+03 1.731999999999999886e+02
1.250000000000000000e+02 7.000000000000000666e-02 5.726981683250855111e-03 1.116424863820467124e+02 3.055451497035973716e+03 1.731999999999999886e+02
1.250000000000000000e+02 7.000000000000000666e-02 1.632648153050460975e-03 1.252666113300910666e+02 2.414623523093192944e+03 1.731999999999999886e+02
1.250000000000000000e+02 7.000000000000000666e-02 2.622718833686335689e-03 1.621785656849297936e+02 2.116885246249386910e+03 1.731999999999999886e+02
1.250000000000000000e+02 7.000000000000000666e-02 6.301724081489635219e-03 1.381404441889859243e+02 6.130855108835855845e+02 1.731999999999999886e+02
1.250000000000000000e+02 7.000000000000000666e-02 9.189066717636785791e-04 1.304884299441982876e+02 3.790335077085158900e+03 1.731999999999999886e+02
1.250000000000000000e+02 7.000000000000000666e-02 3.848578022963947652e-03 1.582518398290341111e+02 1.422439331389771951e+03 1.731999999999999886e+02
1.250000000000000000e+02 7.000000000000000666e-02 5.532298310839554346e-03 1.670974186483774417e+02 1.165502587794866940e+03 1.731999999999999886e+02
1.250000000000000000e+02 7.000000000000000666e-02 4.119115295139028250e-03 1.406884838942292788e+02 9.371169243591012901e+02 1.731999999999999886e+02
1.250000000000000000e+02 7.000000000000000666e-02 3.571144632857111822e-03 1.618749072717302511e+02 1.617818274862763474e+03 1.731999999999999886e+02
1.250000000000000000e+02 7.000000000000000666e-02 1.369303891761159374e-03 1.419574105837244247e+02 3.039303575815079967e+03 1.731999999999999886e+02
1.250000000000000000e+02 7.000000000000000666e-02 8.750374587513378224e-03 1.066881061661299270e+02 3.494349595436528034e+03 1.731999999999999886e+02
1.250000000000000000e+02 7.000000000000000666e-02 2.228479689177018629e-03 1.673317388061203133e+02 2.827528212449899456e+03 1.731999999999999886e+02
1.250000000000000000e+02 7.000000000000000666e-02 5.511938425142632117e-03 1.161424301709430722e+02 1.961559683601097731e+03 1.731999999999999886e+02
1.250000000000000000e+02 7.000000000000000666e-02 4.221701859551233588e-03 1.946465743892537148e+02 2.339117143819057219e+03 1.731999999999999886e+02
1.250000000000000000e+02 7.000000000000000666e-02 6.518274287773070247e-03 1.620324723820962731e+02 8.509900396868963526e+02 1.731999999999999886e+02
1.250000000000000000e+02 7.000000000000000666e-02 7.201863628142207707e-03 1.314588249058803626e+02 4.755462575182871774e+02 1.731999999999999886e+02
1.250000000000000000e+02 7.000000000000000666e-02 5.077364419934525530e-03 1.905231591514597653e+02 1.885198770356463001e+03 1.731999999999999886e+02
1.250000000000000000e+02 7.000000000000000666e-02 3.210026457738793422e-03 1.210087979504555733e+02 1.888749015737815625e+03 1.731999999999999886e+02
1.250000000000000000e+02 7.000000000000000666e-02 4.586761757695309236e-03 1.162810033072219511e+02 2.272317186855259024e+03 1.731999999999999886e+02
1.250000000000000000e+02 7.000000000000000666e-02 8.577494580450184189e-03 1.286472214540152379e+02 3.860851733870554199e+02 1.731999999999999886e+02
1.250000000000000000e+02 7.000000000000000666e-02 5.646163592142802723e-03 1.988275266954216249e+02 1.916969761242967706e+03 1.731999999999999886e+02
1.250000000000000000e+02 7.000000000000000666e-02 6.454527570950299893e-03 1.117478076572341052e+02 2.587596743321570557e+03 1.731999999999999886e+02
1.250000000000000000e+02 7.000000000000000666e-02 3.875924509096816128e-03 1.460268673721991775e+02 1.115340449718516084e+03 1.731999999999999886e+02
1.250000000000000000e+02 7.000000000000000666e-02 2.027327366613455081e-03 1.762616324911499532e+02 3.653381721409032707e+03 1.731999999999999886e+02
1.250000000000000000e+02 7.000000000000000666e-02 4.856145017204276278e-03 1.116709256663711898e+02 3.640516925024770444e+03 1.731999999999999886e+02
1.250000000000000000e+02 7.000000000000000666e-02 4.359259250117962677e-03 1.936154084789216654e+02 2.315583995649917597e+03 1.731999999999999886e+02
1.250000000000000000e+02 7.000000000000000666e-02 2.748701603430489700e-03 1.997684544075211761e+02 3.947113951112979976e+03 1.731999999999999886e+02
1.250000000000000000e+02 7.000000000000000666e-02 8.418827872201693069e-03 1.808402137577073461e+02 9.227925292616952220e+02 1.731999999999999886e+02
1.250000000000000000e+02 7.000000000000000666e-02 2.233395715598903049e-03 1.198831065697891916e+02 3.229224610395211130e+03 1.731999999999999886e+02
1.250000000000000000e+02 7.000000000000000666e-02 2.134772642127669671e-03 1.486592924313067101e+02 2.026134568736321853e+03 1.731999999999999886e+02
1.250000000000000000e+02 7.000000000000000666e-02 5.805636477720282906e-03 1.610897589685636717e+02 1.000894192228217094e+03 1.731999999999999886e+02
1.250000000000000000e+02 7.000000000000000666e-02 1.959629220823310217e-03 1.477979720916234214e+02 2.221444565884734857e+03 1.731999999999999886e+02
1.250000000000000000e+02 7.000000000000000666e-02 8.856581577800119037e-03 1.728041499815675763e+02 7.673943278123549590e+02 1.731999999999999886e+02
1.250000000000000000e+02 7.000000000000000666e-02 1.768158220321599649e-03 1.333779627192641044e+02 1.976059894861326256e+03 1.731999999999999886e+02
1.250000000000000000e+02 7.000000000000000666e-02 8.895982885444676108e-03 1.512150454743149339e+02 5.443918453557840849e+02 1.731999999999999886e+02
1.250000000000000000e+02 7.000000000000000666e-02 4.100281892579544021e-03 1.151568764272448107e+02 2.775141995216121813e+03 1.731999999999999886e+02
1.250000000000000000e+02 7.000000000000000666e-02 3.320975190281076801e-03 1.528347063480079271e+02 1.514923856160698733e+03 1.731999999999999886e+02
1.250000000000000000e+02 7.000000000000000666e-02 2.277678821110615693e-03 1.699148066770168271e+02 2.948493625708956642e+03 1.731999999999999886e+02
1.250000000000000000e+02 7.000000000000000666e-02 6.462118237403308152e-03 1.094890165024640112e+02 3.523529338244899463e+03 1.731999999999999886e+02
1.250000000000000000e+02 7.000000000000000666e-02 5.198358998890993503e-03 1.940845021795713023e+02 1.897182607495656839e+03 1.731999999999999886e+02
1.250000000000000000e+02 7.000000000000000666e-02 1.537026880596301971e-03 1.541082325574915615e+02 3.258763848945366590e+03 1.731999999999999886e+02
1.250000000000000000e+02 7.000000000000000666e-02 2.711144137665187377e-03 1.474993784115229687e+02 1.645384284601171885e+03 1.731999999999999886e+02
1.250000000000000000e+02 7.000000000000000666e-02 4.129967493203610777e-03 1.343251212163297623e+02 8.950565602156905243e+02 1.731999999999999886e+02
1.250000000000000000e+02 7.000000000000000666e-02 3.644615821833858699e-03 1.575087329988023157e+02 1.444858967073147824e+03 1.731999999999999886e+02
1.250000000000000000e+02 7.000000000000000666e-02 7.821274238922133401e-03 1.302442864499101347e+02 4.230081020031968251e+02 1.731999999999999886e+02
1.250000000000000000e+02 7.000000000000000666e-02 2.812439542828574970e-03 1.453208299459577404e+02 1.478429175192118464e+03 1.731999999999999886e+02
1.250000000000000000e+02 7.000000000000000666e-02 1.422791546814207702e-03 1.412429011770225884e+02 2.738249061016895666e+03 1.731999999999999886e+02
1.250000000000000000e+02 7.000000000000000666e-02 1.604207877304655210e-03 1.642406673399250394e+02 3.683295492314083731e+03 1.731999999999999886e+02
1.250000000000000000e+02 7.000000000000000666e-02 6.373764654074028091e-03 1.486961484918467136e+02 7.065129447827941931e+02 1.731999999999999886e+02
1.250000000000000000e+02 7.000000000000000666e-02 3.679915323679658345e-03 1.943832478624951250e+02 2.597614370759960821e+03 1.731999999999999886e+02
1.250000000000000000e+02 7.000000000000000666e-02 1.045229943457726823e-03 1.322556609705321193e+02 3.247546171127796697e+03 1.731999999999999886e+02
1.250000000000000000e+02 7.000000000000000666e-02 4.852400332811132588e-03 1.111218628335147827e+02 3.740367376844555110e+03 1.731999999999999886e+02
1.250000000000000000e+02 7.000000000000000666e-02 2.589213991877412167e-03 1.864933238698170044e+02 3.375854631019353292e+03 1.731999999999999886e+02
1.250000000000000000e+02 7.000000000000000666e-02 3.678156553694225585e-03 1.192326437037984448e+02 2.047871018185618141e+03 1.731999999999999886e+02
1.250000000000000000e+02 7.000000000000000666e-02 4.555504046831234354e-03 1.140641899316455863e+02 2.968107594763177076e+03 1.731999999999999886e+02
1.250000000000000000e+02 7.000000000000000666e-02 2.959868096850593999e-03 1.186440456639260077e+02 2.762610445035461908e+03 1.731999999999999886e+02
1.250000000000000000e+02 7.000000000000000666e-02 7.851345475738895352e-03 1.311982488753843086e+02 4.493831131156769061e+02 1.731999999999999886e+02
1.250000000000000000e+02 7.000000000000000666e-02 8.874178576351922712e-03 1.096757392527752586e+02 2.415665588426099021e+03 1.731999999999999886e+02
1.250000000000000000e+02 7.000000000000000666e-02 3.902586404473591761e-03 1.150893331562896975e+02 2.962948348212041310e+03 1.731999999999999886e+02
1.250000000000000000e+02 7.000000000000000666e-02 6.203898009798909305e-03 1.875093840197093868e+02 1.445053052507524626e+03 1.731999999999999886e+02
1.250000000000000000e+02 7.000000000000000666e-02 5.754174156882456599e-03 1.928366541208936269e+02 1.648728431875824299e+03 1.731999999999999886e+02
1.250000000000000000e+02 7.000000000000000666e-02 4.340003869479420150e-03 1.125875085991123399e+02 3.594544202881372712e+03 1.731999999999999886e+02
1.250000000000000000e+02 7.000000000000000666e-02 8.324212350891799228e-03 1.163162152963431311e+02 1.228457157050888327e+03 1.731999999999999886e+02
1.250000000000000000e+02 7.000000000000000666e-02 2.956464033960884245e-03 1.810292915209842306e+02 2.685872264446503777e+03 1.731999999999999886e+02
1.250000000000000000e+02 7.000000000000000666e-02 5.386941359501955240e-03 1.912241134400098872e+02 1.709310755058210134e+03 1.731999999999999886e+02
1.250000000000000000e+02 7.000000000000000666e-02 4.118389478026131777e-03 1.978836273998402930e+02 2.468358502319952549e+03 1.731999999999999886e+02
1.250000000000000000e+02 7.000000000000000666e-02 4.321249626811856856e-03 1.135106185023503826e+02 3.398180662057983682e+03 1.731999999999999886e+02
1.250000000000000000e+02 7.000000000000000666e-02 8.666740110347518483e-03 1.543013622480140157e+02 5.498634541075908828e+02 1.731999999999999886e+02
1.250000000000000000e+02 7.000000000000000666e-02 3.075846220046112543e-03 1.818116540989586269e+02 2.674422734939147631e+03 1.731999999999999886e+02
1.250000000000000000e+02 7.000000000000000666e-02 3.607893497586465992e-03 1.209613197658040349e+02 1.637827692915652960e+03 1.731999999999999886e+02
1.250000000000000000e+02 7.000000000000000666e-02 2.075741350242895755e-03 1.788619492262401423e+02 3.841476966024620651e+03 1.731999999999999886e+02
1.250000000000000000e+02 7.000000000000000666e-02 2.887126217410426743e-03 1.980141148403447460e+02 3.653446810943260516e+03 1.731999999999999886e+02
1.250000000000000000e+02 7.000000000000000666e-02 3.651069083168097685e-03 1.508808142846369833e+02 1.253156850083490326e+03 1.731999999999999886e+02
1.250000000000000000e+02 7.000000000000000666e-02 4.422530318253049819e-03 1.297212237202150504e+02 7.667793457009129270e+02 1.731999999999999886e+02
1.250000000000000000e+02 7.000000000000000666e-02 5.679606521990373906e-03 1.547437506972045185e+02 8.440223664636956755e+02 1.731999999999999886e+02
1.250000000000000000e+02 7.000000000000000666e-02 4.813855623139897018e-03 1.181514182734378551e+02 1.670643878614059304e+03 1.731999999999999886e+02
1.250000000000000000e+02 7.000000000000000666e-02 9.705971951894014002e-03 1.180125331881464774e+02 8.607505885298846806e+02 1.731999999999999886e+02
1.250000000000000000e+02 7.000000000000000666e-02 2.859442147116760414e-03 1.173993268039849340e+02 3.066964699034738715e+03 1.731999999999999886e+02
1.250000000000000000e+02 7.000000000000000666e-02 5.984286488428743750e-03 1.154532678120978062e+02 1.899811909701453487e+03 1.731999999999999886e+02
1.250000000000000000e+02 7.000000000000000666e-02 2.688823817698147382e-03 1.926086466767345655e+02 3.701671542941181542e+03 1.731999999999999886e+02
1.250000000000000000e+02 7.000000000000000666e-02 3.845076242768048942e-03 1.512181464091644045e+02 1.253504036630115252e+03 1.731999999999999886e+02
1.250000000000000000e+02 7.000000000000000666e-02 7.937271617989972647e-03 1.073934467925629690e+02 3.780180210443702435e+03 1.731999999999999886e+02
1.250000000000000000e+02 7.000000000000000666e-02 5.601472835356344562e-03 1.831542058389517251e+02 1.420293622281616990e+03 1.731999999999999886e+02
1.250000000000000000e+02 7.000000000000000666e-02 1.216973022355512073e-03 1.457142771704357926e+02 3.394618238009055403e+03 1.731999999999999886e+02
1.250000000000000000e+02 7.000000000000000666e-02 4.615389286593907583e-03 1.993763734362408968e+02 2.269401684557851240e+03 1.731999999999999886e+02
1.250000000000000000e+02 7.000000000000000666e-02 3.193523005793900277e-03 1.623657865638213877e+02 1.769632938191556150e+03 1.731999999999999886e+02
1.250000000000000000e+02 7.000000000000000666e-02 1.425745952809412496e-03 1.404014009683679660e+02 2.636428763847247410e+03 1.731999999999999886e+02
1.250000000000000000e+02 7.000000000000000666e-02 4.244146450513051200e-03 1.498649681694971321e+02 1.089664475628541368e+03 1.731999999999999886e+02
1.250000000000000000e+02 7.000000000000000666e-02 4.709420250140807993e-03 1.137687064501155731e+02 2.810400096652499542e+03 1.731999999999999886e+02
1.250000000000000000e+02 7.000000000000000666e-02 2.662867253021102519e-03 1.458014606503709842e+02 1.561949691502661153e+03 1.731999999999999886e+02
1.250000000000000000e+02 7.000000000000000666e-02 1.924794885932250375e-03 1.516407129897940251e+02 2.421441531771726659e+03 1.731999999999999886e+02
1.250000000000000000e+02 7.000000000000000666e-02 5.162832138286522869e-03 1.854349303909069420e+02 1.657126313256194635e+03 1.731999999999999886e+02
1.250000000000000000e+02 7.000000000000000666e-02 8.561393227585990459e-03 1.066456981795586643e+02 3.541654728292714481e+03 1.731999999999999886e+02
1.250000000000000000e+02 7.000000000000000666e-02 2.411444764610160343e-03 1.316039652204832748e+02 1.406766534450174504e+03 1.731999999999999886e+02
1.250000000000000000e+02 7.000000000000000666e-02 1.082299688845752899e-03 1.292286714050751186e+02 3.085252270879979278e+03 1.731999999999999886e+02
1.250000000000000000e+02 7.000000000000000666e-02 9.263020076194512786e-03 1.182167250328236889e+02 9.119084321261606192e+02 1.731999999999999886e+02
1.250000000000000000e+02 7.000000000000000666e-02 4.027611043901304852e-03 1.168805195982504586e+02 2.371132734033510133e+03 1.731999999999999886e+02
1.250000000000000000e+02 7.000000000000000666e-02 5.402853879804068137e-03 1.961770017499372329e+02 1.874800112167602265e+03 1.731999999999999886e+02
1.250000000000000000e+02 7.000000000000000666e-02 5.542045485271936134e-03 1.959441089515843260e+02 1.753404508626116467e+03 1.731999999999999886e+02
1.250000000000000000e+02 7.000000000000000666e-02 1.060570571775513700e-03 1.262096188524661500e+02 3.517939246530688706e+03 1.731999999999999886e+02
1.250000000000000000e+02 7.000000000000000666e-02 2.476524742635177658e-03 1.172827211730246120e+02 3.762369887323089188e+03 1.731999999999999886e+02
1.250000000000000000e+02 7.000000000000000666e-02 9.525897538435310410e-03 1.742136663291122431e+02 7.274643138366068342e+02 1.731999999999999886e+02
1.250000000000000000e+02 7.000000000000000666e-02 2.692769696171696051e-03 1.777818351534188821e+02 2.733226045604295450e+03 1.731999999999999886e+02
1.250000000000000000e+02 7.000000000000000666e-02 3.840197100900366676e-03 1.724640118704327847e+02 1.838955354788598470e+03 1.731999999999999886e+02
1.250000000000000000e+02 7.000000000000000666e-02 6.159045643046585743e-03 1.987483333439250828e+02 1.696601216882572999e+03 1.731999999999999886e+02
1.250000000000000000e+02 7.000000000000000666e-02 5.860401881557381239e-03 1.331713007804935387e+02 6.064444387106174190e+02 1.731999999999999886e+02
1.250000000000000000e+02 7.000000000000000666e-02 7.174531031981835200e-03 1.289010566893048519e+02 4.861163200950917371e+02 1.731999999999999886e+02
1.250000000000000000e+02 7.000000000000000666e-02 3.964385524381711622e-03 1.782514820912444975e+02 1.956127935437545148e+03 1.731999999999999886e+02
1.250000000000000000e+02 7.000000000000000666e-02 4.117965626956598089e-03 1.644866521203854859e+02 1.400505700902791659e+03 1.731999999999999886e+02
1.250000000000000000e+02 7.000000000000000666e-02 2.911826107397303461e-03 1.901750817145827739e+02 3.073921883459654964e+03 1.731999999999999886e+02
1.250000000000000000e+02 7.000000000000000666e-02 6.657228527328824114e-03 1.766950141765853459e+02 1.080970330698878797e+03 1.731999999999999886e+02
1.250000000000000000e+02 7.000000000000000666e-02 4.245117970376321472e-03 1.123247214716308804e+02 3.786229769032428067e+03 1.731999999999999886e+02
1.250000000000000000e+02 7.000000000000000666e-02 2.853317742436128381e-03 1.677417707416925623e+02 2.265405905585585515e+03 1.731999999999999886e+02
1.250000000000000000e+02 7.000000000000000666e-02 8.119647522326377265e-03 1.122957426443705629e+02 1.990332086178387954e+03 1.731999999999999886e+02
1.250000000000000000e+02 7.000000000000000666e-02 4.909603067447921611e-03 1.796263814389854474e+02 1.588371239753768350e+03 1.731999999999999886e+02
1.250000000000000000e+02 7.000000000000000666e-02 3.669936963492436820e-03 1.770255651847904801e+02 2.097620236881096389e+03 1.731999999999999886e+02
1.250000000000000000e+02 7.000000000000000666e-02 2.126996267614083159e-03 1.697063022908927223e+02 3.124175748676932017e+03 1.731999999999999886e+02
1.250000000000000000e+02 7.000000000000000666e-02 5.023887810270930530e-03 1.782585866400174268e+02 1.449629030871689110e+03 1.731999999999999886e+02
1.250000000000000000e+02 7.000000000000000666e-02 4.537092643348663787e-03 1.362876373295561052e+02 7.906368837539696415e+02 1.731999999999999886e+02
1.250000000000000000e+02 7.000000000000000666e-02 2.379473594736531295e-03 1.427647456649387436e+02 1.738178508404868808e+03 1.731999999999999886e+02
1.250000000000000000e+02 7.000000000000000666e-02 4.532511848385727474e-03 1.345287027305520269e+02 7.961274196054897629e+02 1.731999999999999886e+02
1.250000000000000000e+02 7.000000000000000666e-02 9.079431652873072231e-03 1.063101504372715169e+02 3.673292927886510370e+03 1.731999999999999886e+02
1.250000000000000000e+02 7.000000000000000666e-02 6.431166186028598221e-03 1.124160168082710527e+02 2.412862037166520167e+03 1.731999999999999886e+02
1.250000000000000000e+02 7.000000000000000666e-02 8.005463729507247134e-03 1.096255566808285238e+02 2.874104375487784637e+03 1.731999999999999886e+02
1.250000000000000000e+02 7.000000000000000666e-02 2.438202698960971557e-03 1.280327564527552795e+02 1.438859089009534728e+03 1.731999999999999886e+02
1.250000000000000000e+02 7.000000000000000666e-02 9.682695268597944077e-03 1.882888051075047997e+02 8.906750000960283842e+02 1.731999999999999886e+02
1.250000000000000000e+02 7.000000000000000666e-02 8.965522896453966689e-03 1.064323915493757085e+02 3.778447757310270845e+03 1.731999999999999886e+02
1.250000000000000000e+02 7.000000000000000666e-02 6.530922145712133968e-03 1.966311318099768641e+02 1.532663789835725538e+03 1.731999999999999886e+02
1.250000000000000000e+02 7.000000000000000666e-02 4.408769024247218699e-03 1.312530956473628976e+02 7.888816486866377318e+02 1.731999999999999886e+02
1.250000000000000000e+02 7.000000000000000666e-02 4.132116571690081473e-03 1.212498937183425483e+02 1.393734435526428570e+03 1.731999999999999886e+02
1.250000000000000000e+02 7.000000000000000666e-02 1.300735376409771537e-03 1.429651578438699175e+02 3.125757422321230479e+03 1.731999999999999886e+02
1.250000000000000000e+02 7.000000000000000666e-02 4.387971070112133172e-03 1.844213377545863750e+02 1.968104901945188203e+03 1.731999999999999886e+02
1.250000000000000000e+02 7.000000000000000666e-02 4.520160112820703797e-03 1.777249444366339048e+02 1.630598294332567093e+03 1.731999999999999886e+02
1.250000000000000000e+02 7.000000000000000666e-02 2.646748928192663337e-03 1.638545610739009817e+02 2.166650132342758297e+03 1.731999999999999886e+02
1.250000000000000000e+02 7.000000000000000666e-02 2.836808494313104896e-03 1.557644646756797329e+02 1.731110702389197968e+03 1.731999999999999886e+02
1.250000000000000000e+02 7.000000000000000666e-02 2.278072325795161591e-03 1.845728590507570743e+02 3.645516043203916524e+03 1.731999999999999886e+02
1.250000000000000000e+02 7.000000000000000666e-02 6.138730003284951532e-03 1.737304530527005682e+02 1.103235233143527239e+03 1.731999999999999886e+02
1.250000000000000000e+02 7.000000000000000666e-02 3.234774498426650803e-03 1.524607157372036284e+02 1.426096459977534096e+03 1.731999999999999886e+02
1.250000000000000000e+02 7.000000000000000666e-02 1.426941811653957949e-03 1.348620684104855343e+02 2.553713819128941850e+03 1.731999999999999886e+02
1.250000000000000000e+02 7.000000000000000666e-02 9.808332303495596177e-03 1.078502142193465971e+02 2.797060338268848682e+03 1.731999999999999886e+02
1.250000000000000000e+02 7.000000000000000666e-02 1.533234104495220709e-03 1.565372337047945166e+02 3.294205357721723431e+03 1.731999999999999886e+02
1.250000000000000000e+02 7.000000000000000666e-02 6.116116621778532741e-03 1.799034201464627358e+02 1.284935347026637601e+03 1.731999999999999886e+02
1.250000000000000000e+02 7.000000000000000666e-02 9.786778525356757547e-03 1.615319814437192179e+02 5.820450804413969763e+02 1.731999999999999886e+02
1.250000000000000000e+02 7.000000000000000666e-02 5.634910886368889663e-03 1.997377332269244903e+02 1.874192458239338293e+03 1.731999999999999886e+02
1.250000000000000000e+02 7.000000000000000666e-02 2.578055491642083918e-03 1.669297651093493187e+02 2.439029111148191078e+03 1.731999999999999886e+02
1.250000000000000000e+02 7.000000000000000666e-02 8.520586166874238518e-03 1.516721338238137378e+02 5.742264395112903230e+02 1.731999999999999886e+02
1.250000000000000000e+02 7.000000000000000666e-02 6.401245342057874932e-03 1.472409292579484088e+02 6.605816975820846437e+02 1.731999999999999886e+02
1.250000000000000000e+02 7.000000000000000666e-02 3.728916525362982806e-03 1.881089581488357396e+02 2.481618205017714445e+03 1.731999999999999886e+02
1.250000000000000000e+02 7.000000000000000666e-02 2.587591768892183192e-03 1.305912664440580500e+02 1.353323403987812981e+03 1.731999999999999886e+02
1.250000000000000000e+02 7.000000000000000666e-02 5.952589343866403551e-03 1.867832486507978729e+02 1.434094360836736541e+03 1.731999999999999886e+02
1.250000000000000000e+02 7.000000000000000666e-02 7.195002494169585282e-03 1.743853577050099943e+02 9.832127579760516483e+02 1.731999999999999886e+02
1.250000000000000000e+02 7.000000000000000666e-02 4.127196502791802626e-03 1.673071637039486177e+02 1.541573110531523525e+03 1.731999999999999886e+02
1.250000000000000000e+02 7.000000000000000666e-02 2.137993698714955176e-03 1.493094310067477011e+02 2.059103095416648102e+03 1.731999999999999886e+02
1.250000000000000000e+02 7.000000000000000666e-02 2.290194490085130201e-03 1.329784525161978763e+02 1.593614919409848426e+03 1.731999999999999886e+02
1.250000000000000000e+02 7.000000000000000666e-02 4.199576668528020272e-03 1.176556276969477892e+02 2.154764203590459601e+03 1.731999999999999886e+02
1.250000000000000000e+02 7.000000000000000666e-02 1.617605983392961504e-03 1.296340121751220238e+02 2.123450128849267458e+03 1.731999999999999886e+02
1.250000000000000000e+02 7.000000000000000666e-02 6.336728777942455919e-03 1.446737535378947541e+02 6.711651412358445441e+02 1.731999999999999886e+02
1.250000000000000000e+02 7.000000000000000666e-02 4.958919648763777943e-03 1.988548248235472897e+02 2.052749312121440653e+03 1.731999999999999886e+02
1.250000000000000000e+02 7.000000000000000666e-02 5.335392283577044224e-03 1.511885804596203116e+02 8.608127601771710715e+02 1.731999999999999886e+02
1.250000000000000000e+02 7.000000000000000666e-02 1.553101630685084760e-03 1.392531857775400113e+02 2.450760170425566685e+03 1.731999999999999886e+02
1.250000000000000000e+02 7.000000000000000666e-02 7.758150169618615276e-03 1.232870382856956297e+02 5.959864265970300039e+02 1.731999999999999886e+02
1.250000000000000000e+02 7.000000000000000666e-02 1.465380416875720427e-03 1.561477198513291000e+02 3.430648256814185970e+03 1.731999999999999886e+02
1.250000000000000000e+02 7.000000000000000666e-02 9.958651496725281355e-03 1.282887472351944780e+02 3.403329488863575421e+02 1.731999999999999886e+02
1.250000000000000000e+02 7.000000000000000666e-02 9.478980532020340674e-03 1.220789443110216723e+02 5.611959319921946872e+02 1.731999999999999886e+02
1.250000000000000000e+02 7.000000000000000666e-02 5.530520698654836816e-03 1.916721780072332137e+02 1.682668745177383016e+03 1.731999999999999886e+02
1.250000000000000000e+02 7.000000000000000666e-02 2.558513536107253749e-03 1.755151760708436370e+02 2.786105220115046905e+03 1.731999999999999886e+02
1.250000000000000000e+02 7.000000000000000666e-02 8.723965358829192246e-03 1.953693736151245730e+02 1.116761459133880635e+03 1.731999999999999886e+02
1.250000000000000000e+02 7.000000000000000666e-02 9.899981111758264507e-03 1.312375215150897816e+02 3.552267249292557949e+02 1.731999999999999886e+02
1.250000000000000000e+02 7.000000000000000666e-02 8.986254658506082071e-03 1.952596145961166485e+02 1.069756944443641942e+03 1.731999999999999886e+02
1.250000000000000000e+02 7.000000000000000666e-02 4.960348380639361884e-03 1.926915676265356296e+02 1.887564198745986914e+03 1.731999999999999886e+02
1.250000000000000000e+02 7.000000000000000666e-02 4.043640260892685315e-03 1.201220250128026521e+02 1.653571387030488495e+03 1.731999999999999886e+02
1.250000000000000000e+02 7.000000000000000666e-02 6.438470023928068685e-03 1.612337745711747630e+02 9.052401270504142303e+02 1.731999999999999886e+02
1.250000000000000000e+02 7.000000000000000666e-02 9.196160802221001532e-03 1.113843396398626027e+02 1.970317665529037413e+03 1.731999999999999886e+02
1.250000000000000000e+02 7.000000000000000666e-02 4.825641599444024238e-03 1.128801593039018769e+02 3.166035826936844842e+03 1.731999999999999886e+02
1.250000000000000000e+02 7.000000000000000666e-02 2.321676429364154422e-03 1.781313828035882239e+02 3.245413225296260862e+03 1.731999999999999886e+02
1.250000000000000000e+02 7.000000000000000666e-02 6.833985529860236302e-03 1.491364318218451217e+02 6.366454945720421392e+02 1.731999999999999886e+02
1.250000000000000000e+02 7.000000000000000666e-02 6.311357399295369416e-03 1.447478048980594849e+02 6.577562983396920799e+02 1.731999999999999886e+02
1.250000000000000000e+02 7.000000000000000666e-02 2.358992974813136322e-03 1.894479246005870436e+02 3.981490421257159142e+03 1.731999999999999886e+02
1.250000000000000000e+02 7.000000000000000666e-02 4.387329765449707666e-03 1.966731740244414652e+02 2.352869798782209728e+03 1.731999999999999886e+02
1.250000000000000000e+02 7.000000000000000666e-02 4.481955422760244487e-03 1.449649446012853105e+02 9.392222720956797275e+02 1.731999999999999886e+02
1.250000000000000000e+02 7.000000000000000666e-02 5.306896243118144722e-03 1.741533575169351877e+02 1.307381151050717563e+03 1.731999999999999886e+02
1.250000000000000000e+02 7.000000000000000666e-02 2.598783965228350715e-03 1.287856053332949955e+02 1.334273149785950409e+03 1.731999999999999886e+02
1.250000000000000000e+02 7.000000000000000666e-02 2.861465854196009167e-03 1.915479282854504390e+02 3.179273337163082488e+03 1.731999999999999886e+02
1.250000000000000000e+02 7.000000000000000666e-02 4.881853046361595352e-03 1.878455378636649584e+02 1.881764447364705347e+03 1.731999999999999886e+02
1.250000000000000000e+02 7.000000000000000666e-02 3.782159338808564752e-03 1.436220697619268662e+02 1.064975496622357468e+03 1.731999999999999886e+02
1.250000000000000000e+02 7.000000000000000666e-02 4.195489403274277850e-03 1.786973623996767060e+02 1.857879652840412973e+03 1.731999999999999886e+02
1.250000000000000000e+02 7.000000000000000666e-02 6.443604020512161759e-03 1.119978665186145719e+02 2.666176934713227183e+03 1.731999999999999886e+02
1.250000000000000000e+02 7.000000000000000666e-02 7.773482480079130924e-03 1.116288723370884952e+02 2.263839188322010614e+03 1.731999999999999886e+02
1.250000000000000000e+02 7.000000000000000666e-02 2.433409285737664091e-03 1.180199022553897805e+02 3.597949767238612822e+03 1.731999999999999886e+02
1.250000000000000000e+02 7.000000000000000666e-02 2.025585777170482802e-03 1.518817788840889023e+02 2.397762124399087952e+03 1.731999999999999886e+02
1.250000000000000000e+02 7.000000000000000666e-02 1.654051089668103153e-03 1.641348452043244492e+02 3.474994648054467689e+03 1.731999999999999886e+02
1.250000000000000000e+02 7.000000000000000666e-02 1.117704790708869871e-03 1.425603312565630176e+02 3.718045974064630627e+03 1.731999999999999886e+02
1.250000000000000000e+02 7.000000000000000666e-02 3.598792926233398970e-03 1.166163880633154406e+02 2.852251538537707347e+03 1.731999999999999886e+02
1.250000000000000000e+02 7.000000000000000666e-02 4.757995240383441557e-03 1.422619147112295934e+02 8.369827324232081764e+02 1.731999999999999886e+02
1.250000000000000000e+02 7.000000000000000666e-02 7.833240021336859357e-03 1.921369237360846398e+02 1.176736292815243132e+03 1.731999999999999886e+02
1.250000000000000000e+02 7.000000000000000666e-02 2.312939685435340398e-03 1.323155045687548466e+02 1.570276792458424779e+03 1.731999999999999886e+02
1.250000000000000000e+02 7.000000000000000666e-02 3.947865339627449482e-03 1.897528414604163913e+02 2.267470744311885937e+03 1.731999999999999886e+02
1.250000000000000000e+02 7.000000000000000666e-02 3.851968042758357070e-03 1.150033077333364417e+02 2.995531993392965433e+03 1.731999999999999886e+02
1.250000000000000000e+02 7.000000000000000666e-02 1.845068350296914144e-03 1.361388141463049237e+02 2.037026666343804209e+03 1.731999999999999886e+02
1.250000000000000000e+02 7.000000000000000666e-02 3.690847247841490958e-03 1.965601224683915973e+02 2.650241762210643174e+03 1.731999999999999886e+02
1.250000000000000000e+02 7.000000000000000666e-02 2.943369809661575999e-03 1.475280568877273595e+02 1.493465568085350696e+03 1.731999999999999886e+02
1.250000000000000000e+02 7.000000000000000666e-02 8.048590600329263295e-03 1.672313106742411719e+02 8.038661020428570509e+02 1.731999999999999886e+02
1.250000000000000000e+02 7.000000000000000666e-02 7.135309238328456198e-03 1.818914248235322759e+02 1.132909589793980558e+03 1.731999999999999886e+02
1.250000000000000000e+02 7.000000000000000666e-02 2.845953178917344506e-03 1.272465990732979861e+02 1.207481080738604305e+03 1.731999999999999886e+02
1.250000000000000000e+02 7.000000000000000666e-02 1.456650837111282942e-03 1.402216211239281165e+02 2.624784244468307406e+03 1.731999999999999886e+02
1.250000000000000000e+02 7.000000000000000666e-02 3.359038267912113889e-03 1.928971530138479409e+02 2.864013042311346908e+03 1.731999999999999886e+02
1.250000000000000000e+02 7.000000000000000666e-02 3.747279370584232199e-03 1.796126570230286461e+02 2.116623842512598458e+03 1.731999999999999886e+02
1.250000000000000000e+02 7.000000000000000666e-02 2.756409999818254259e-03 1.967748830669578410e+02 3.568870072237777094e+03 1.731999999999999886e+02
1.250000000000000000e+02 7.000000000000000666e-02 1.273915704833169724e-03 1.296587658424232075e+02 2.830629437967388640e+03 1.731999999999999886e+02
1.250000000000000000e+02 7.000000000000000666e-02 4.614016264063915129e-03 1.931857976695928016e+02 2.094723388000328214e+03 1.731999999999999886e+02
1.250000000000000000e+02 7.000000000000000666e-02 7.531317870304742382e-03 1.404389083546652444e+02 4.958268467329585292e+02 1.731999999999999886e+02
1.250000000000000000e+02 7.000000000000000666e-02 3.236939978978946829e-03 1.160094254377084866e+02 3.202400330005372325e+03 1.731999999999999886e+02
1.250000000000000000e+02 7.000000000000000666e-02 1.096292860876507897e-03 1.371120035706811109e+02 3.291446530793128659e+03 1.731999999999999886e+02
1.250000000000000000e+02 7.000000000000000666e-02 6.757822109058805524e-03 1.930916581146945532e+02 1.462622592375653994e+03 1.731999999999999886e+02
1.250000000000000000e+02 7.000000000000000666e-02 7.025644496274472198e-03 1.696406040565659055e+02 9.081480290551709231e+02 1.731999999999999886e+02
1.250000000000000000e+02 7.000000000000000666e-02 5.730367976121440721e-03 1.198350546624117925e+02 1.258627018603244551e+03 1.731999999999999886e+02
1.250000000000000000e+02 7.000000000000000666e-02 2.896457890744555657e-03 1.712337473178992013e+02 2.390573970755349364e+03 1.731999999999999886e+02
1.250000000000000000e+02 7.000000000000000666e-02 6.297382727882943829e-03 1.141288368068102557e+02 2.055880525317058073e+03 1.731999999999999886e+02
1.250000000000000000e+02 7.000000000000000666e-02 7.727715014482653376e-03 1.187617205400674152e+02 1.003084443116721445e+03 1.731999999999999886e+02
1.250000000000000000e+02 7.000000000000000666e-02 7.397490558526703675e-03 1.848117955853905698e+02 1.157662314813023386e+03 1.731999999999999886e+02
1.250000000000000000e+02 7.000000000000000666e-02 7.664047559787026849e-03 1.570569766286769493e+02 6.903664849730786273e+02 1.731999999999999886e+02
1.250000000000000000e+02 7.000000000000000666e-02 1.248470252674859556e-03 1.473786437895446113e+02 3.452361066289600785e+03 1.731999999999999886e+02
1.250000000000000000e+02 7.000000000000000666e-02 2.777224022680699778e-03 1.620713885825515774e+02 2.058875463918124296e+03 1.731999999999999886e+02
1.250000000000000000e+02 7.000000000000000666e-02 7.556619014142771686e-03 1.854584700980221896e+02 1.139107947188344269e+03 1.731999999999999886e+02
1.250000000000000000e+02 7.000000000000000666e-02 7.243613621753479739e-03 1.071780224738737957e+02 3.938966093549603102e+03 1.731999999999999886e+02
1.250000000000000000e+02 7.000000000000000666e-02 5.349841195555662954e-03 1.569557285279322514e+02 9.629273669936812894e+02 1.731999999999999886e+02
1.250000000000000000e+02 7.000000000000000666e-02 8.194883875253865940e-03 1.764069612288977282e+02 8.974805798216772246e+02 1.731999999999999886e+02
1.250000000000000000e+02 7.000000000000000666e-02 3.092638947020515811e-03 1.997116469231867200e+02 3.334029543591291713e+03 1.731999999999999886e+02
1.250000000000000000e+02 7.000000000000000666e-02 4.612990907818103649e-03 1.935054006708917598e+02 2.121874219082996660e+03 1.731999999999999886e+02
1.250000000000000000e+02 7.000000000000000666e-02 2.372487387507056771e-03 1.166923412981260526e+02 3.988462358394394869e+03 1.731999999999999886e+02
1.250000000000000000e+02 7.000000000000000666e-02 9.835869533143682536e-03 1.258097237838167359e+02 3.734826124203256654e+02 1.731999999999999886e+02
1.250000000000000000e+02 7.000000000000000666e-02 2.404654275675326743e-03 1.611009936712968624e+02 2.358084335401124918e+03 1.731999999999999886e+02
1.250000000000000000e+02 7.000000000000000666e-02 8.529752091535679898e-03 1.952308332355440825e+02 1.123184506956665246e+03 1.731999999999999886e+02
1.250000000000000000e+02 7.000000000000000666e-02 4.491436520264801419e-03 1.860542726424019406e+02 1.890060320562064135e+03 1.731999999999999886e+02
1.250000000000000000e+02 7.000000000000000666e-02 6.726496667189568561e-03 1.586846691758658210e+02 8.017874458106795146e+02 1.731999999999999886e+02
1.250000000000000000e+02 7.000000000000000666e-02 6.507570716886858751e-03 1.139757696919514274e+02 1.978681983683401313e+03 1.731999999999999886e+02
1.250000000000000000e+02 7.000000000000000666e-02 6.573614507267637810e-03 1.674243909525207528e+02 9.222462675490983202e+02 1.731999999999999886e+02
1.250000000000000000e+02 7.000000000000000666e-02 8.072824477881837546e-03 1.638216481821124262e+02 7.378661072828105034e+02 1.731999999999999886e+02
1.250000000000000000e+02 7.000000000000000666e-02 8.983530544862176198e-03 1.911993165555107907e+02 1.077100608950409878e+03 1.731999999999999886e+02
1.250000000000000000e+02 7.000000000000000666e-02 2.568272885944780561e-03 1.191801346160368240e+02 2.993538421983828357e+03 1.731999999999999886e+02
1.250000000000000000e+02 7.000000000000000666e-02 6.462395580122974083e-03 1.706230941160091277e+02 9.918360676603481352e+02 1.731999999999999886e+02
1.250000000000000000e+02 7.000000000000000666e-02 8.181431701005660931e-03 1.326922185050096061e+02 4.335721885111278766e+02 1.731999999999999886e+02
1.250000000000000000e+02 7.000000000000000666e-02 3.136813829052470786e-03 1.838998415322038227e+02 2.737895611996409116e+03 1.731999999999999886e+02
1.250000000000000000e+02 7.000000000000000666e-02 4.057911887844002294e-03 1.761210191449777653e+02 1.850580235879857355e+03 1.731999999999999886e+02
1.250000000000000000e+02 7.000000000000000666e-02 3.033078396033523499e-03 1.552820312530555782e+02 1.624324625199207730e+03 1.731999999999999886e+02
1.250000000000000000e+02 7.000000000000000666e-02 1.773744168184815092e-03 1.516522618011915995e+02 2.724579147163665766e+03 1.731999999999999886e+02
1.250000000000000000e+02 7.000000000000000666e-02 4.370478836001589693e-03 1.432695742353652406e+02 9.302574375364370098e+02 1.731999999999999886e+02
1.250000000000000000e+02 7.000000000000000666e-02 1.903509965196704956e-03 1.604946357790437048e+02 2.842635752626666545e+03 1.731999999999999886e+02
1.250000000000000000e+02 7.000000000000000666e-02 3.247455036339767787e-03 1.160742057271855998e+02 3.198336761443941214e+03 1.731999999999999886e+02
1.250000000000000000e+02 7.000000000000000666e-02 4.616247027842534240e-03 1.728464131400071722e+02 1.510577448514321304e+03 1.731999999999999886e+02
1.250000000000000000e+02 7.000000000000000666e-02 4.949605525822272159e-03 1.890568676837421549e+02 1.897043889313070395e+03 1.731999999999999886e+02
1.250000000000000000e+02 7.000000000000000666e-02 3.192646838553860403e-03 1.469460515385718793e+02 1.338975035710058592e+03 1.731999999999999886e+02
1.250000000000000000e+02 7.000000000000000666e-02 4.226974551499048348e-03 1.849706760080836148e+02 1.954011683823635849e+03 1.731999999999999886e+02
1.250000000000000000e+02 7.000000000000000666e-02 4.877030686678136308e-03 1.896784861517481886e+02 1.895505830554475324e+03 1.731999999999999886e+02
1.250000000000000000e+02 7.000000000000000666e-02 2.552670021349848911e-03 1.515489621053903306e+02 1.902724835586210475e+03 1.731999999999999886e+02
1.250000000000000000e+02 7.000000000000000666e-02 6.592879136936294175e-03 1.882493807991918970e+02 1.369967697099544694e+03 1.731999999999999886e+02
1.250000000000000000e+02 7.000000000000000666e-02 4.546702299027778789e-03 1.742600460083242808e+02 1.506336997555015159e+03 1.731999999999999886e+02
1.250000000000000000e+02 7.000000000000000666e-02 4.671155156518633743e-03 1.346939487676960709e+02 7.810276704398706897e+02 1.731999999999999886e+02
1.250000000000000000e+02 7.000000000000000666e-02 6.591485755646504796e-03 1.831093460646025903e+02 1.225774067962085155e+03 1.731999999999999886e+02
1.250000000000000000e+02 7.000000000000000666e-02 6.868743750605395618e-03 1.120332802528577076e+02 2.485763073656917186e+03 1.731999999999999886e+02
1.250000000000000000e+02 7.000000000000000666e-02 5.732128548077480498e-03 1.933825787028684431e+02 1.725386976897470731e+03 1.731999999999999886e+02
1.250000000000000000e+02 7.000000000000000666e-02 3.729133114620894300e-03 1.885767595484138610e+02 2.387228394154771649e+03 1.731999999999999886e+02
1.250000000000000000e+02 7.000000000000000666e-02 7.605260012247212764e-03 1.360058740708676623e+02 4.670877051580206967e+02 1.731999999999999886e+02
1.250000000000000000e+02 7.000000000000000666e-02 4.334711502058583715e-03 1.277742673284306107e+02 7.778688127575680937e+02 1.731999999999999886e+02
1.250000000000000000e+02 7.000000000000000666e-02 6.887710396674446775e-03 1.879698764795545571e+02 1.328121217179831774e+03 1.731999999999999886e+02
1.250000000000000000e+02 7.000000000000000666e-02 9.166804719360243867e-03 1.072343006260936988e+02 3.086322954356689479e+03 1.731999999999999886e+02
1.250000000000000000e+02 7.000000000000000666e-02 7.852462647873334131e-03 1.263180874620822323e+02 4.419640540321743174e+02 1.731999999999999886e+02
1.250000000000000000e+02 7.000000000000000666e-02 7.195639651968226136e-03 1.994250469494581068e+02 1.447779777103781043e+03 1.731999999999999886e+02
1.250000000000000000e+02 7.000000000000000666e-02 7.777091526368601349e-03 1.838225717664903982e+02 1.049356333563840508e+03 1.731999999999999886e+02
1.250000000000000000e+02 7.000000000000000666e-02 3.827720985214995691e-03 1.984786276408920855e+02 2.656603470557432502e+03 1.731999999999999886e+02
1.250000000000000000e+02 7.000000000000000666e-02 9.801093237618253504e-03 1.072009207317273791e+02 3.129989327580046847e+03 1.731999999999999886e+02
1.250000000000000000e+02 7.000000000000000666e-02 5.731629480888536694e-03 1.402787772383767901e+02 6.639685333283216551e+02 1.731999999999999886e+02
1.250000000000000000e+02 7.000000000000000666e-02 9.867733206034484672e-03 1.074238023049500868e+02 2.870780751020651223e+03 1.731999999999999886e+02
1.250000000000000000e+02 7.000000000000000666e-02 3.849611276648672031e-03 1.296550054544626391e+02 9.039625151537422880e+02 1.731999999999999886e+02
1.250000000000000000e+02 7.000000000000000666e-02 4.153145678415153495e-03 1.985444488504494416e+02 2.529640993157041521e+03 1.731999999999999886e+02
1.250000000000000000e+02 7.000000000000000666e-02 1.687787000728899851e-03 1.323214866926760465e+02 1.994114780106902799e+03 1.731999999999999886e+02
1.250000000000000000e+02 7.000000000000000666e-02 3.229482630964978281e-03 1.867309756508052487e+02 2.599101085078539654e+03 1.731999999999999886e+02
1.250000000000000000e+02 7.000000000000000666e-02 8.369290707478606664e-03 1.955923296251003478e+02 1.194986576506397796e+03 1.731999999999999886e+02
