1.250000000000000000e+02 7.000000000000000666e-02 3.652986979188347152e-03 1.704482771022218799e+02 1.740903703851827004e+03 1.731999999999999886e+02
1.250000000000000000e+02 7.000000000000000666e-02 4.029196307335766725e-03 1.290518478957285708e+02 8.476789001054996788e+02 1.731999999999999886e+02
1.250000000000000000e+02 7.000000000000000666e-02 6.087301381643546450e-03 1.825807683440397966e+02 1.338343463593304250e+03 1.731999999999999886e+02
1.250000000000000000e+02 7.000000000000000666e-02 1.092597603656293411e-03 1.426422633594854972e+02 3.654125752993697461e+03 1.731999999999999886e+02
1.250000000000000000e+02 7.000000000000000666e-02 8.008987618718576770e-03 1.776954922193144171e+02 9.081334832474410632e+02 1.731999999999999886e+02
1.250000000000000000e+02 7.000000000000000666e-02 3.979947955434116544e-03 1.942345702952748070e+02 2.458903301451923198e+03 1.731999999999999886e+02
1.250000000000000000e+02 7.000000000000000666e-02 7.970550661947085544e-03 1.864635585693208100e+02 1.072392729919306930e+03 1.731999999999999886e+02
1.250000000000000000e+02 7.000000000000000666e-02 7.799068450641480875e-03 1.787639718425094770e+02 1.014473538965739749e+03 1.731999999999999886e+02
1.250000000000000000e+02 7.000000000000000666e-02 4.235045655784135110e-03 1.966245371464275991e+02 2.426105613365478348e+03 1.731999999999999886e+02
1.250000000000000000e+02 7.000000000000000666e-02 1.245146756891773792e-03 1.273011873504406992e+02 2.769205755603364651e+03 1.731999999999999886e+02
1.250000000000000000e+02 7.000000000000000666e-02 3.594873873267870508e-03 1.180125740001418251e+02 2.316867336135164351e+03 1.731999999999999886e+02
1.250000000000000000e+02 7.000000000000000666e-02 9.312830385895589161e-03 1.862546163359583034e+02 9.376709561138429763e+02 1.731999999999999886e+02
1.250000000000000000e+02 7.000000000000000666e-02 4.161483016813367214e-03 1.612484644548545134e+02 1.380863661324046006e+03 1.731999999999999886e+02
1.250000000000000000e+02 7.000000000000000666e-02 4.608864132052008927e-03 1.145348787989289292e+02 2.779094388392727978e+03 1.731999999999999886e+02
1.250000000000000000e+02 7.000000000000000666e-02 3.523773234728768550e-03 1.664387279847736067e+02 1.709882120397277276e+03 1.731999999999999886e+02
1.250000000000000000e+02 7.000000000000000666e-02 9.574953844623536672e-03 1.071378666145058673e+02 3.091150806046049183e+03 1.731999999999999886e+02
1.250000000000000000e+02 7.000000000000000666e-02 5.647008995374157465e-03 1.314117097545237982e+02 6.007072274088201311e+02 1.731999999999999886e+02
1.250000000000000000e+02 7.000000000000000666e-02 2.627479802521153970e-03 1.746627331367251372e+02 2.786906309913950736e+03 1.731999999999999886e+02
1.250000000000000000e+02 7.000000000000000666e-02 9.862630879952323515e-03 1.127982526121076603e+02 1.455354698961459235e+03 1.731999999999999886e+02
1.250000000000000000e+02 7.000000000000000666e-02 3.152321495990218977e-03 1.582728534290764912e+02 1.696946791053823745e+03 1.731999999999999886e+02
1.250000000000000000e+02 7.000000000000000666e-02 8.429156616308882549e-03 1.772966760273222349e+02 8.983195329596771899e+02 1.731999999999999886e+02
1.250000000000000000e+02 7.000000000000000666e-02 4.393879521313362978e-03 1.179748591424302475e+02 1.908062261649754419e+03 1.731999999999999886e+02
1.250000000000000000e+02 7.000000000000000666e-02 2.605945507482914335e-03 1.946565500392161994e+02 3.768200013297788701e+03 1.731999999999999886e+02
1.250000000000000000e+02 7.000000000000000666e-02 4.403139387274939906e-03 1.928469729986942980e+02 2.124491741938659288e+03 1.731999999999999886e+02
1.250000000000000000e+02 7.000000000000000666e-02 3.506275663977793423e-03 1.195852871476215569e+02 2.032982506174711943e+03 1.731999999999999886e+02
1.250000000000000000e+02 7.000000000000000666e-02 3.574449620986460980e-03 1.691041617546345037e+02 1.760430223446645186e+03 1.731999999999999886e+02
1.250000000000000000e+02 7.000000000000000666e-02 6.051961002178965141e-03 1.499374042339840685e+02 7.569288803000957842e+02 1.731999999999999886e+02
1.250000000000000000e+02 7.000000000000000666e-02 4.842245543629909547e-03 1.186497442292208291e+02 1.676114572492143679e+03 1.731999999999999886e+02
1.250000000000000000e+02 7.000000000000000666e-02 8.636964113348327698e-03 1.684589508993156528e+02 7.456346381447910971e+02 1.731999999999999886e+02
1.250000000000000000e+02 7.000000000000000666e-02 7.987337327297467510e-03 1.889221137703694353e+02 1.138838864765385324e+03 1.731999999999999886e+02
1.250000000000000000e+02 7.000000000000000666e-02 7.870577279933335321e-03 1.700729957244756179e+02 8.018013947878546333e+02 1.731999999999999886e+02
1.250000000000000000e+02 7.000000000000000666e-02 4.393847892844100073e-03 1.120840078030363571e+02 3.936137619797254956e+03 1.731999999999999886e+02
1.250000000000000000e+02 7.000000000000000666e-02 4.690423397395286804e-03 1.529823099383527847e+02 1.015054459475190924e+03 1.731999999999999886e+02
1.250000000000000000e+02 7.000000000000000666e-02 6.842466148958795125e-03 1.585225342790545824e+02 7.844619452542684712e+02 1.731999999999999886e+02
1.250000000000000000e+02 7.000000000000000666e-02 1.989834585898533903e-03 1.526015716330525436e+02 2.459119604741384137e+03 1.731999999999999886e+02
1.250000000000000000e+02 7.000000000000000666e-02 4.744994575578952330e-03 1.656862644834858997e+02 1.287766533032849338e+03 1.731999999999999886e+02
1.250000000000000000e+02 7.000000000000000666e-02 7.428059171066399638e-03 1.355799355477875565e+02 4.729644686106655627e+02 1.731999999999999886e+02
1.250000000000000000e+02 7.000000000000000666e-02 5.643999696785725710e-03 1.115732136021648699e+02 3.000022832371327695e+03 1.731999999999999886e+02
1.250000000000000000e+02 7.000000000000000666e-02 8.824532197295916966e-03 1.076111920672078810e+02 3.097625948684418745e+03 1.731999999999999886e+02
1.250000000000000000e+02 7.000000000000000666e-02 3.521076618748601988e-03 1.682717775048085969e+02 1.766475184708470579e+03 1.731999999999999886e+02
1.250000000000000000e+02 7.000000000000000666e-02 4.430314161567890444e-03 1.942050970557918390e+02 2.266890424726876972e+03 1.731999999999999886e+02
1.250000000000000000e+02 7.000000000000000666e-02 3.077160052419555467e-03 1.949594177814274190e+02 3.180436876045349891e+03 1.731999999999999886e+02
1.250000000000000000e+02 7.000000000000000666e-02 9.168247516251791995e-04 1.316628242055409714e+02 3.909912839084416191e+03 1.731999999999999886e+02
1.250000000000000000e+02 7.000000000000000666e-02 9.038726507169742366e-03 1.114980041977933070e+02 1.915409236762501905e+03 1.731999999999999886e+02
1.250000000000000000e+02 7.000000000000000666e-02 9.325828137121783962e-03 1.956442314561634248e+02 1.035066245978387997e+03 1.731999999999999886e+02
1.250000000000000000e+02 7.000000000000000666e-02 9.271379011771666706e-03 1.803149381130222366e+02 8.407533523048992947e+02 1.731999999999999886e+02
1.250000000000000000e+02 7.000000000000000666e-02 7.550983710127473145e-03 1.318907804764248226e+02 4.703856204487975106e+02 1.731999999999999886e+02
1.250000000000000000e+02 7.000000000000000666e-02 1.837609762631052740e-03 1.567163854526666569e+02 2.919552562654689154e+03 1.731999999999999886e+02
1.250000000000000000e+02 7.000000000000000666e-02 2.121106257887526644e-03 1.224025184535117745e+02 2.498567172815566664e+03 1.731999999999999886e+02
1.250000000000000000e+02 7.000000000000000666e-02 2.798211443204263755e-03 1.821994277050607707e+02 2.776769224123055210e+03 1.731999999999999886e+02
1.250000000000000000e+02 7.000000000000000666e-02 5.353314180795043509e-03 1.151792043039471594e+02 2.189683802302160984e+03 1.731999999999999886e+02
1.250000000000000000e+02 7.000000000000000666e-02 4.161263848887443093e-03 1.462410714128412792e+02 1.013959991132565165e+03 1.731999999999999886e+02
1.250000000000000000e+02 7.000000000000000666e-02 2.990131849100712089e-03 1.716601202149498135e+02 2.353234047082319194e+03 1.731999999999999886e+02
1.250000000000000000e+02 7.000000000000000666e-02 5.953307474031756252e-03 1.229453383431001043e+02 8.212900403584111473e+02 1.731999999999999886e+02
1.250000000000000000e+02 7.000000000000000666e-02 2.730346113041490479e-03 1.330981231224553198e+02 1.254090953582918473e+03 1.731999999999999886e+02
1.250000000000000000e+02 7.000000000000000666e-02 5.197747112991416528e-03 1.537871447916574539e+02 9.631531286701462022e+02 1.731999999999999886e+02
1.250000000000000000e+02 7.000000000000000666e-02 3.761775784436799993e-03 1.184543040605314843e+02 2.146543112087828376e+03 1.731999999999999886e+02
1.250000000000000000e+02 7.000000000000000666e-02 2.900575609848451107e-03 1.418829303767852537e+02 1.322691799098356569e+03 1.731999999999999886e+02
1.250000000000000000e+02 7.000000000000000666e-02 9.078235451335922232e-03 1.091019206762968707e+02 2.523418167703480322e+03 1.731999999999999886e+02
1.250000000000000000e+02 7.000000000000000666e-02 8.068830349154914108e-03 1.733496194714506942e+02 8.813855603657274287e+02 1.731999999999999886e+02
1.250000000000000000e+02 7.000000000000000666e-02 3.978788635454374480e-03 1.733827994567711812e+02 1.805762712603651835e+03 1.731999999999999886e+02
1.250000000000000000e+02 7.000000000000000666e-02 8.720412816587053487e-03 1.730585014730465332e+02 8.207342446105352565e+02 1.731999999999999886e+02
1.250000000000000000e+02 7.000000000000000666e-02 6.888456499846162991e-03 1.174626681756962938e+02 1.334719697260079556e+03 1.731999999999999886e+02
1.250000000000000000e+02 7.000000000000000666e-02 2.511249488134782281e-03 1.483502651144876836e+02 1.838638287242234810e+03 1.731999999999999886e+02
1.250000000000000000e+02 7.000000000000000666e-02 3.422697116030003900e-03 1.734166780826387253e+02 2.078033021016010480e+03 1.731999999999999886e+02
1.250000000000000000e+02 7.000000000000000666e-02 3.834469981706196441e-03 1.513739840198543334e+02 1.250237945270527007e+03 1.731999999999999886e+02
1.250000000000000000e+02 7.000000000000000666e-02 5.139196469794921236e-03 1.634630451896546219e+02 1.144747594486830621e+03 1.731999999999999886e+02
1.250000000000000000e+02 7.000000000000000666e-02 9.077308944816238345e-03 1.068377479711312077e+02 3.528574085771762384e+03 1.731999999999999886e+02
1.250000000000000000e+02 7.000000000000000666e-02 9.946698990398837939e-03 1.048738649218876162e+02 3.839388812260019677e+03 1.731999999999999886e+02
1.250000000000000000e+02 7.000000000000000666e-02 1.753879061043419306e-03 1.219746575422956170e+02 3.207580664354252349e+03 1.731999999999999886e+02
1.250000000000000000e+02 7.000000000000000666e-02 5.653559359810642060e-03 1.580165339266390276e+02 9.435860058216180732e+02 1.731999999999999886e+02
1.250000000000000000e+02 7.000000000000000666e-02 1.061328433892802818e-03 1.325950191519515613e+02 3.384792938903552567e+03 1.731999999999999886e+02
1.250000000000000000e+02 7.000000000000000666e-02 7.998199511131648398e-03 1.169390026521033121e+02 1.211666187926123257e+03 1.731999999999999886e+02
1.250000000000000000e+02 7.000000000000000666e-02 9.287758451143931365e-03 1.898397309384884579e+02 1.006873159989209171e+03 1.731999999999999886e+02
1.250000000000000000e+02 7.000000000000000666e-02 1.311887909189842633e-03 1.366721195665794255e+02 2.704769158478096870e+03 1.731999999999999886e+02
1.250000000000000000e+02 7.000000000000000666e-02 5.167214108104459247e-03 1.101807087712474384e+02 3.918931262588069330e+03 1.731999999999999886e+02
1.250000000000000000e+02 7.000000000000000666e-02 9.216834342564381513e-03 1.717135820977600815e+02 7.244456481968875323e+02 1.731999999999999886e+02
1.250000000000000000e+02 7.000000000000000666e-02 2.262466640415094956e-03 1.172833145411013618e+02 3.963231890208926416e+03 1.731999999999999886e+02
1.250000000000000000e+02 7.000000000000000666e-02 8.443885304054467300e-03 1.701289309378481107e+02 7.660238213818493023e+02 1.731999999999999886e+02
1.250000000000000000e+02 7.000000000000000666e-02 5.836796555370291420e-03 1.114025913795897651e+02 3.003848518914636770e+03 1.731999999999999886e+02
1.250000000000000000e+02 7.000000000000000666e-02 6.251016940974788404e-03 1.629296809385365634e+02 9.216430742530330917e+02 1.731999999999999886e+02
1.250000000000000000e+02 7.000000000000000666e-02 3.766966318957714038e-03 1.511109166483897184e+02 1.282956138153645952e+03 1.731999999999999886e+02
1.250000000000000000e+02 7.000000000000000666e-02 2.801883063829038647e-03 1.896070220020404804e+02 3.233395755879072567e+03 1.731999999999999886e+02
1.250000000000000000e+02 7.000000000000000666e-02 1.310026410830564389e-03 1.449936720752176882e+02 3.208856467795559183e+03 1.731999999999999886e+02
1.250000000000000000e+02 7.000000000000000666e-02 1.984235586842871598e-03 1.308902084672647277e+02 1.815846718937187234e+03 1.731999999999999886e+02
1.250000000000000000e+02 7.000000000000000666e-02 1.992145267059713606e-03 1.755979584204528976e+02 3.730754997601892683e+03 1.731999999999999886e+02
1.250000000000000000e+02 7.000000000000000666e-02 2.330109335751534561e-03 1.236602936490845934e+02 1.895147772225589733e+03 1.731999999999999886e+02
1.250000000000000000e+02 7.000000000000000666e-02 3.953426982539841490e-03 1.651134839612881819e+02 1.586510385593280034e+03 1.731999999999999886e+02
1.250000000000000000e+02 7.000000000000000666e-02 4.038166591814202830e-03 1.433376483618595216e+02 1.042537583879483691e+03 1.731999999999999886e+02
1.250000000000000000e+02 7.000000000000000666e-02 7.642930383980691030e-03 1.177585161867845613e+02 1.145688015134828220e+03 1.731999999999999886e+02
1.250000000000000000e+02 7.000000000000000666e-02 9.873716127730627554e-03 1.712471963258710730e+02 6.986564753734949136e+02 1.731999999999999886e+02
1.250000000000000000e+02 7.000000000000000666e-02 2.827162483375854785e-03 1.601693741274319507e+02 1.879563462464472195e+03 1.731999999999999886e+02
1.250000000000000000e+02 7.000000000000000666e-02 1.859607551433789790e-03 1.316076994395327233e+02 1.882651357673451912e+03 1.731999999999999886e+02
1.250000000000000000e+02 7.000000000000000666e-02 1.579290824721897232e-03 1.279332073633358959e+02 2.213911985789251503e+03 1.731999999999999886e+02
1.250000000000000000e+02 7.000000000000000666e-02 4.124856003823600820e-03 1.868112951968903985e+02 2.090832812221159656e+03 1.731999999999999886e+02
1.250000000000000000e+02 7.000000000000000666e-02 8.672814437671445137e-03 1.515576255866183146e+02 5.262504111222616530e+02 1.731999999999999886e+02
1.250000000000000000e+02 7.000000000000000666e-02 7.479163693453022912e-03 1.277074915476467822e+02 4.738859662423178065e+02 1.731999999999999886e+02
1.250000000000000000e+02 7.000000000000000666e-02 6.700833590648666051e-03 1.158608758866301258e+02 1.564878782428324484e+03 1.731999999999999886e+02
1.250000000000000000e+02 7.000000000000000666e-02 2.637170301493375283e-03 1.209699019614172073e+02 2.263462597360073687e+03 1.731999999999999886e+02
1.250000000000000000e+02 7.000000000000000666e-02 2.181486288127051573e-03 1.646666104469743459e+02 2.842081161589725980e+03 1.731999999999999886e+02
1.250000000000000000e+02 7.000000000000000666e-02 6.178737256016263862e-03 1.160185944022758520e+02 1.732243107211387269e+03 1.731999999999999886e+02
1.250000000000000000e+02 7.000000000000000666e-02 2.330569439092589328e-03 1.569690078059485359e+02 2.188346794546318961e+03 1.731999999999999886e+02
1.250000000000000000e+02 7.000000000000000666e-02 3.187222981026614516e-03 1.818812702078660664e+02 2.543939725083065241e+03 1.731999999999999886e+02
1.250000000000000000e+02 7.000000000000000666e-02 7.960320981636482066e-03 1.934157557439997390e+02 1.230513871727826199e+03 1.731999999999999886e+02
1.250000000000000000e+02 7.000000000000000666e-02 3.566975515500368527e-03 1.791579762318677922e+02 2.107094838466253350e+03 1.731999999999999886e+02
1.250000000000000000e+02 7.000000000000000666e-02 3.686590535751851309e-03 1.698151119982341015e+02 1.802771048059250234e+03 1.731999999999999886e+02
1.250000000000000000e+02 7.000000000000000666e-02 1.913206603345508515e-03 1.313219923107219813e+02 1.830020053842659081e+03 1.731999999999999886e+02
1.250000000000000000e+02 7.000000000000000666e-02 5.677743689126862198e-03 1.879079201822330560e+02 1.555726444401229173e+03 1.731999999999999886e+02
1.250000000000000000e+02 7.000000000000000666e-02 8.237440466632784883e-03 1.783493730202738448e+02 9.176837800899710373e+02 1.731999999999999886e+02
1.250000000000000000e+02 7.000000000000000666e-02 2.021939145227742100e-03 1.413601592408382430e+02 1.905938352310849268e+03 1.731999999999999886e+02
1.250000000000000000e+02 7.000000000000000666e-02 1.989477878173269692e-03 1.812184817856433483e+02 3.895166874507976900e+03 1.731999999999999886e+02
1.250000000000000000e+02 7.000000000000000666e-02 6.060968907507140527e-03 1.465128155260238145e+02 6.830086839243127770e+02 1.731999999999999886e+02
1.250000000000000000e+02 7.000000000000000666e-02 9.655138465140095452e-03 1.507701968484919348e+02 4.652310842653766372e+02 1.731999999999999886e+02
1.250000000000000000e+02 7.000000000000000666e-02 5.305940535132806432e-03 1.110815806172121540e+02 3.666961785491456340e+03 1.731999999999999886e+02
1.250000000000000000e+02 7.000000000000000666e-02 1.671794543889202657e-03 1.360118649279279452e+02 2.097604880205269183e+03 1.731999999999999886e+02
1.250000000000000000e+02 7.000000000000000666e-02 2.529978377917740506e-03 1.535574102984060119e+02 2.007242063257369864e+03 1.731999999999999886e+02
1.250000000000000000e+02 7.000000000000000666e-02 5.516470378777642812e-03 1.951289489584309536e+02 1.846926646283530545e+03 1.731999999999999886e+02
1.250000000000000000e+02 7.000000000000000666e-02 1.439687945614525309e-03 1.230180044790527347e+02 3.551160581190356879e+03 1.731999999999999886e+02
1.250000000000000000e+02 7.000000000000000666e-02 3.621331332669539688e-03 1.318786533123582387e+02 9.587640044857250814e+02 1.731999999999999886e+02
1.250000000000000000e+02 7.000000000000000666e-02 7.663042174862588936e-03 1.083596409733467567e+02 3.279909789582975009e+03 1.731999999999999886e+02
1.250000000000000000e+02 7.000000000000000666e-02 1.263549391529352655e-03 1.509637863916806282e+02 3.660064255550350936e+03 1.731999999999999886e+02
1.250000000000000000e+02 7.000000000000000666e-02 8.912827082332586831e-03 1.636852078802180586e+02 6.677643172348921325e+02 1.731999999999999886e+02
1.250000000000000000e+02 7.000000000000000666e-02 9.710891274143535271e-03 1.071055342921914502e+02 3.223997260432096482e+03 1.731999999999999886e+02
1.250000000000000000e+02 7.000000000000000666e-02 4.028629537687945100e-03 1.981483859912835896e+02 2.533107205089326271e+03 1.731999999999999886e+02
1.250000000000000000e+02 7.000000000000000666e-02 5.178217250221535048e-03 1.678313513378091670e+02 1.231277012374474225e+03 1.731999999999999886e+02
1.250000000000000000e+02 7.000000000000000666e-02 3.859554063438810911e-03 1.837861748012585963e+02 2.134100887403858906e+03 1.731999999999999886e+02
1.250000000000000000e+02 7.000000000000000666e-02 8.865701417846955090e-03 1.436052134740097586e+02 4.656734009711378803e+02 1.731999999999999886e+02
1.250000000000000000e+02 7.000000000000000666e-02 1.017897873080097397e-03 1.250027534174822108e+02 3.800980107576951923e+03 1.731999999999999886e+02
1.250000000000000000e+02 7.000000000000000666e-02 2.233057343177286599e-03 1.771353923565987429e+02 3.199849525078862371e+03 1.731999999999999886e+02
1.250000000000000000e+02 7.000000000000000666e-02 2.785581349251499330e-03 1.928173392582665429e+02 3.322001057013710579e+03 1.731999999999999886e+02
1.250000000000000000e+02 7.000000000000000666e-02 6.688924822226792466e-03 1.272436454689315610e+02 5.257838617700651866e+02 1.731999999999999886e+02
1.250000000000000000e+02 7.000000000000000666e-02 8.985165143474766608e-03 1.605513535034630195e+02 6.284082755869090988e+02 1.731999999999999886e+02
1.250000000000000000e+02 7.000000000000000666e-02 9.167165273434465730e-03 1.105233646377389505e+02 2.055704081357592258e+03 1.731999999999999886e+02
1.250000000000000000e+02 7.000000000000000666e-02 1.798243921379051547e-03 1.340976518226018470e+02 1.915363463052255383e+03 1.731999999999999886e+02
1.250000000000000000e+02 7.000000000000000666e-02 7.819086443494464508e-03 1.584966728653628820e+02 6.665844961545736851e+02 1.731999999999999886e+02
1.250000000000000000e+02 7.000000000000000666e-02 6.956841283131071606e-03 1.124090422725632834e+02 2.278925046679875322e+03 1.731999999999999886e+02
1.250000000000000000e+02 7.000000000000000666e-02 6.818260820122672497e-03 1.116663835304217685e+02 2.459906169439736459e+03 1.731999999999999886e+02
1.250000000000000000e+02 7.000000000000000666e-02 7.155639698263836605e-03 1.101470668072470573e+02 2.958209940229749009e+03 1.731999999999999886e+02
1.250000000000000000e+02 7.000000000000000666e-02 5.318009850282696960e-03 1.593863774228613295e+02 1.044860890504801773e+03 1.731999999999999886e+02
1.250000000000000000e+02 7.000000000000000666e-02 3.436252461472314671e-03 1.843692054329080747e+02 2.513525756109595477e+03 1.731999999999999886e+02
1.250000000000000000e+02 7.000000000000000666e-02 7.968581340328573237e-03 1.892924886343464550e+02 1.107731800328920599e+03 1.731999999999999886e+02
1.250000000000000000e+02 7.000000000000000666e-02 2.068584873831350208e-03 1.424404446767567265e+02 1.946262741634804570e+03 1.731999999999999886e+02
1.250000000000000000e+02 7.000000000000000666e-02 5.977652926067393742e-03 1.189085007554969167e+02 1.309742988085707339e+03 1.731999999999999886e+02
1.250000000000000000e+02 7.000000000000000666e-02 8.384354564828567710e-03 1.735820846730227061e+02 7.977923514431339527e+02 1.731999999999999886e+02
1.250000000000000000e+02 7.000000000000000666e-02 5.217291751474538615e-03 1.859421848539732309e+02 1.671567164749234735e+03 1.731999999999999886e+02
1.250000000000000000e+02 7.000000000000000666e-02 6.150496543896574568e-03 1.113724289584561120e+02 3.053095672902473780e+03 1.731999999999999886e+02
1.250000000000000000e+02 7.000000000000000666e-02 6.267554487906661954e-03 1.873580393796686394e+02 1.413199943951727164e+03 1.731999999999999886e+02
1.250000000000000000e+02 7.000000000000000666e-02 1.217627916128052315e-03 1.395924954775699689e+02 3.037665547668664203e+03 1.731999999999999886e+02
1.250000000000000000e+02 7.000000000000000666e-02 2.535653490726731511e-03 1.954839004791896002e+02 3.952619706467523429e+03 1.731999999999999886e+02
1.250000000000000000e+02 7.000000000000000666e-02 3.003138055080935287e-03 1.840112871787979714e+02 2.725703993397019985e+03 1.731999999999999886e+02
1.250000000000000000e+02 7.000000000000000666e-02 7.796796423709348792e-03 1.940123555534213438e+02 1.289950407031703207e+03 1.731999999999999886e+02
1.250000000000000000e+02 7.000000000000000666e-02 5.526342056308547294e-03 1.478062234423456971e+02 7.886253793719415626e+02 1.731999999999999886e+02
1.250000000000000000e+02 7.000000000000000666e-02 9.963634214058131322e-03 1.141207344345159385e+02 1.246074404145712151e+03 1.731999999999999886e+02
1.250000000000000000e+02 7.000000000000000666e-02 2.431318094703737061e-03 1.781711718412941536e+02 2.988927116600989393e+03 1.731999999999999886e+02
1.250000000000000000e+02 7.000000000000000666e-02 4.227909510643024574e-03 1.858222239892992889e+02 1.964542705988453690e+03 1.731999999999999886e+02
1.250000000000000000e+02 7.000000000000000666e-02 3.701654550348007153e-03 1.376352632562936549e+02 1.022869803556284182e+03 1.731999999999999886e+02
1.250000000000000000e+02 7.000000000000000666e-02 4.553821311839833033e-03 1.593481508860009512e+02 1.166773717906542743e+03 1.731999999999999886e+02
1.250000000000000000e+02 7.000000000000000666e-02 2.424804413350385192e-03 1.193650238954755594e+02 3.067761996023341908e+03 1.731999999999999886e+02
1.250000000000000000e+02 7.000000000000000666e-02 4.864031995120470832e-03 1.107573114925670694e+02 3.833686656015413973e+03 1.731999999999999886e+02
1.250000000000000000e+02 7.000000000000000666e-02 2.179347238361673596e-03 1.638157374616917252e+02 2.760895493314276791e+03 1.731999999999999886e+02
1.250000000000000000e+02 7.000000000000000666e-02 4.982310942872696796e-03 1.998437221072320824e+02 2.217024020433322221e+03 1.731999999999999886e+02
1.250000000000000000e+02 7.000000000000000666e-02 3.378476275183577363e-03 1.951080533820473306e+02 2.954195194766278291e+03 1.731999999999999886e+02
1.250000000000000000e+02 7.000000000000000666e-02 3.853374181455011295e-03 1.351204270579285662e+02 9.736196006141137786e+02 1.731999999999999886e+02
1.250000000000000000e+02 7.000000000000000666e-02 4.595886845319528333e-03 1.999925546849189004e+02 2.340994685738779481e+03 1.731999999999999886e+02
1.250000000000000000e+02 7.000000000000000666e-02 6.821521926884950397e-03 1.105875892977038433e+02 3.012948549823850954e+03 1.731999999999999886e+02
1.250000000000000000e+02 7.000000000000000666e-02 6.042228519300957452e-03 1.571450514710774087e+02 8.837463504369122802e+02 1.731999999999999886e+02
1.250000000000000000e+02 7.000000000000000666e-02 3.145237646834816124e-03 1.902421383755116153e+02 2.952129810986334178e+03 1.731999999999999886e+02
1.250000000000000000e+02 7.000000000000000666e-02 5.152179028554458064e-03 1.806187625339253486e+02 1.575343498911526922e+03 1.731999999999999886e+02
1.250000000000000000e+02 7.000000000000000666e-02 5.226156095541995353e-03 1.554386754126066421e+02 9.935545641070926877e+02 1.731999999999999886e+02
1.250000000000000000e+02 7.000000000000000666e-02 2.809369874084827017e-03 1.868329806901632537e+02 3.108154871067311888e+03 1.731999999999999886e+02
1.250000000000000000e+02 7.000000000000000666e-02 7.836273085294279822e-03 1.537374507441820697e+02 6.020245137014557031e+02 1.731999999999999886e+02
1.250000000000000000e+02 7.000000000000000666e-02 4.139509104415144483e-03 1.921863344813691299e+02 2.373960264555516460e+03 1.731999999999999886e+02
1.250000000000000000e+02 7.000000000000000666e-02 2.947599144336661512e-03 1.462269262465168254e+02 1.485229264310872168e+03 1.731999999999999886e+02
1.250000000000000000e+02 7.000000000000000666e-02 2.341221200950231816e-03 1.209650113598472672e+02 2.640748349410898300e+03 1.731999999999999886e+02
1.250000000000000000e+02 7.000000000000000666e-02 2.837200684854073850e-03 1.169067641743699113e+02 3.527428449257725333e+03 1.731999999999999886e+02
1.250000000000000000e+02 7.000000000000000666e-02 2.214253415723345299e-03 1.232557149440135902e+02 2.228942103990868873e+03 1.731999999999999886e+02
1.250000000000000000e+02 7.000000000000000666e-02 3.839910794069576350e-03 1.424449417066356887e+02 1.034644983130867558e+03 1.731999999999999886e+02
1.250000000000000000e+02 7.000000000000000666e-02 5.408922535946509430e-03 1.190991546634844980e+02 1.387534623271641067e+03 1.731999999999999886e+02
1.250000000000000000e+02 7.000000000000000666e-02 2.682957297995945331e-03 1.234844861626611987e+02 1.710337886063890210e+03 1.731999999999999886e+02
1.250000000000000000e+02 7.000000000000000666e-02 6.405853747271227083e-03 1.901344786660840782e+02 1.395058901240647629e+03 1.731999999999999886e+02
1.250000000000000000e+02 7.000000000000000666e-02 6.686356647047307297e-03 1.096425121291016467e+02 3.289849482372690545e+03 1.731999999999999886e+02
1.250000000000000000e+02 7.000000000000000666e-02 6.319671347650080394e-03 1.327479500826909486e+02 5.356752930304483016e+02 1.731999999999999886e+02
1.250000000000000000e+02 7.000000000000000666e-02 3.181956894574359575e-03 1.314717584101709349e+02 1.069805714386761338e+03 1.731999999999999886e+02
1.250000000000000000e+02 7.000000000000000666e-02 8.252843786182455232e-03 1.777351155785629544e+02 8.993328822109924658e+02 1.731999999999999886e+02
1.250000000000000000e+02 7.000000000000000666e-02 7.359080142591670724e-03 1.735004329661706208e+02 9.196298476205781753e+02 1.731999999999999886e+02
1.250000000000000000e+02 7.000000000000000666e-02 1.356180807983638778e-03 1.368334903589164355e+02 2.797707410616947527e+03 1.731999999999999886e+02
1.250000000000000000e+02 7.000000000000000666e-02 8.325817816393438209e-03 1.301645766925762473e+02 4.040312509518062711e+02 1.731999999999999886e+02
1.250000000000000000e+02 7.000000000000000666e-02 5.791930291287085419e-03 1.114328659230153846e+02 3.210913211849146592e+03 1.731999999999999886e+02
1.250000000000000000e+02 7.000000000000000666e-02 7.564888264711910025e-03 1.080481561732966043e+02 3.365356207004637781e+03 1.731999999999999886e+02
1.250000000000000000e+02 7.000000000000000666e-02 6.814223546345416285e-03 1.460440743026441623e+02 6.139500132294446075e+02 1.731999999999999886e+02
1.250000000000000000e+02 7.000000000000000666e-02 7.489545885392406323e-03 1.079944367581365299e+02 3.731647461818887223e+03 1.731999999999999886e+02
1.250000000000000000e+02 7.000000000000000666e-02 5.834085695032078037e-03 1.108247666585878903e+02 3.260712095284284715e+03 1.731999999999999886e+02
1.250000000000000000e+02 7.000000000000000666e-02 7.801002709408349362e-03 1.332708567673486471e+02 4.399731399677348804e+02 1.731999999999999886e+02
1.250000000000000000e+02 7.000000000000000666e-02 9.550016485661113469e-03 1.095015427206894998e+02 2.251713948000741766e+03 1.731999999999999886e+02
1.250000000000000000e+02 7.000000000000000666e-02 7.305722368059246012e-03 1.415341716705168835e+02 5.491939385797857085e+02 1.731999999999999886e+02
1.250000000000000000e+02 7.000000000000000666e-02 6.280793332106861769e-03 1.285373939824095544e+02 5.430496343659588092e+02 1.731999999999999886e+02
1.250000000000000000e+02 7.000000000000000666e-02 3.055286866449037457e-03 1.702077707929196038e+02 2.151894780907219683e+03 1.731999999999999886e+02
1.250000000000000000e+02 7.000000000000000666e-02 4.795413392753967476e-03 1.283920486548988720e+02 7.006803282200091871e+02 1.731999999999999886e+02
1.250000000000000000e+02 7.000000000000000666e-02 2.064775940118313956e-03 1.636758388062672225e+02 2.958434737302268786e+03 1.731999999999999886e+02
1.250000000000000000e+02 7.000000000000000666e-02 1.709118560083914282e-03 1.601810163931856437e+02 3.303674865794522248e+03 1.731999999999999886e+02
1.250000000000000000e+02 7.000000000000000666e-02 4.150094957703978626e-03 1.980011704819123679e+02 2.472598522952428539e+03 1.731999999999999886e+02
1.250000000000000000e+02 7.000000000000000666e-02 5.661849741678364606e-03 1.143976951780571909e+02 2.297475789855723633e+03 1.731999999999999886e+02
1.250000000000000000e+02 7.000000000000000666e-02 2.082551419438118979e-03 1.207660946769485406e+02 2.959836321500652957e+03 1.731999999999999886e+02
1.250000000000000000e+02 7.000000000000000666e-02 4.932079021414547022e-03 1.138062216397419490e+02 2.734603888769563582e+03 1.731999999999999886e+02
1.250000000000000000e+02 7.000000000000000666e-02 2.203696573864120500e-03 1.248746519683048746e+02 1.743244351078889849e+03 1.731999999999999886e+02
1.250000000000000000e+02 7.000000000000000666e-02 9.420632257124812725e-03 1.104273063202050480e+02 2.012459776516489910e+03 1.731999999999999886e+02
1.250000000000000000e+02 7.000000000000000666e-02 3.154148345821061305e-03 1.532989959828438202e+02 1.604083720782549335e+03 1.731999999999999886e+02
1.250000000000000000e+02 7.000000000000000666e-02 2.865878045700383236e-03 1.464787007358254982e+02 1.564886072707383164e+03 1.731999999999999886e+02
1.250000000000000000e+02 7.000000000000000666e-02 4.877534358351119821e-03 1.119943137772619934e+02 3.473831944019096227e+03 1.731999999999999886e+02
1.250000000000000000e+02 7.000000000000000666e-02 4.505808377899996053e-03 1.972371528663331901e+02 2.296812512091220924e+03 1.731999999999999886e+02
1.250000000000000000e+02 7.000000000000000666e-02 4.653766448826053732e-03 1.981752816561339046e+02 2.172324017791156166e+03 1.731999999999999886e+02
1.250000000000000000e+02 7.000000000000000666e-02 4.534818845831086083e-03 1.674584175093540352e+02 1.333744690554662157e+03 1.731999999999999886e+02
1.250000000000000000e+02 7.000000000000000666e-02 7.331294617136627743e-03 1.906511507357607229e+02 1.285000227608771638e+03 1.731999999999999886e+02
1.250000000000000000e+02 7.000000000000000666e-02 7.262084678898078627e-03 1.071442897454518857e+02 3.974966625613195447e+03 1.731999999999999886e+02
1.250000000000000000e+02 7.000000000000000666e-02 4.220597760505868760e-03 1.703389176397165556e+02 1.553983533445262310e+03 1.731999999999999886e+02
1.250000000000000000e+02 7.000000000000000666e-02 3.235263835569688901e-03 1.444018773254786936e+02 1.252789751754594590e+03 1.731999999999999886e+02
1.250000000000000000e+02 7.000000000000000666e-02 2.878803874995701419e-03 1.163825695705568251e+02 3.664830549104684906e+03 1.731999999999999886e+02
1.250000000000000000e+02 7.000000000000000666e-02 4.362646919108484171e-03 1.214278698780077264e+02 1.286352666843654106e+03 1.731999999999999886e+02
1.250000000000000000e+02 7.000000000000000666e-02 6.441300936431992342e-03 1.891119609461948983e+02 1.406826331674294352e+03 1.731999999999999886e+02
1.250000000000000000e+02 7.000000000000000666e-02 3.851443243142445814e-03 1.867727307785380617e+02 2.316960315535506197e+03 1.731999999999999886e+02
1.250000000000000000e+02 7.000000000000000666e-02 2.052330678148518023e-03 1.663460090357670538e+02 3.008634486183745594e+03 1.731999999999999886e+02
1.250000000000000000e+02 7.000000000000000666e-02 1.423461534670282004e-03 1.478105565448793186e+02 3.066046501474154866e+03 1.731999999999999886e+02
1.250000000000000000e+02 7.000000000000000666e-02 5.808178430113624183e-03 1.770414462574024697e+02 1.313811644380489724e+03 1.731999999999999886e+02
1.250000000000000000e+02 7.000000000000000666e-02 7.277113361886237107e-03 1.638647834707336699e+02 7.777863053579187635e+02 1.731999999999999886e+02
1.250000000000000000e+02 7.000000000000000666e-02 3.407322602999395596e-03 1.673243253573754430e+02 1.897853970712541468e+03 1.731999999999999886e+02
1.250000000000000000e+02 7.000000000000000666e-02 3.029700581944981541e-03 1.933118255576671345e+02 3.297116968855423238e+03 1.731999999999999886e+02
1.250000000000000000e+02 7.000000000000000666e-02 7.236969187428742879e-03 1.434514254731006417e+02 5.693213905033287574e+02 1.731999999999999886e+02
1.250000000000000000e+02 7.000000000000000666e-02 3.755998762241188112e-03 1.320359382992818382e+02 9.317909974728366933e+02 1.731999999999999886e+02
1.250000000000000000e+02 7.000000000000000666e-02 4.315363010408821386e-03 1.791615300455586919e+02 1.789703550062603654e+03 1.731999999999999886e+02
1.250000000000000000e+02 7.000000000000000666e-02 3.698945285117868475e-03 1.904561199807123728e+02 2.604483870235205359e+03 1.731999999999999886e+02
1.250000000000000000e+02 7.000000000000000666e-02 5.112720503407410660e-03 1.133694023055977453e+02 2.853975726040973314e+03 1.731999999999999886e+02
1.250000000000000000e+02 7.000000000000000666e-02 1.465061473759698280e-03 1.353518514571066476e+02 2.480547481253059686e+03 1.731999999999999886e+02
1.250000000000000000e+02 7.000000000000000666e-02 8.204017981888401395e-03 1.147530404802718493e+02 1.498901032763697913e+03 1.731999999999999886e+02
1.250000000000000000e+02 7.000000000000000666e-02 1.584776560836815120e-03 1.514912304892062878e+02 3.011765269386734417e+03 1.731999999999999886e+02
1.250000000000000000e+02 7.000000000000000666e-02 5.831944407530359649e-03 1.612191829089283601e+02 9.885508714830501731e+02 1.731999999999999886e+02
1.250000000000000000e+02 7.000000000000000666e-02 4.003861680567442731e-03 1.539580535446919498e+02 1.200884824257274204e+03 1.731999999999999886e+02
1.250000000000000000e+02 7.000000000000000666e-02 3.304253437329629593e-03 1.992188844947664563e+02 3.140141031715823374e+03 1.731999999999999886e+02
1.250000000000000000e+02 7.000000000000000666e-02 3.132349644664958119e-03 1.578611818996288889e+02 1.712263961432383212e+03 1.731999999999999886e+02
1.250000000000000000e+02 7.000000000000000666e-02 6.761674026049767014e-03 1.792568887249881300e+02 1.160562846488996684e+03 1.731999999999999886e+02
1.250000000000000000e+02 7.000000000000000666e-02 7.731462124258390613e-03 1.541416577489860060e+02 6.485467195373479399e+02 1.731999999999999886e+02
1.250000000000000000e+02 7.000000000000000666e-02 2.493292677469079351e-03 1.799428635109084667e+02 3.241302201850913207e+03 1.731999999999999886e+02
1.250000000000000000e+02 7.000000000000000666e-02 9.662197496492408791e-03 1.131595985789991090e+02 1.431116099401230713e+03 1.731999999999999886e+02
1.250000000000000000e+02 7.000000000000000666e-02 8.389101871571935654e-03 1.265589706887866299e+02 4.067733505195341195e+02 1.731999999999999886e+02
1.250000000000000000e+02 7.000000000000000666e-02 5.286342570357501977e-03 1.871079335755088664e+02 1.629780678492784773e+03 1.731999999999999886e+02
1.250000000000000000e+02 7.000000000000000666e-02 1.347977099318183655e-03 1.447671559555611793e+02 3.066692805180653977e+03 1.731999999999999886e+02
1.250000000000000000e+02 7.000000000000000666e-02 2.706546242894306009e-03 1.853094759302049965e+02 3.067202128417508902e+03 1.731999999999999886e+02
1.250000000000000000e+02 7.000000000000000666e-02 4.176234930687556558e-03 1.903905976673045757e+02 2.155099538984170522e+03 1.731999999999999886e+02
1.250000000000000000e+02 7.000000000000000666e-02 2.087267032204019688e-03 1.448010134457121012e+02 1.933565522151222922e+03 1.731999999999999886e+02
1.250000000000000000e+02 7.000000000000000666e-02 2.518823094492329221e-03 1.240002559078977953e+02 1.676795588703593694e+03 1.731999999999999886e+02
1.250000000000000000e+02 7.000000000000000666e-02 3.476021473482641694e-03 1.770209197302726238e+02 2.060828449967954384e+03 1.731999999999999886e+02
1.250000000000000000e+02 7.000000000000000666e-02 8.661693310034067686e-03 1.681795112181495711e+02 7.555383825521482777e+02 1.731999999999999886e+02
1.250000000000000000e+02 7.000000000000000666e-02 5.494099796694704683e-03 1.259434727291974951e+02 6.694060171625850444e+02 1.731999999999999886e+02
1.250000000000000000e+02 7.000000000000000666e-02 2.452211670897098440e-03 1.700260133392379203e+02 2.615921773387704434e+03 1.731999999999999886e+02
1.250000000000000000e+02 7.000000000000000666e-02 1.637758571047286289e-03 1.444137661468007252e+02 2.600784387902525850e+03 1.731999999999999886e+02
1.250000000000000000e+02 7.000000000000000666e-02 1.452994217975559464e-03 1.524918519698659907e+02 3.325053919601328289e+03 1.731999999999999886e+02
1.250000000000000000e+02 7.000000000000000666e-02 1.373343910359460952e-03 1.527721446325409431e+02 3.528015901392952856e+03 1.731999999999999886e+02
1.250000000000000000e+02 7.000000000000000666e-02 4.054637383382708217e-03 1.317828580283421047e+02 8.922603957451333372e+02 1.731999999999999886e+02
1.250000000000000000e+02 7.000000000000000666e-02 9.072261303410458083e-03 1.321489171201528450e+02 3.845336650387536110e+02 1.731999999999999886e+02
1.250000000000000000e+02 7.000000000000000666e-02 3.343416954536085686e-03 1.459969982067051149e+02 1.330657789612381748e+03 1.731999999999999886e+02
1.250000000000000000e+02 7.000000000000000666e-02 2.064392225737802546e-03 1.193891827240241383e+02 3.699671936471626850e+03 1.731999999999999886e+02
1.250000000000000000e+02 7.000000000000000666e-02 4.488398365839088404e-03 1.331175088634791166e+02 8.044146169030739202e+02 1.731999999999999886e+02
1.250000000000000000e+02 7.000000000000000666e-02 1.128364608864100170e-03 1.472786786319538237e+02 3.746993168903540209e+03 1.731999999999999886e+02
1.250000000000000000e+02 7.000000000000000666e-02 9.770022510963712048e-03 1.956891363530067451e+02 1.063050924526560721e+03 1.731999999999999886e+02
1.250000000000000000e+02 7.000000000000000666e-02 3.475203780825070025e-03 1.663904256263363948e+02 1.739582924409079396e+03 1.731999999999999886e+02
1.250000000000000000e+02 7.000000000000000666e-02 2.279841458931932286e-03 1.634239910161047078e+02 2.674672145665494099e+03 1.731999999999999886e+02
1.250000000000000000e+02 7.000000000000000666e-02 6.028234995094483746e-03 1.881900009244405965e+02 1.507550608424112625e+03 1.731999999999999886e+02
1.250000000000000000e+02 7.000000000000000666e-02 2.021758620294317882e-03 1.777044224395676792e+02 3.789864142003203597e+03 1.731999999999999886e+02
1.250000000000000000e+02 7.000000000000000666e-02 8.156417865769722414e-03 1.111428029320235282e+02 2.180535003905270059e+03 1.731999999999999886e+02
1.250000000000000000e+02 7.000000000000000666e-02 2.051948098712369929e-03 1.242018200874044851e+02 2.012120114124026031e+03 1.731999999999999886e+02
1.250000000000000000e+02 7.000000000000000666e-02 9.532786547586755144e-03 1.056893651283155435e+02 3.711178518833226008e+03 1.731999999999999886e+02
1.250000000000000000e+02 7.000000000000000666e-02 4.787445139574897195e-03 1.147468014427558956e+02 2.512057398271232614e+03 1.731999999999999886e+02
1.250000000000000000e+02 7.000000000000000666e-02 2.792006572227092188e-03 1.839551730562246519e+02 2.913973129020811484e+03 1.731999999999999886e+02
1.250000000000000000e+02 7.000000000000000666e-02 7.220421508352390869e-03 1.129926781652782211e+02 1.982432720973460619e+03 1.731999999999999886e+02
1.250000000000000000e+02 7.000000000000000666e-02 7.400541630166150228e-03 1.105070388830752108e+02 2.622934194422508881e+03 1.731999999999999886e+02
1.250000000000000000e+02 7.000000000000000666e-02 1.711064596471622949e-03 1.385022304307882450e+02 2.255079984963345396e+03 1.731999999999999886e+02
1.250000000000000000e+02 7.000000000000000666e-02 6.546290815847064133e-03 1.873697302824160715e+02 1.303737289588367958e+03 1.731999999999999886e+02
1.250000000000000000e+02 7.000000000000000666e-02 5.287490368893821464e-03 1.585401363352666522e+02 1.014773615159953124e+03 1.731999999999999886e+02
1.250000000000000000e+02 7.000000000000000666e-02 3.843617361705587484e-03 1.895863427050991845e+02 2.410165725581270635e+03 1.731999999999999886e+02
1.250000000000000000e+02 7.000000000000000666e-02 7.072027625788598719e-03 1.975841338281451272e+02 1.436712112215077696e+03 1.731999999999999886e+02
1.250000000000000000e+02 7.000000000000000666e-02 7.046392931924972368e-03 1.718357897147474205e+02 9.435053443113057483e+02 1.731999999999999886e+02
1.250000000000000000e+02 7.000000000000000666e-02 6.314888024633907165e-03 1.898883030130594420e+02 1.404387540899229180e+03 1.731999999999999886e+02
1.250000000000000000e+02 7.000000000000000666e-02 2.940113583989095204e-03 1.798235187019678278e+02 2.589965514342565257e+03 1.731999999999999886e+02
1.250000000000000000e+02 7.000000000000000666e-02 6.941845325344846857e-03 1.300382365019602844e+02 5.102650292902266642e+02 1.731999999999999886e+02
1.250000000000000000e+02 7.000000000000000666e-02 2.702945137202076523e-03 1.960110289098147973e+02 3.670533532962401750e+03 1.731999999999999886e+02
1.250000000000000000e+02 7.000000000000000666e-02 2.062759590695768721e-03 1.570867410433842224e+02 2.534449940578020232e+03 1.731999999999999886e+02
1.250000000000000000e+02 7.000000000000000666e-02 3.475739521617297358e-03 1.850963708154984033e+02 2.534810380344964415e+03 1.731999999999999886e+02
1.250000000000000000e+02 7.000000000000000666e-02 6.592289595739947265e-03 1.350846099482953093e+02 5.298151358787625895e+02 1.731999999999999886e+02
1.250000000000000000e+02 7.000000000000000666e-02 6.981614935925702092e-03 1.953750285445148620e+02 1.464624183337806471e+03 1.731999999999999886e+02
1.250000000000000000e+02 7.000000000000000666e-02 9.218245141831378150e-03 1.815151647870035845e+02 8.721136325991305966e+02 1.731999999999999886e+02
1.250000000000000000e+02 7.000000000000000666e-02 4.710034124745673956e-03 1.116868848734631285e+02 3.788651294507508283e+03 1.731999999999999886e+02
1.250000000000000000e+02 7.000000000000000666e-02 9.423472129716772491e-03 1.649014522397674511e+02 6.387868570986330496e+02 1.731999999999999886e+02
1.250000000000000000e+02 7.000000000000000666e-02 7.895465542998461247e-03 1.672087120047439157e+02 8.124250626547211596e+02 1.731999999999999886e+02
1.250000000000000000e+02 7.000000000000000666e-02 9.051112260896446854e-03 1.112995334776438199e+02 1.967950371942722995e+03 1.731999999999999886e+02
1.250000000000000000e+02 7.000000000000000666e-02 5.007710932583140338e-03 1.549608841709132889e+02 1.027256409218460021e+03 1.731999999999999886e+02
1.250000000000000000e+02 7.000000000000000666e-02 4.879756342695347644e-03 1.202747152855417028e+02 1.405146146215538920e+03 1.731999999999999886e+02
1.250000000000000000e+02 7.000000000000000666e-02 7.279994719542038500e-03 1.176557256994653926e+02 1.249263277162935310e+03 1.731999999999999886e+02
1.250000000000000000e+02 7.000000000000000666e-02 5.757999602075247920e-03 1.543305533854369287e+02 8.583218558298875678e+02 1.731999999999999886e+02
1.250000000000000000e+02 7.000000000000000666e-02 4.469719291844953188e-03 1.716282826299059820e+02 1.491926531747177251e+03 1.731999999999999886e+02
1.250000000000000000e+02 7.000000000000000666e-02 5.962954246930749630e-03 1.615411536222843552e+02 9.620484764024483866e+02 1.731999999999999886e+02
1.250000000000000000e+02 7.000000000000000666e-02 9.330115161643027025e-03 1.631554401568277513e+02 6.085663863179644295e+02 1.731999999999999886e+02
1.250000000000000000e+02 7.000000000000000666e-02 7.747197181901200637e-03 1.905562800154623915e+02 1.195480856250153238e+03 1.731999999999999886e+02
1.250000000000000000e+02 7.000000000000000666e-02 2.754255118065077404e-03 1.221381516706383366e+02 1.946393232236705899e+03 1.731999999999999886e+02
1.250000000000000000e+02 7.000000000000000666e-02 1.059028203506951361e-03 1.452325060873950520e+02 3.991698923078086864e+03 1.731999999999999886e+02
1.250000000000000000e+02 7.000000000000000666e-02 9.736771777454097596e-03 1.835929149995413070e+02 8.444848691208073888e+02 1.731999999999999886e+02
1.250000000000000000e+02 7.000000000000000666e-02 5.434016257566251160e-03 1.131325821437963555e+02 2.755500476159363643e+03 1.731999999999999886e+02
1.250000000000000000e+02 7.000000000000000666e-02 5.818262205047140985e-03 1.645337696595495345e+02 1.018737919146089212e+03 1.731999999999999886e+02
1.250000000000000000e+02 7.000000000000000666e-02 4.613975807048405729e-03 1.304092543758070519e+02 7.701207057407510774e+02 1.731999999999999886e+02
1.250000000000000000e+02 7.000000000000000666e-02 5.093389454333054935e-03 1.178576013805145095e+02 1.637231644222940986e+03 1.731999999999999886e+02
1.250000000000000000e+02 7.000000000000000666e-02 1.306798518131789500e-03 1.561375281983684147e+02 3.839306446851649980e+03 1.731999999999999886e+02
1.250000000000000000e+02 7.000000000000000666e-02 2.577026013707146585e-03 1.566215974836469513e+02 1.989887103164925065e+03 1.731999999999999886e+02
1.250000000000000000e+02 7.000000000000000666e-02 8.063699033233144228e-03 1.899898622365611516e+02 1.164253084624406029e+03 1.731999999999999886e+02
1.250000000000000000e+02 7.000000000000000666e-02 7.659957449407723933e-03 1.954137316420308821e+02 1.327969893040259421e+03 1.731999999999999886e+02
1.250000000000000000e+02 7.000000000000000666e-02 9.636999206454527128e-04 1.371823200823055231e+02 3.809655962237597123e+03 1.731999999999999886e+02
1.250000000000000000e+02 7.000000000000000666e-02 9.287773328495537231e-03 1.097978188360530112e+02 2.285250584132581025e+03 1.731999999999999886e+02
1.250000000000000000e+02 7.000000000000000666e-02 3.802053099398423203e-03 1.700901024154749166e+02 1.733410089649674546e+03 1.731999999999999886e+02
1.250000000000000000e+02 7.000000000000000666e-02 8.796082646141449579e-03 1.962929363264337894e+02 1.169052983815259722e+03 1.731999999999999886e+02
1.250000000000000000e+02 7.000000000000000666e-02 4.492512676698186790e-03 1.813272262385617637e+02 1.768333312646531112e+03 1.731999999999999886e+02
1.250000000000000000e+02 7.000000000000000666e-02 5.576498995459222910e-03 1.982706031847567942e+02 1.893014991742334814e+03 1.731999999999999886e+02
1.250000000000000000e+02 7.000000000000000666e-02 6.780123806015905807e-03 1.256636132152471390e+02 5.287960782425006983e+02 1.731999999999999886e+02
1.250000000000000000e+02 7.000000000000000666e-02 1.083839998724659684e-03 1.306443730361921212e+02 3.090993904439587823e+03 1.731999999999999886e+02
1.250000000000000000e+02 7.000000000000000666e-02 8.760426750913784255e-03 1.296823138112402489e+02 3.811307710384226084e+02 1.731999999999999886e+02
1.250000000000000000e+02 7.000000000000000666e-02 1.893183108278567641e-03 1.678544871533903518e+02 3.409525596497627703e+03 1.731999999999999886e+02
1.250000000000000000e+02 7.000000000000000666e-02 3.508005825508580134e-03 1.176093111621049587e+02 2.481947189337082364e+03 1.731999999999999886e+02
1.250000000000000000e+02 7.000000000000000666e-02 5.028814181573775487e-03 1.110625394775100432e+02 3.753237255747027120e+03 1.731999999999999886e+02
1.250000000000000000e+02 7.000000000000000666e-02 2.090555054254739174e-03 1.626215163399239714e+02 2.779388420269035578e+03 1.731999999999999886e+02
1.250000000000000000e+02 7.000000000000000666e-02 3.376857257376019838e-03 1.491851257263759294e+02 1.376827512453965028e+03 1.731999999999999886e+02
1.250000000000000000e+02 7.000000000000000666e-02 5.851046056739176229e-03 1.723428718620444613e+02 1.152517013627422784e+03 1.731999999999999886e+02
1.250000000000000000e+02 7.000000000000000666e-02 4.556977308125812441e-03 1.995405971503378453e+02 2.256692903510722317e+03 1.731999999999999886e+02
1.250000000000000000e+02 7.000000000000000666e-02 8.469985911869428244e-03 1.942735119746664907e+02 1.112016991976282952e+03 1.731999999999999886e+02
1.250000000000000000e+02 7.000000000000000666e-02 2.378978692098841687e-03 1.699966954450247840e+02 2.834494944208207016e+03 1.731999999999999886e+02
1.250000000000000000e+02 7.000000000000000666e-02 3.546777089955916069e-03 1.979549783206153393e+02 2.909937531462099287e+03 1.731999999999999886e+02
1.250000000000000000e+02 7.000000000000000666e-02 2.433782727550030858e-03 1.519503993803265303e+02 1.947547547547570503e+03 1.731999999999999886e+02
1.250000000000000000e+02 7.000000000000000666e-02 9.615440694071273817e-03 1.083597241151077526e+02 2.531408355059981204e+03 1.731999999999999886e+02
1.250000000000000000e+02 7.000000000000000666e-02 3.912401279626008359e-03 1.130711011679883313e+02 3.857542464583165383e+03 1.731999999999999886e+02
1.250000000000000000e+02 7.000000000000000666e-02 4.495570386297787976e-03 1.713429662494957597e+02 1.554889097485154025e+03 1.731999999999999886e+02
1.250000000000000000e+02 7.000000000000000666e-02 3.491330038764667645e-03 1.455191271119604721e+02 1.228003905736529532e+03 1.731999999999999886e+02
1.250000000000000000e+02 7.000000000000000666e-02 2.503735214759749035e-03 1.336582291157994291e+02 1.361809686714441796e+03 1.731999999999999886e+02
1.250000000000000000e+02 7.000000000000000666e-02 2.426785702192104689e-03 1.797531307049086422e+02 3.294306495591854400e+03 1.731999999999999886e+02
1.250000000000000000e+02 7.000000000000000666e-02 4.569553999942248430e-03 1.784415398018925885e+02 1.727176993906218286e+03 1.731999999999999886e+02
1.250000000000000000e+02 7.000000000000000666e-02 1.967019299067373269e-03 1.585678735480525461e+02 2.639314258797310231e+03 1.731999999999999886e+02
1.250000000000000000e+02 7.000000000000000666e-02 4.124070128220194524e-03 1.821607124716150565e+02 1.917951143257232161e+03 1.731999999999999886e+02
1.250000000000000000e+02 7.000000000000000666e-02 5.706342455998067963e-03 1.138510967517864003e+02 2.370806255269619214e+03 1.731999999999999886e+02
1.250000000000000000e+02 7.000000000000000666e-02 5.011181800458490258e-03 1.612202338028833992e+02 1.123780583460172693e+03 1.731999999999999886e+02
1.250000000000000000e+02 7.000000000000000666e-02 4.829824527066033102e-03 1.455824171733017067e+02 8.662681433512640297e+02 1.731999999999999886e+02
1.250000000000000000e+02 7.000000000000000666e-02 2.564472832883096624e-03 1.919252280859705593e+02 3.849108515079578410e+03 1.731999999999999886e+02
1.250000000000000000e+02 7.000000000000000666e-02 1.130949814641606793e-03 1.462986522443468402e+02 3.901725464761683725e+03 1.731999999999999886e+02
1.250000000000000000e+02 7.000000000000000666e-02 3.921747813820929650e-03 1.616045207502223207e+02 1.443540771867169724e+03 1.731999999999999886e+02
1.250000000000000000e+02 7.000000000000000666e-02 4.871057168146052455e-03 1.657462431028994558e+02 1.279241840456638784e+03 1.731999999999999886e+02
1.250000000000000000e+02 7.000000000000000666e-02 4.190404303550021060e-03 1.381156295505635967e+02 8.669596940451467617e+02 1.731999999999999886e+02
1.250000000000000000e+02 7.000000000000000666e-02 1.131393165425876408e-03 1.502678704635216604e+02 3.946546674530860400e+03 1.731999999999999886e+02
1.250000000000000000e+02 7.000000000000000666e-02 4.383920759496306475e-03 1.776894807509640941e+02 1.667166534286267506e+03 1.731999999999999886e+02
1.250000000000000000e+02 7.000000000000000666e-02 1.523023178104472011e-03 1.616422712623126472e+02 3.685071389090622233e+03 1.731999999999999886e+02
1.250000000000000000e+02 7.000000000000000666e-02 4.332471847615103171e-03 1.932350289358463442e+02 2.288611187832308133e+03 1.731999999999999886e+02
1.250000000000000000e+02 7.000000000000000666e-02 4.269180084447959933e-03 1.751264158423479671e+02 1.676148667602990599e+03 1.731999999999999886e+02
1.250000000000000000e+02 7.000000000000000666e-02 2.837309201882512975e-03 1.981851738380872234e+02 3.536130087018667837e+03 1.731999999999999886e+02
1.250000000000000000e+02 7.000000000000000666e-02 8.693166888279394919e-03 1.549416976292081358e+02 5.845238719332299979e+02 1.731999999999999886e+02
1.250000000000000000e+02 7.000000000000000666e-02 6.893416878794225190e-03 1.111920462000149996e+02 2.771420022120825251e+03 1.731999999999999886e+02
1.250000000000000000e+02 7.000000000000000666e-02 1.387465838702227295e-03 1.460135920448752529e+02 3.044113850662226014e+03 1.731999999999999886e+02
1.250000000000000000e+02 7.000000000000000666e-02 3.699040674182604935e-03 1.741944582356630633e+02 1.950119852894945325e+03 1.731999999999999886e+02
1.250000000000000000e+02 7.000000000000000666e-02 7.319503383504082430e-03 1.614889832514233490e+02 7.526801255004480709e+02 1.731999999999999886e+02
1.250000000000000000e+02 7.000000000000000666e-02 2.551293307439374790e-03 1.602080463383793187e+02 2.207092423958698419e+03 1.731999999999999886e+02
1.250000000000000000e+02 7.000000000000000666e-02 2.376012838904853833e-03 1.789754441072187205e+02 3.284281723076253456e+03 1.731999999999999886e+02
1.250000000000000000e+02 7.000000000000000666e-02 4.999528833888166462e-03 1.716654400539509595e+02 1.352984992921975390e+03 1.731999999999999886e+02
1.250000000000000000e+02 7.000000000000000666e-02 3.946240779065016656e-03 1.381415004935770696e+02 9.360094183574392446e+02 1.731999999999999886e+02
1.250000000000000000e+02 7.000000000000000666e-02 7.387856347279095175e-03 1.413687523957472933e+02 5.204629061374959065e+02 1.731999999999999886e+02
1.250000000000000000e+02 7.000000000000000666e-02 2.484482214964918358e-03 1.383488897478013655e+02 1.494954736278001519e+03 1.731999999999999886e+02
1.250000000000000000e+02 7.000000000000000666e-02 6.962797211823685065e-03 1.790572629282483774e+02 1.054687450387370518e+03 1.731999999999999886e+02
1.250000000000000000e+02 7.000000000000000666e-02 4.680426595840819944e-03 1.257520740989709083e+02 8.098154662720058923e+02 1.731999999999999886e+02
1.250000000000000000e+02 7.000000000000000666e-02 6.027468891221594155e-03 1.164000069059557063e+02 1.747280048648985712e+03 1.731999999999999886e+02
1.250000000000000000e+02 7.000000000000000666e-02 3.294358602368496064e-03 1.995102370858413678e+02 3.231436790725050741e+03 1.731999999999999886e+02
1.250000000000000000e+02 7.000000000000000666e-02 3.394732600545960315e-03 1.228596898796501762e+02 1.437373461603097439e+03 1.731999999999999886e+02
1.250000000000000000e+02 7.000000000000000666e-02 1.647306062719432803e-03 1.452404907527445062e+02 2.548223869132835262e+03 1.731999999999999886e+02
1.250000000000000000e+02 7.000000000000000666e-02 2.304879749782338776e-03 1.214958569954207519e+02 2.495126006972252526e+03 1.731999999999999886e+02
1.250000000000000000e+02 7.000000000000000666e-02 5.499884676590917863e-03 1.096921439107588867e+02 3.935360726080023142e+03 1.731999999999999886e+02
1.250000000000000000e+02 7.000000000000000666e-02 2.309510110820573500e-03 1.184633635958643509e+02 3.649396038057273017e+03 1.731999999999999886e+02
1.250000000000000000e+02 7.000000000000000666e-02 7.351135506279492249e-03 1.077065115359510088e+02 3.949510880399218422e+03 1.731999999999999886e+02
1.250000000000000000e+02 7.000000000000000666e-02 2.119265157661219534e-03 1.566190643203769923e+02 2.350340392477641217e+03 1.731999999999999886e+02
1.250000000000000000e+02 7.000000000000000666e-02 6.293495893423341030e-03 1.999010990145191613e+02 1.649754550188876465e+03 1.731999999999999886e+02
1.250000000000000000e+02 7.000000000000000666e-02 2.254312815936176766e-03 1.733602554377694673e+02 3.204801953721814698e+03 1.731999999999999886e+02
1.250000000000000000e+02 7.000000000000000666e-02 4.724558453729470024e-03 1.950015969381824732e+02 2.151050219705470681e+03 1.731999999999999886e+02
1.250000000000000000e+02 7.000000000000000666e-02 2.746720692227109639e-03 1.202324784791423156e+02 2.443473048380645196e+03 1.731999999999999886e+02
1.250000000000000000e+02 7.000000000000000666e-02 2.460084092264963867e-03 1.427590268478853659e+02 1.585634208178946665e+03 1.731999999999999886e+02
1.250000000000000000e+02 7.000000000000000666e-02 7.163084481257798487e-03 1.084534284627819432e+02 3.689441100169635774e+03 1.731999999999999886e+02
1.250000000000000000e+02 7.000000000000000666e-02 2.844010522815234362e-03 1.670757956249961751e+02 2.274209456428850444e+03 1.731999999999999886e+02
1.250000000000000000e+02 7.000000000000000666e-02 2.500165810214095407e-03 1.390007689209471096e+02 1.552859126212080128e+03 1.731999999999999886e+02
1.250000000000000000e+02 7.000000000000000666e-02 3.566793973015794199e-03 1.723257787193842887e+02 1.930633279085181812e+03 1.731999999999999886e+02
1.250000000000000000e+02 7.000000000000000666e-02 9.714245171339942059e-03 1.930021449734800569e+02 9.619430570667976781e+02 1.731999999999999886e+02
1.250000000000000000e+02 7.000000000000000666e-02 1.907578127719295261e-03 1.752681176009702426e+02 3.742878440165648499e+03 1.731999999999999886e+02
1.250000000000000000e+02 7.000000000000000666e-02 9.270226443746705514e-03 1.146294147261126000e+02 1.367733789162380617e+03 1.731999999999999886e+02
1.250000000000000000e+02 7.000000000000000666e-02 5.116906314269301613e-03 1.804254295059865285e+02 1.551418017430011560e+03 1.731999999999999886e+02
1.250000000000000000e+02 7.000000000000000666e-02 4.112372434748735699e-03 1.145517812978294216e+02 3.003866992264335749e+03 1.731999999999999886e+02
1.250000000000000000e+02 7.000000000000000666e-02 3.364755085609670050e-03 1.156313979358288009e+02 3.386030883035359238e+03 1.731999999999999886e+02
1.250000000000000000e+02 7.000000000000000666e-02 5.897171958983945736e-03 1.134085919176618802e+02 2.312467438500734715e+03 1.731999999999999886e+02
1.250000000000000000e+02 7.000000000000000666e-02 5.053685485933441524e-03 1.792984308328199745e+02 1.549970822818513852e+03 1.731999999999999886e+02
1.250000000000000000e+02 7.000000000000000666e-02 7.306083642153834122e-03 1.868723296325053411e+02 1.224455321791095457e+03 1.731999999999999886e+02
1.250000000000000000e+02 7.000000000000000666e-02 2.209503085972686250e-03 1.853499487373472050e+02 3.719313645161468230e+03 1.731999999999999886e+02
1.250000000000000000e+02 7.000000000000000666e-02 4.197615944232130879e-03 1.584777028507126033e+02 1.314826369572202111e+03 1.731999999999999886e+02
1.250000000000000000e+02 7.000000000000000666e-02 4.645406722124821239e-03 1.724426947340559764e+02 1.511941211747778652e+03 1.731999999999999886e+02
1.250000000000000000e+02 7.000000000000000666e-02 3.943478857898155554e-03 1.187547940347909616e+02 1.995586175132372546e+03 1.731999999999999886e+02
1.250000000000000000e+02 7.000000000000000666e-02 7.719056476897797475e-03 1.195763259912493908e+02 9.532813222662292674e+02 1.731999999999999886e+02
1.250000000000000000e+02 7.000000000000000666e-02 2.873607710450664255e-03 1.948916237474638820e+02 3.343666610789442075e+03 1.731999999999999886e+02
1.250000000000000000e+02 7.000000000000000666e-02 3.510799090849179953e-03 1.995215270510228152e+02 2.957493674988848852e+03 1.731999999999999886e+02
1.250000000000000000e+02 7.000000000000000666e-02 1.812051922660944678e-03 1.557459829189226355e+02 2.775515203036229650e+03 1.731999999999999886e+02
1.250000000000000000e+02 7.000000000000000666e-02 2.023204582075495243e-03 1.407057509104672306e+02 1.883429010384632193e+03 1.731999999999999886e+02
1.250000000000000000e+02 7.000000000000000666e-02 3.653097257952364878e-03 1.135796114286691818e+02 3.739880628767562030e+03 1.731999999999999886e+02
1.250000000000000000e+02 7.000000000000000666e-02 2.719323514182094524e-03 1.560894455916878485e+02 1.844861880367124286e+03 1.731999999999999886e+02
1.250000000000000000e+02 7.000000000000000666e-02 5.375870051756222179e-03 1.982254691182487250e+02 1.971232925887690953e+03 1.731999999999999886e+02
1.250000000000000000e+02 7.000000000000000666e-02 4.792242323153466169e-03 1.114294531516700317e+02 3.802126896727871554e+03 1.731999999999999886e+02
1.250000000000000000e+02 7.000000000000000666e-02 2.614403516917523495e-03 1.802648470354993151e+02 3.028618581069119500e+03 1.731999999999999886e+02
1.250000000000000000e+02 7.000000000000000666e-02 7.658277489162402217e-03 1.779705211187823011e+02 1.003170961052454800e+03 1.731999999999999886e+02
1.250000000000000000e+02 7.000000000000000666e-02 8.982843970695039010e-03 1.909221814022921535e+02 1.057815774714705412e+03 1.731999999999999886e+02
1.250000000000000000e+02 7.000000000000000666e-02 5.440187564818777660e-03 1.717560853645620114e+02 1.292124821747917167e+03 1.731999999999999886e+02
1.250000000000000000e+02 7.000000000000000666e-02 1.968748424552678802e-03 1.677302552579840267e+02 3.155026187328585365e+03 1.731999999999999886e+02
1.250000000000000000e+02 7.000000000000000666e-02 7.276196348296585549e-03 1.998597520234142451e+02 1.460359715726836384e+03 1.731999999999999886e+02
1.250000000000000000e+02 7.000000000000000666e-02 4.423385544773636956e-03 1.194936277324591458e+02 1.629229419481624063e+03 1.731999999999999886e+02
1.250000000000000000e+02 7.000000000000000666e-02 9.978264458616841262e-03 1.055912217863136107e+02 3.580223285568524261e+03 1.731999999999999886e+02
1.250000000000000000e+02 7.000000000000000666e-02 4.422068010625968340e-03 1.737301695639398531e+02 1.619646173279161076e+03 1.731999999999999886e+02
1.250000000000000000e+02 7.000000000000000666e-02 5.423582593451077918e-03 1.143171571491287182e+02 2.306565472798664814e+03 1.731999999999999886e+02
1.250000000000000000e+02 7.000000000000000666e-02 4.868046957813123958e-03 1.937593638284875794e+02 1.938774178058218467e+03 1.731999999999999886e+02
1.250000000000000000e+02 7.000000000000000666e-02 1.644105612436220533e-03 1.492943338523901389e+02 2.810428038884519538e+03 1.731999999999999886e+02
1.250000000000000000e+02 7.000000000000000666e-02 3.335554263621695343e-03 1.756027164802129050e+02 2.104625737794418910e+03 1.731999999999999886e+02
1.250000000000000000e+02 7.000000000000000666e-02 6.462044203719448550e-03 1.837150125606985682e+02 1.262125608859799968e+03 1.731999999999999886e+02
1.250000000000000000e+02 7.000000000000000666e-02 2.038610347689481100e-03 1.798952936439140444e+02 3.950418490450530044e+03 1.731999999999999886e+02
1.250000000000000000e+02 7.000000000000000666e-02 1.363636175462681812e-03 1.428240195300554944e+02 3.021998091279698201e+03 1.731999999999999886e+02
1.250000000000000000e+02 7.000000000000000666e-02 3.194549657771525702e-03 1.982760200641772599e+02 3.320648214264258513e+03 1.731999999999999886e+02
1.250000000000000000e+02 7.000000000000000666e-02 9.075337601056139916e-03 1.099678812756645527e+02 2.292254314086352679e+03 1.731999999999999886e+02
1.250000000000000000e+02 7.000000000000000666e-02 1.587263782225480351e-03 1.584281711123723824e+02 3.324955653282679577e+03 1.731999999999999886e+02
1.250000000000000000e+02 7.000000000000000666e-02 1.841059185712250407e-03 1.704389228081732597e+02 3.687080744601552396e+03 1.731999999999999886e+02
1.250000000000000000e+02 7.000000000000000666e-02 6.222566643382753011e-03 1.085262142634868496e+02 3.913988594749162530e+03 1.731999999999999886e+02
1.250000000000000000e+02 7.000000000000000666e-02 7.260878300887728051e-03 1.988358046917889794e+02 1.463565078548869678e+03 1.731999999999999886e+02
1.250000000000000000e+02 7.000000000000000666e-02 8.037211269318913359e-03 1.071412132320783570e+02 3.652404894729972966e+03 1.731999999999999886e+02
1.250000000000000000e+02 7.000000000000000666e-02 1.197482151276103553e-03 1.448096735812570728e+02 3.421832354556299379e+03 1.731999999999999886e+02
1.250000000000000000e+02 7.000000000000000666e-02 2.152064752966423127e-03 1.810940464063946536e+02 3.634345051027854424e+03 1.731999999999999886e+02
1.250000000000000000e+02 7.000000000000000666e-02 4.883772682098250044e-03 1.964628601998026056e+02 2.077147659584139546e+03 1.731999999999999886e+02
1.250000000000000000e+02 7.000000000000000666e-02 2.869713195450446491e-03 1.643125236986167010e+02 2.034529115603876789e+03 1.731999999999999886e+02
1.250000000000000000e+02 7.000000000000000666e-02 5.448567039294529082e-03 1.105427193763903375e+02 3.556904118663685495e+03 1.731999999999999886e+02
1.250000000000000000e+02 7.000000000000000666e-02 2.362194961690060237e-03 1.859808623057497243e+02 3.580110766067786699e+03 1.731999999999999886e+02
1.250000000000000000e+02 7.000000000000000666e-02 1.887568537566839191e-03 1.713420067176654129e+02 3.548043661298894222e+03 1.731999999999999886e+02
1.250000000000000000e+02 7.000000000000000666e-02 7.905032170669156963e-03 1.079265625942383053e+02 3.481355736201526270e+03 1.731999999999999886e+02
1.250000000000000000e+02 7.000000000000000666e-02 4.291159604015454959e-03 1.769141425996611474e+02 1.660398975658330301e+03 1.731999999999999886e+02
1.250000000000000000e+02 7.000000000000000666e-02 1.515312061812863634e-03 1.318687306800668466e+02 2.374939741633645099e+03 1.731999999999999886e+02
1.250000000000000000e+02 7.000000000000000666e-02 2.730550730355632734e-03 1.987118067338363119e+02 3.796156566886765177e+03 1.731999999999999886e+02
1.250000000000000000e+02 7.000000000000000666e-02 2.758748439180614288e-03 1.878305293225237165e+02 3.270601864579502944e+03 1.731999999999999886e+02
1.250000000000000000e+02 7.000000000000000666e-02 3.462481284628710250e-03 1.942100387378857249e+02 2.889038612967992776e+03 1.731999999999999886e+02
1.250000000000000000e+02 7.000000000000000666e-02 6.787451107608404727e-03 1.193849200676101816e+02 1.033340621995907213e+03 1.731999999999999886e+02
1.250000000000000000e+02 7.000000000000000666e-02 2.761214298626839519e-03 1.637541904588118200e+02 2.167346992450629841e+03 1.731999999999999886e+02
1.250000000000000000e+02 7.000000000000000666e-02 4.647115448253764242e-03 1.887217831938258712e+02 1.925382080560543500e+03 1.731999999999999886e+02
1.250000000000000000e+02 7.000000000000000666e-02 1.656034209722977071e-03 1.583691343088433428e+02 3.182913769766076257e+03 1.731999999999999886e+02
1.250000000000000000e+02 7.000000000000000666e-02 4.343409354830299156e-03 1.418937581038659914e+02 9.447993870041267428e+02 1.731999999999999886e+02
1.250000000000000000e+02 7.000000000000000666e-02 2.836366712150953980e-03 1.861013267073367388e+02 3.146087142046259942e+03 1.731999999999999886e+02
1.250000000000000000e+02 7.000000000000000666e-02 2.646372963887106550e-03 1.308856348670220484e+02 1.367482496290149356e+03 1.731999999999999886e+02
1.250000000000000000e+02 7.000000000000000666e-02 3.172405988966279199e-03 1.178872249108352293e+02 2.717081791969526421e+03 1.731999999999999886e+02
1.250000000000000000e+02 7.000000000000000666e-02 9.835798354043816596e-03 1.175956388621795270e+02 9.119421392325466513e+02 1.731999999999999886e+02
1.250000000000000000e+02 7.000000000000000666e-02 3.864104367511404271e-03 1.901880935412418694e+02 2.460987864009910027e+03 1.731999999999999886e+02
1.250000000000000000e+02 7.000000000000000666e-02 2.889241092322514942e-03 1.394035453773282143e+02 1.364116271713273818e+03 1.731999999999999886e+02
1.250000000000000000e+02 7.000000000000000666e-02 3.689103843093910224e-03 1.659055267953675354e+02 1.611043599266997262e+03 1.731999999999999886e+02
1.250000000000000000e+02 7.000000000000000666e-02 9.383180423310181692e-03 1.985888661043451293e+02 1.070340957784901548e+03 1.731999999999999886e+02
1.250000000000000000e+02 7.000000000000000666e-02 6.188544715409445042e-03 1.899957305738401772e+02 1.421301380213624270e+03 1.731999999999999886e+02
1.250000000000000000e+02 7.000000000000000666e-02 3.869977279740874267e-03 1.291348764514635548e+02 9.121822202525539751e+02 1.731999999999999886e+02
1.250000000000000000e+02 7.000000000000000666e-02 5.552630330211085277e-03 1.839924649998443442e+02 1.546735588198725736e+03 1.731999999999999886e+02
1.250000000000000000e+02 7.000000000000000666e-02 4.120021011911816772e-03 1.997402600675242468e+02 2.666852711279017512e+03 1.731999999999999886e+02
1.250000000000000000e+02 7.000000000000000666e-02 6.338022718838380760e-03 1.290767845810621850e+02 5.236120064953953488e+02 1.731999999999999886e+02
1.250000000000000000e+02 7.000000000000000666e-02 8.138437685229522531e-03 1.068186574389352330e+02 3.774184582892389699e+03 1.731999999999999886e+02
1.250000000000000000e+02 7.000000000000000666e-02 4.394711906844726845e-03 1.645956336916417513e+02 1.357471375613337614e+03 1.731999999999999886e+02
1.250000000000000000e+02 7.000000000000000666e-02 6.775055585726244729e-03 1.110929644867216979e+02 2.723206392959956247e+03 1.731999999999999886e+02
1.250000000000000000e+02 7.000000000000000666e-02 3.486761710962720667e-03 1.667818749504515381e+02 1.728090279477381955e+03 1.731999999999999886e+02
1.250000000000000000e+02 7.000000000000000666e-02 5.067913150308840306e-03 1.964145238179894477e+02 1.928612775124522614e+03 1.731999999999999886e+02
1.250000000000000000e+02 7.000000000000000666e-02 3.499099364480757080e-03 1.231426130912210510e+02 1.333593700592176674e+03 1.731999999999999886e+02
1.250000000000000000e+02 7.000000000000000666e-02 4.064501082208671172e-03 1.556431150291542451e+02 1.289637533651082322e+03 1.731999999999999886e+02
1.250000000000000000e+02 7.000000000000000666e-02 2.830162726245363542e-03 1.514960675888693231e+02 1.734479405035848686e+03 1.731999999999999886e+02
1.250000000000000000e+02 7.000000000000000666e-02 1.458907923788417462e-03 1.276741234881862113e+02 2.494222963554100261e+03 1.731999999999999886e+02
1.250000000000000000e+02 7.000000000000000666e-02 2.222981900308861926e-03 1.214663087058995927e+02 2.575321021740456672e+03 1.731999999999999886e+02
1.250000000000000000e+02 7.000000000000000666e-02 1.896743516441356256e-03 1.746177418152462337e+02 3.863251942251564287e+03 1.731999999999999886e+02
1.250000000000000000e+02 7.000000000000000666e-02 1.951453552783138186e-03 1.272970380797459029e+02 1.868540422762871685e+03 1.731999999999999886e+02
1.250000000000000000e+02 7.000000000000000666e-02 3.391830306605277384e-03 1.632878120050070265e+02 1.651222684548358302e+03 1.731999999999999886e+02
1.250000000000000000e+02 7.000000000000000666e-02 7.865345863920217631e-03 1.832261845468984802e+02 1.000019673649951415e+03 1.731999999999999886e+02
1.250000000000000000e+02 7.000000000000000666e-02 2.398661242899155499e-03 1.597519471607730850e+02 2.289699537365491324e+03 1.731999999999999886e+02
1.250000000000000000e+02 7.000000000000000666e-02 7.848755817306771534e-03 1.723986426690096039e+02 9.009815607380979827e+02 1.731999999999999886e+02
1.250000000000000000e+02 7.000000000000000666e-02 3.806949691928121146e-03 1.583324142882104866e+02 1.353295892313846480e+03 1.731999999999999886e+02
1.250000000000000000e+02 7.000000000000000666e-02 2.476813673435465830e-03 1.407637105213949837e+02 1.597145603487514791e+03 1.731999999999999886e+02
1.250000000000000000e+02 7.000000000000000666e-02 8.631907445355836705e-03 1.069090494310324004e+02 3.543106154949058691e+03 1.731999999999999886e+02
1.250000000000000000e+02 7.000000000000000666e-02 3.577932010774760672e-03 1.208392501381643029e+02 1.709832374924172200e+03 1.731999999999999886e+02
1.250000000000000000e+02 7.000000000000000666e-02 5.544532559270332756e-03 1.228985868010287561e+02 8.605540215256085048e+02 1.731999999999999886e+02
1.250000000000000000e+02 7.000000000000000666e-02 6.052163841853776954e-03 1.577328323878538470e+02 8.429369439360154956e+02 1.731999999999999886e+02
1.250000000000000000e+02 7.000000000000000666e-02 3.273120883162865778e-03 1.526925323907883580e+02 1.430644162597167224e+03 1.731999999999999886e+02
1.250000000000000000e+02 7.000000000000000666e-02 7.857861398101170791e-03 1.121857200565932828e+02 2.092709639774862353e+03 1.731999999999999886e+02
