1.250000000000000000e+02 7.000000000000000666e-02 8.553693465215651826e-03 1.070251748093287318e+02 3.696347992315705596e+03 1.731999999999999886e+02
1.250000000000000000e+02 7.000000000000000666e-02 9.718132705632966106e-03 1.140758495301969333e+02 1.351785619211767653e+03 1.731999999999999886e+02
1.250000000000000000e+02 7.000000000000000666e-02 5.089434784759281315e-03 1.725498774137296323e+02 1.341076842780610832e+03 1.731999999999999886e+02
1.250000000000000000e+02 7.000000000000000666e-02 2.903465629133758583e-03 1.906345314309036780e+02 3.143628427684759572e+03 1.731999999999999886e+02
1.250000000000000000e+02 7.000000000000000666e-02 3.083941497873136581e-03 1.930336123625568803e+02 3.134682516001652402e+03 1.731999999999999886e+02
1.250000000000000000e+02 7.000000000000000666e-02 2.518113109375607738e-03 1.692929605624764804e+02 2.559724293435189793e+03 1.731999999999999886e+02
1.250000000000000000e+02 7.000000000000000666e-02 6.324421260341423975e-03 1.193464233377093819e+02 1.202739180306883327e+03 1.731999999999999886e+02
1.250000000000000000e+02 7.000000000000000666e-02 2.505324768648720807e-03 1.941700839206166336e+02 3.967372753086513967e+03 1.731999999999999886e+02
1.250000000000000000e+02 7.000000000000000666e-02 2.450504970024706443e-03 1.586962958092201745e+02 2.106404359977724653e+03 1.731999999999999886e+02
1.250000000000000000e+02 7.000000000000000666e-02 9.087746790396502433e-03 1.184865251380193456e+02 8.998418707160795975e+02 1.731999999999999886e+02
1.250000000000000000e+02 7.000000000000000666e-02 8.922354820565735548e-03 1.071384406922608434e+02 3.296517554926632783e+03 1.731999999999999886e+02
1.250000000000000000e+02 7.000000000000000666e-02 2.825569666401287448e-03 1.542913558633301250e+02 1.830135660668987839e+03 1.731999999999999886e+02
1.250000000000000000e+02 7.000000000000000666e-02 5.103292186806610703e-03 1.769432739604362723e+02 1.394429415842137360e+03 1.731999999999999886e+02
1.250000000000000000e+02 7.000000000000000666e-02 6.986938014586842847e-03 1.123662557225417373e+02 2.224291970501127253e+03 1.731999999999999886e+02
1.250000000000000000e+02 7.000000000000000666e-02 4.064422527869955906e-03 1.855798767646628278e+02 2.103444494540146479e+03 1.731999999999999886e+02
1.250000000000000000e+02 7.000000000000000666e-02 3.719965423701883465e-03 1.291914250490640654e+02 9.112195529645159695e+02 1.731999999999999886e+02
1.250000000000000000e+02 7.000000000000000666e-02 3.396626697776978804e-03 1.453241565832413755e+02 1.254470928593525514e+03 1.731999999999999886e+02
1.250000000000000000e+02 7.000000000000000666e-02 2.662945852437260431e-03 1.728796834820676054e+02 2.552947946707184656e+03 1.731999999999999886e+02
1.250000000000000000e+02 7.000000000000000666e-02 8.886307325931505283e-03 1.856865451018479121e+02 9.226860937195908718e+02 1.731999999999999886e+02
1.250000000000000000e+02 7.000000000000000666e-02 2.297583786502614949e-03 1.835078651594762960e+02 3.618204657076602416e+03 1.731999999999999886e+02
1.250000000000000000e+02 7.000000000000000666e-02 3.051777670906334269e-03 1.630654973598706192e+02 1.828616746361427204e+03 1.731999999999999886e+02
1.250000000000000000e+02 7.000000000000000666e-02 4.331020929966444659e-03 1.911167573176109329e+02 2.087245779577541271e+03 1.731999999999999886e+02
1.250000000000000000e+02 7.000000000000000666e-02 3.276918956672970201e-03 1.666170614285078386e+02 1.838725422535149619e+03 1.731999999999999886e+02
1.250000000000000000e+02 7.000000000000000666e-02 5.254827982978037618e-03 1.784234559096973953e+02 1.500473923130483627e+03 1.731999999999999886e+02
1.250000000000000000e+02 7.000000000000000666e-02 6.227756580082544589e-03 1.485099334736703725e+02 7.347364049237743302e+02 1.731999999999999886e+02
1.250000000000000000e+02 7.000000000000000666e-02 5.763608224524379049e-03 1.642755913221172648e+02 1.062880548465522224e+03 1.731999999999999886e+02
1.250000000000000000e+02 7.000000000000000666e-02 3.828019714956913764e-03 1.850483461031170691e+02 2.199240895319292576e+03 1.731999999999999886e+02
1.250000000000000000e+02 7.000000000000000666e-02 2.602591893864860621e-03 1.662073043728112793e+02 2.314767113003525992e+03 1.731999999999999886e+02
1.250000000000000000e+02 7.000000000000000666e-02 3.896197209345192772e-03 1.351571382362005238e+02 9.164049718076321369e+02 1.731999999999999886e+02
1.250000000000000000e+02 7.000000000000000666e-02 3.226514710241755370e-03 1.381887549903860588e+02 1.170014523980250488e+03 1.731999999999999886e+02
1.250000000000000000e+02 7.000000000000000666e-02 1.740027428210254691e-03 1.480466779755286382e+02 2.475054791182251847e+03 1.731999999999999886e+02
1.250000000000000000e+02 7.000000000000000666e-02 3.979411171629013491e-03 1.972990227609977296e+02 2.559967859659397618e+03 1.731999999999999886e+02
1.250000000000000000e+02 7.000000000000000666e-02 9.856125232176765963e-03 1.081668979802368398e+02 2.535229197327709244e+03 1.731999999999999886e+02
1.250000000000000000e+02 7.000000000000000666e-02 9.161304834479546549e-03 1.116783991660096405e+02 1.847957585779756755e+03 1.731999999999999886e+02
1.250000000000000000e+02 7.000000000000000666e-02 5.760650334743307698e-03 1.167041022657134874e+02 1.663819330473868831e+03 1.731999999999999886e+02
1.250000000000000000e+02 7.000000000000000666e-02 7.709559289576757915e-03 1.376375225416654757e+02 4.866349426332056964e+02 1.731999999999999886e+02
1.250000000000000000e+02 7.000000000000000666e-02 4.366896893495813246e-03 1.156020021998805589e+02 2.623699356938138862e+03 1.731999999999999886e+02
1.250000000000000000e+02 7.000000000000000666e-02 6.120388726692593297e-03 1.429241745164901829e+02 6.615263466228777816e+02 1.731999999999999886e+02
1.250000000000000000e+02 7.000000000000000666e-02 5.811498544968987483e-03 1.844953970922002213e+02 1.464460668270100086e+03 1.731999999999999886e+02
1.250000000000000000e+02 7.000000000000000666e-02 2.737186359235744409e-03 1.605186298216573846e+02 1.986507081406591624e+03 1.731999999999999886e+02
1.250000000000000000e+02 7.000000000000000666e-02 3.199626582283681894e-03 1.851274596934576380e+02 2.579222842853782822e+03 1.731999999999999886e+02
1.250000000000000000e+02 7.000000000000000666e-02 3.336230859507475534e-03 1.859014435668009355e+02 2.527359047103607736e+03 1.731999999999999886e+02
1.250000000000000000e+02 7.000000000000000666e-02 1.754329173639085967e-03 1.207361806307726653e+02 3.712516206651326684e+03 1.731999999999999886e+02
1.250000000000000000e+02 7.000000000000000666e-02 7.280006071099911005e-03 1.613558118337801375e+02 7.908868777513173427e+02 1.731999999999999886e+02
1.250000000000000000e+02 7.000000000000000666e-02 4.936536908593310014e-03 1.117001698008731694e+02 3.356787458754105501e+03 1.731999999999999886e+02
1.250000000000000000e+02 7.000000000000000666e-02 1.298215604899010354e-03 1.434131174867289360e+02 3.076262289069845338e+03 1.731999999999999886e+02
1.250000000000000000e+02 7.000000000000000666e-02 7.897369568273599622e-03 1.074794571515544135e+02 3.764910475214541293e+03 1.731999999999999886e+02
1.250000000000000000e+02 7.000000000000000666e-02 9.541310230009663121e-03 1.811551131215281600e+02 8.549940596851751025e+02 1.731999999999999886e+02
1.250000000000000000e+02 7.000000000000000666e-02 6.112848765243780388e-03 1.470423011906864303e+02 7.224510624133371266e+02 1.731999999999999886e+02
1.250000000000000000e+02 7.000000000000000666e-02 7.898398018005268334e-03 1.162829207988677354e+02 1.233433352405968662e+03 1.731999999999999886e+02
1.250000000000000000e+02 7.000000000000000666e-02 3.542668164132451239e-03 1.375558431922151499e+02 1.087550309239437411e+03 1.731999999999999886e+02
1.250000000000000000e+02 7.000000000000000666e-02 3.295791708097414209e-03 1.906054117175708882e+02 2.793482941717213635e+03 1.731999999999999886e+02
1.250000000000000000e+02 7.000000000000000666e-02 4.638208664648542368e-03 1.931621054491768064e+02 2.079046243438343936e+03 1.731999999999999886e+02
1.250000000000000000e+02 7.000000000000000666e-02 2.206158631942897047e-03 1.337768512617636816e+02 1.570479869387713052e+03 1.731999999999999886e+02
1.250000000000000000e+02 7.000000000000000666e-02 2.654537974964287905e-03 1.968529173740864735e+02 3.827233608580646433e+03 1.731999999999999886e+02
1.250000000000000000e+02 7.000000000000000666e-02 9.933623043678830450e-03 1.801884618752982021e+02 7.598526016310427167e+02 1.731999999999999886e+02
1.250000000000000000e+02 7.000000000000000666e-02 3.840492286598186627e-03 1.386649280148675132e+02 9.479001583363379950e+02 1.731999999999999886e+02
1.250000000000000000e+02 7.000000000000000666e-02 2.029496121903972151e-03 1.734117568096906439e+02 3.327946223077061404e+03 1.731999999999999886e+02
1.250000000000000000e+02 7.000000000000000666e-02 2.858501120266561304e-03 1.157024933148010035e+02 3.955127436197620682e+03 1.731999999999999886e+02
1.250000000000000000e+02 7.000000000000000666e-02 4.896533988358378435e-03 1.787743904889216537e+02 1.580847252867524048e+03 1.731999999999999886e+02
1.250000000000000000e+02 7.000000000000000666e-02 5.030119551794887123e-03 1.635133341329322434e+02 1.207263828884649456e+03 1.731999999999999886e+02
1.250000000000000000e+02 7.000000000000000666e-02 4.166291865965769496e-03 1.141522569320330547e+02 3.037339671039362202e+03 1.731999999999999886e+02
1.250000000000000000e+02 7.000000000000000666e-02 8.532423843844848949e-03 1.155019636493015867e+02 1.305363487481658922e+03 1.731999999999999886e+02
1.250000000000000000e+02 7.000000000000000666e-02 5.809631516187159853e-03 1.099413704100438025e+02 3.804380427704332760e+03 1.731999999999999886e+02
1.250000000000000000e+02 7.000000000000000666e-02 2.043359922327802908e-03 1.736016280256849882e+02 3.486062029061061821e+03 1.731999999999999886e+02
1.250000000000000000e+02 7.000000000000000666e-02 6.949085110090558876e-03 1.498618979311965518e+02 6.384681256805806697e+02 1.731999999999999886e+02
1.250000000000000000e+02 7.000000000000000666e-02 5.618013393046297592e-03 1.413145310389637643e+02 7.260825880969590571e+02 1.731999999999999886e+02
1.250000000000000000e+02 7.000000000000000666e-02 6.403934728804801246e-03 1.793239597511084185e+02 1.190704923559050712e+03 1.731999999999999886e+02
1.250000000000000000e+02 7.000000000000000666e-02 7.882350493609800376e-03 1.263727908062690091e+02 4.390213047112409868e+02 1.731999999999999886e+02
1.250000000000000000e+02 7.000000000000000666e-02 8.800668324343183593e-03 1.792770957395009077e+02 9.052073377778939403e+02 1.731999999999999886e+02
1.250000000000000000e+02 7.000000000000000666e-02 1.508659881539734307e-03 1.575703205793948030e+02 3.590007881336883202e+03 1.731999999999999886e+02
1.250000000000000000e+02 7.000000000000000666e-02 1.556053186761422900e-03 1.608110896695741872e+02 3.508999789205378875e+03 1.731999999999999886e+02
1.250000000000000000e+02 7.000000000000000666e-02 8.233178437556705129e-03 1.595076131065270033e+02 6.576580944263134825e+02 1.731999999999999886e+02
1.250000000000000000e+02 7.000000000000000666e-02 3.633828093262451119e-03 1.596003271806583541e+02 1.470073176347898197e+03 1.731999999999999886e+02
1.250000000000000000e+02 7.000000000000000666e-02 6.599913007595718112e-03 1.607484960110365648e+02 8.651493168902977686e+02 1.731999999999999886e+02
1.250000000000000000e+02 7.000000000000000666e-02 5.528761155022023088e-03 1.618233164778998230e+02 1.004027540706136506e+03 1.731999999999999886e+02
1.250000000000000000e+02 7.000000000000000666e-02 2.691536746774968267e-03 1.688487052479824797e+02 2.420101091310822085e+03 1.731999999999999886e+02
1.250000000000000000e+02 7.000000000000000666e-02 5.114118918911917874e-03 1.280597709612410711e+02 6.656690193094099186e+02 1.731999999999999886e+02
1.250000000000000000e+02 7.000000000000000666e-02 2.360443001802450813e-03 1.474856727661442335e+02 1.916560023475330581e+03 1.731999999999999886e+02
1.250000000000000000e+02 7.000000000000000666e-02 4.372299599865486774e-03 1.748252308747815391e+02 1.670579054475898147e+03 1.731999999999999886e+02
1.250000000000000000e+02 7.000000000000000666e-02 4.278506485273328962e-03 1.677542153468657489e+02 1.469387504146509627e+03 1.731999999999999886e+02
1.250000000000000000e+02 7.000000000000000666e-02 5.598248519046737995e-03 1.135254112293612963e+02 2.423470536198971331e+03 1.731999999999999886e+02
1.250000000000000000e+02 7.000000000000000666e-02 5.003957848382330383e-03 1.782036181514057489e+02 1.467339999289647949e+03 1.731999999999999886e+02
1.250000000000000000e+02 7.000000000000000666e-02 6.799009251263992207e-03 1.115431799149870074e+02 2.655899809364378143e+03 1.731999999999999886e+02
1.250000000000000000e+02 7.000000000000000666e-02 2.436533984442289680e-03 1.652171634993739247e+02 2.577431240905833420e+03 1.731999999999999886e+02
1.250000000000000000e+02 7.000000000000000666e-02 1.220701393686853334e-03 1.273889878127673256e+02 2.842238219859073979e+03 1.731999999999999886e+02
1.250000000000000000e+02 7.000000000000000666e-02 3.665969187530160496e-03 1.377470290221266680e+02 9.974740452709851297e+02 1.731999999999999886e+02
1.250000000000000000e+02 7.000000000000000666e-02 3.876692322614091416e-03 1.977533392524071019e+02 2.694209490564898260e+03 1.731999999999999886e+02
1.250000000000000000e+02 7.000000000000000666e-02 6.680264209385280809e-03 1.785424744073687862e+02 1.100927340523430757e+03 1.731999999999999886e+02
1.250000000000000000e+02 7.000000000000000666e-02 2.777919717655726733e-03 1.212826177647920645e+02 2.079483206386356869e+03 1.731999999999999886e+02
1.250000000000000000e+02 7.000000000000000666e-02 4.832637694395048276e-03 1.629154721952098726e+02 1.240196897702840488e+03 1.731999999999999886e+02
1.250000000000000000e+02 7.000000000000000666e-02 9.859793749572524219e-03 1.939471597496350341e+02 9.950291932407621971e+02 1.731999999999999886e+02
1.250000000000000000e+02 7.000000000000000666e-02 2.668025184555583573e-03 1.725062873783007262e+02 2.634865912273613048e+03 1.731999999999999886e+02
1.250000000000000000e+02 7.000000000000000666e-02 7.670938711753450857e-03 1.905179649499817174e+02 1.215114479183274625e+03 1.731999999999999886e+02
1.250000000000000000e+02 7.000000000000000666e-02 9.527535872862884572e-03 1.478477765159714465e+02 4.597446767052271070e+02 1.731999999999999886e+02
1.250000000000000000e+02 7.000000000000000666e-02 3.681387650070673014e-03 1.898041978731364452e+02 2.532139132846367829e+03 1.731999999999999886e+02
1.250000000000000000e+02 7.000000000000000666e-02 8.893824087582746438e-03 1.381491300721405935e+02 4.061628624982707265e+02 1.731999999999999886e+02
1.250000000000000000e+02 7.000000000000000666e-02 2.850441041325625213e-03 1.156091813661075491e+02 3.896265750463682252e+03 1.731999999999999886e+02
1.250000000000000000e+02 7.000000000000000666e-02 4.593826611074767682e-03 1.606572727687565987e+02 1.185957828909460432e+03 1.731999999999999886e+02
1.250000000000000000e+02 7.000000000000000666e-02 8.692104746618321831e-03 1.914779622806739781e+02 1.067691840554700093e+03 1.731999999999999886e+02
1.250000000000000000e+02 7.000000000000000666e-02 5.797433510733796674e-03 1.893845918457107018e+02 1.507686678932578616e+03 1.731999999999999886e+02
1.250000000000000000e+02 7.000000000000000666e-02 8.634435798433990131e-03 1.140467351495528447e+02 1.494351088800365687e+03 1.731999999999999886e+02
1.250000000000000000e+02 7.000000000000000666e-02 8.614629506295641212e-03 1.836795860305270480e+02 9.497014779845210342e+02 1.731999999999999886e+02
1.250000000000000000e+02 7.000000000000000666e-02 4.524079273739462816e-03 1.556295066878882380e+02 1.155950442951675086e+03 1.731999999999999886e+02
1.250000000000000000e+02 7.000000000000000666e-02 6.570727516768930764e-03 1.155116581143725227e+02 1.665174030029852702e+03 1.731999999999999886e+02
1.250000000000000000e+02 7.000000000000000666e-02 3.386060947475190517e-03 1.176655371975492983e+02 2.582531121286758207e+03 1.731999999999999886e+02
1.250000000000000000e+02 7.000000000000000666e-02 3.641717738867660242e-03 1.907597932050009035e+02 2.631408595435153075e+03 1.731999999999999886e+02
1.250000000000000000e+02 7.000000000000000666e-02 4.488178284439050224e-03 1.967801567402933927e+02 2.303836483151138054e+03 1.731999999999999886e+02
1.250000000000000000e+02 7.000000000000000666e-02 1.634453240009695616e-03 1.406054930775717935e+02 2.453962857406069816e+03 1.731999999999999886e+02
1.250000000000000000e+02 7.000000000000000666e-02 6.884709400457936050e-03 1.076584990010571374e+02 3.927027662355965276e+03 1.731999999999999886e+02
1.250000000000000000e+02 7.000000000000000666e-02 3.596963207906574665e-03 1.249618375368444134e+02 1.052692335778283905e+03 1.731999999999999886e+02
1.250000000000000000e+02 7.000000000000000666e-02 1.748128694496160502e-03 1.488273058635496682e+02 2.479090106810837369e+03 1.731999999999999886e+02
1.250000000000000000e+02 7.000000000000000666e-02 2.222865068372615813e-03 1.404799554670244390e+02 1.742246285164141909e+03 1.731999999999999886e+02
1.250000000000000000e+02 7.000000000000000666e-02 5.500138388759428197e-03 1.779024952643251254e+02 1.415500909676300353e+03 1.731999999999999886e+02
1.250000000000000000e+02 7.000000000000000666e-02 3.818937175834714957e-03 1.486743872377268758e+02 1.131276872240892089e+03 1.731999999999999886e+02
1.250000000000000000e+02 7.000000000000000666e-02 1.719128410622596361e-03 1.253417187079386537e+02 2.286958006058507635e+03 1.731999999999999886e+02
1.250000000000000000e+02 7.000000000000000666e-02 6.157086972222432751e-03 1.452230534065040501e+02 6.622341527096682512e+02 1.731999999999999886e+02
1.250000000000000000e+02 7.000000000000000666e-02 2.263758074767630718e-03 1.839017619720652874e+02 3.593081143442961547e+03 1.731999999999999886e+02
1.250000000000000000e+02 7.000000000000000666e-02 8.489272234081815527e-03 1.841993585382226115e+02 9.484937362596621142e+02 1.731999999999999886e+02
1.250000000000000000e+02 7.000000000000000666e-02 1.723491750925137999e-03 1.645156816011152898e+02 3.488383393164488098e+03 1.731999999999999886e+02
1.250000000000000000e+02 7.000000000000000666e-02 1.213366780615424741e-03 1.508190040117644912e+02 3.786093564581792180e+03 1.731999999999999886e+02
1.250000000000000000e+02 7.000000000000000666e-02 1.207752991275540689e-03 1.496939219057230162e+02 3.936599085236362953e+03 1.731999999999999886e+02
1.250000000000000000e+02 7.000000000000000666e-02 4.561423295363538528e-03 1.933879013128783129e+02 2.043115542547478753e+03 1.731999999999999886e+02
1.250000000000000000e+02 7.000000000000000666e-02 4.107039327686036988e-03 1.820879590438700859e+02 1.894995181512688305e+03 1.731999999999999886e+02
1.250000000000000000e+02 7.000000000000000666e-02 4.964650651417068863e-03 1.110095065399960248e+02 3.707730501792087580e+03 1.731999999999999886e+02
1.250000000000000000e+02 7.000000000000000666e-02 2.736957755521941382e-03 1.785078379163175555e+02 2.712304466239897920e+03 1.731999999999999886e+02
1.250000000000000000e+02 7.000000000000000666e-02 3.096883322470116943e-03 1.961318465516985157e+02 3.225325706084742706e+03 1.731999999999999886e+02
1.250000000000000000e+02 7.000000000000000666e-02 7.807705322885223620e-03 1.970561908458249150e+02 1.266834485546032511e+03 1.731999999999999886e+02
1.250000000000000000e+02 7.000000000000000666e-02 5.363801706463358805e-03 1.320034773320833779e+02 6.293124238527791476e+02 1.731999999999999886e+02
1.250000000000000000e+02 7.000000000000000666e-02 6.887228287960116269e-03 1.971049808361724445e+02 1.510303348602576079e+03 1.731999999999999886e+02
1.250000000000000000e+02 7.000000000000000666e-02 6.293269811153793213e-03 1.492858036261760617e+02 7.470813471613504362e+02 1.731999999999999886e+02
1.250000000000000000e+02 7.000000000000000666e-02 6.055003399622402652e-03 1.674203258975773565e+02 1.046642640360188352e+03 1.731999999999999886e+02
1.250000000000000000e+02 7.000000000000000666e-02 9.004540721055769026e-03 1.280564582020954845e+02 3.781933355412667765e+02 1.731999999999999886e+02
1.250000000000000000e+02 7.000000000000000666e-02 7.612115576061663676e-03 1.084607368828547038e+02 3.374905740748650715e+03 1.731999999999999886e+02
1.250000000000000000e+02 7.000000000000000666e-02 6.286247955153000111e-03 1.766165291297679687e+02 1.166970614462786443e+03 1.731999999999999886e+02
1.250000000000000000e+02 7.000000000000000666e-02 2.553402353799152490e-03 1.231761251485199153e+02 1.871818539389187663e+03 1.731999999999999886e+02
1.250000000000000000e+02 7.000000000000000666e-02 6.913341620292294022e-03 1.722266992291945940e+02 9.659436405676799495e+02 1.731999999999999886e+02
1.250000000000000000e+02 7.000000000000000666e-02 2.244517999184892070e-03 1.409195583263693266e+02 1.737993076093088575e+03 1.731999999999999886e+02
1.250000000000000000e+02 7.000000000000000666e-02 4.604433532287621755e-03 1.833298011407720480e+02 1.744313715527194745e+03 1.731999999999999886e+02
1.250000000000000000e+02 7.000000000000000666e-02 2.975644748233853727e-03 1.209924938175192040e+02 2.045783388895297776e+03 1.731999999999999886e+02
1.250000000000000000e+02 7.000000000000000666e-02 6.607186171693684579e-03 1.848881626365978832e+02 1.325182291217217426e+03 1.731999999999999886e+02
1.250000000000000000e+02 7.000000000000000666e-02 3.900607153495786773e-03 1.762412115177754117e+02 1.859790011662480083e+03 1.731999999999999886e+02
1.250000000000000000e+02 7.000000000000000666e-02 9.170587201955777631e-03 1.678779757315481049e+02 7.075246422681624381e+02 1.731999999999999886e+02
1.250000000000000000e+02 7.000000000000000666e-02 2.860374793581309770e-03 1.862051444278687882e+02 2.967290100926725700e+03 1.731999999999999886e+02
1.250000000000000000e+02 7.000000000000000666e-02 6.394436918167705798e-03 1.891382589872129074e+02 1.459339527063028299e+03 1.731999999999999886e+02
1.250000000000000000e+02 7.000000000000000666e-02 5.810351139941540184e-03 1.138125286464300672e+02 2.392068569650939025e+03 1.731999999999999886e+02
1.250000000000000000e+02 7.000000000000000666e-02 3.814809426693650633e-03 1.176985163145517106e+02 2.288215020461005224e+03 1.731999999999999886e+02
1.250000000000000000e+02 7.000000000000000666e-02 4.933922985542962651e-03 1.777832154472339710e+02 1.496517436265739434e+03 1.731999999999999886e+02
1.250000000000000000e+02 7.000000000000000666e-02 6.079018786601222794e-03 1.172621152086191501e+02 1.562840447304918371e+03 1.731999999999999886e+02
1.250000000000000000e+02 7.000000000000000666e-02 4.167814737352243219e-03 1.163472314189891108e+02 2.519934117173910181e+03 1.731999999999999886e+02
1.250000000000000000e+02 7.000000000000000666e-02 5.387603535606621911e-03 1.110034794899313226e+02 3.546228958899627742e+03 1.731999999999999886e+02
1.250000000000000000e+02 7.000000000000000666e-02 2.371864836445299746e-03 1.838775684518946321e+02 3.440452228915745764e+03 1.731999999999999886e+02
1.250000000000000000e+02 7.000000000000000666e-02 4.795636640512828362e-03 1.128452627285278993e+02 3.126967463254605264e+03 1.731999999999999886e+02
1.250000000000000000e+02 7.000000000000000666e-02 3.773433949833951591e-03 1.712690773175610275e+02 1.769632512657299003e+03 1.731999999999999886e+02
1.250000000000000000e+02 7.000000000000000666e-02 2.849222952419469893e-03 1.940231769997547246e+02 3.435998203489617026e+03 1.731999999999999886e+02
1.250000000000000000e+02 7.000000000000000666e-02 3.887533445421730190e-03 1.682023554798542762e+02 1.576828209666416569e+03 1.731999999999999886e+02
1.250000000000000000e+02 7.000000000000000666e-02 6.412474878864131249e-03 1.528098885855732476e+02 7.324990415355933919e+02 1.731999999999999886e+02
1.250000000000000000e+02 7.000000000000000666e-02 3.584761556015588716e-03 1.624592195946727884e+02 1.667543677344907110e+03 1.731999999999999886e+02
1.250000000000000000e+02 7.000000000000000666e-02 3.385338693266072476e-03 1.537386889195538799e+02 1.402870503120548847e+03 1.731999999999999886e+02
1.250000000000000000e+02 7.000000000000000666e-02 4.504492856482422876e-03 1.866649192101070298e+02 1.919514611088686706e+03 1.731999999999999886e+02
1.250000000000000000e+02 7.000000000000000666e-02 4.253571336066647862e-03 1.968102834017986993e+02 2.357877592236290184e+03 1.731999999999999886e+02
1.250000000000000000e+02 7.000000000000000666e-02 5.020976065954823979e-03 1.135669610063141306e+02 2.866097889788789871e+03 1.731999999999999886e+02
1.250000000000000000e+02 7.000000000000000666e-02 5.724339700171214573e-03 1.360220209442164787e+02 6.269994128138396263e+02 1.731999999999999886e+02
1.250000000000000000e+02 7.000000000000000666e-02 1.807862330526093615e-03 1.476679308591250788e+02 2.470015067857593749e+03 1.731999999999999886e+02
1.250000000000000000e+02 7.000000000000000666e-02 4.452628974824181587e-03 1.416470331573252395e+02 8.841053445002811486e+02 1.731999999999999886e+02
1.250000000000000000e+02 7.000000000000000666e-02 4.654369982288956986e-03 1.802040369532394948e+02 1.674556013777670842e+03 1.731999999999999886e+02
1.250000000000000000e+02 7.000000000000000666e-02 3.698471367576501839e-03 1.313944100423043437e+02 9.357780957649208631e+02 1.731999999999999886e+02
1.250000000000000000e+02 7.000000000000000666e-02 8.775338118323972730e-03 1.956303574419052325e+02 1.120392594190140471e+03 1.731999999999999886e+02
1.250000000000000000e+02 7.000000000000000666e-02 2.192260790901101684e-03 1.746817701153989901e+02 3.235600838941744769e+03 1.731999999999999886e+02
1.250000000000000000e+02 7.000000000000000666e-02 2.023493588589267509e-03 1.306086695860117857e+02 1.671530479290203175e+03 1.731999999999999886e+02
1.250000000000000000e+02 7.000000000000000666e-02 3.297636046023344480e-03 1.466363823876483821e+02 1.305343618240819069e+03 1.731999999999999886e+02
1.250000000000000000e+02 7.000000000000000666e-02 6.578855205195142768e-03 1.165082706196520235e+02 1.525765510481351157e+03 1.731999999999999886e+02
1.250000000000000000e+02 7.000000000000000666e-02 2.781803641065192911e-03 1.929340517570192901e+02 3.549773983186455098e+03 1.731999999999999886e+02
1.250000000000000000e+02 7.000000000000000666e-02 8.814512512747008088e-03 1.119514512359863687e+02 1.834509083537102697e+03 1.731999999999999886e+02
1.250000000000000000e+02 7.000000000000000666e-02 8.948230200144400778e-03 1.622844759917849160e+02 6.585322478440050418e+02 1.731999999999999886e+02
1.250000000000000000e+02 7.000000000000000666e-02 6.909640228718451176e-03 1.954982624319999616e+02 1.395302467817737124e+03 1.731999999999999886e+02
1.250000000000000000e+02 7.000000000000000666e-02 3.003851243254901122e-03 1.849569237073881141e+02 2.830633401816615788e+03 1.731999999999999886e+02
1.250000000000000000e+02 7.000000000000000666e-02 1.146207347161691320e-03 1.285216726454069089e+02 2.958423422196916363e+03 1.731999999999999886e+02
1.250000000000000000e+02 7.000000000000000666e-02 4.638684742040198941e-03 1.916708671749765927e+02 2.018777587982131990e+03 1.731999999999999886e+02
1.250000000000000000e+02 7.000000000000000666e-02 5.855452508195144526e-03 1.125614129333933420e+02 2.749822163037792507e+03 1.731999999999999886e+02
1.250000000000000000e+02 7.000000000000000666e-02 8.810940715034513981e-03 1.097156498274845262e+02 2.475431545339971763e+03 1.731999999999999886e+02
1.250000000000000000e+02 7.000000000000000666e-02 2.789467513637314874e-03 1.997742676459196218e+02 3.874749917786379228e+03 1.731999999999999886e+02
1.250000000000000000e+02 7.000000000000000666e-02 3.117166496211661812e-03 1.924886956921899355e+02 3.017778132814022229e+03 1.731999999999999886e+02
1.250000000000000000e+02 7.000000000000000666e-02 5.899334106254068913e-03 1.309718528429260971e+02 5.920170339196948817e+02 1.731999999999999886e+02
1.250000000000000000e+02 7.000000000000000666e-02 9.363848749313993802e-03 1.055005584983060629e+02 3.857763392352034316e+03 1.731999999999999886e+02
1.250000000000000000e+02 7.000000000000000666e-02 2.909086159342056006e-03 1.911776953649014104e+02 3.257189967102714490e+03 1.731999999999999886e+02
1.250000000000000000e+02 7.000000000000000666e-02 2.757701296361572858e-03 1.791695985669926756e+02 2.755557425512551617e+03 1.731999999999999886e+02
1.250000000000000000e+02 7.000000000000000666e-02 4.336843006308366104e-03 1.322638741525229875e+02 8.184567032898439720e+02 1.731999999999999886e+02
1.250000000000000000e+02 7.000000000000000666e-02 6.381759492373685096e-03 1.736661393036276593e+02 1.094236410091715697e+03 1.731999999999999886e+02
1.250000000000000000e+02 7.000000000000000666e-02 6.448744456519064916e-03 1.412236688583305977e+02 6.222702376747339486e+02 1.731999999999999886e+02
1.250000000000000000e+02 7.000000000000000666e-02 2.303438682732046779e-03 1.450686271256065822e+02 1.866412539979559142e+03 1.731999999999999886e+02
1.250000000000000000e+02 7.000000000000000666e-02 4.242151344833048829e-03 1.778256634235105480e+02 1.701755725059152155e+03 1.731999999999999886e+02
1.250000000000000000e+02 7.000000000000000666e-02 6.388346242791932868e-03 1.775113452490010104e+02 1.182905914678290856e+03 1.731999999999999886e+02
1.250000000000000000e+02 7.000000000000000666e-02 5.091006765123293198e-03 1.979900988951740146e+02 2.100637146604024110e+03 1.731999999999999886e+02
1.250000000000000000e+02 7.000000000000000666e-02 1.584949713036336782e-03 1.600604572098066569e+02 3.349225237043702691e+03 1.731999999999999886e+02
1.250000000000000000e+02 7.000000000000000666e-02 3.868295098588816257e-03 1.955424697458454375e+02 2.695356647126200187e+03 1.731999999999999886e+02
1.250000000000000000e+02 7.000000000000000666e-02 2.724723247304458671e-03 1.565403573450935539e+02 1.923977902678927876e+03 1.731999999999999886e+02
1.250000000000000000e+02 7.000000000000000666e-02 4.337365172992098221e-03 1.238472466048726801e+02 1.048409767077680954e+03 1.731999999999999886e+02
1.250000000000000000e+02 7.000000000000000666e-02 9.357262925509934187e-03 1.909946665742023129e+02 9.768220031187846644e+02 1.731999999999999886e+02
1.250000000000000000e+02 7.000000000000000666e-02 6.990516715045361033e-03 1.270387303212392567e+02 4.984531936202878342e+02 1.731999999999999886e+02
1.250000000000000000e+02 7.000000000000000666e-02 9.193728352103117465e-03 1.108535587691305864e+02 2.155896411830528450e+03 1.731999999999999886e+02
1.250000000000000000e+02 7.000000000000000666e-02 9.850674161246322086e-03 1.061668981168046741e+02 3.246407934367905909e+03 1.731999999999999886e+02
1.250000000000000000e+02 7.000000000000000666e-02 5.182455462491682846e-03 1.383350900261856395e+02 7.535829358652974861e+02 1.731999999999999886e+02
1.250000000000000000e+02 7.000000000000000666e-02 1.997531051274356595e-03 1.798953808738637861e+02 3.836009401262621850e+03 1.731999999999999886e+02
1.250000000000000000e+02 7.000000000000000666e-02 7.317520890977538377e-03 1.936722896718819698e+02 1.275247648619637857e+03 1.731999999999999886e+02
1.250000000000000000e+02 7.000000000000000666e-02 8.964877337133619201e-03 1.767372149534086248e+02 8.253901599509605376e+02 1.731999999999999886e+02
1.250000000000000000e+02 7.000000000000000666e-02 9.014247790529237095e-03 1.614918805408220805e+02 6.386152537513130483e+02 1.731999999999999886e+02
1.250000000000000000e+02 7.000000000000000666e-02 6.200721197134175487e-03 1.611031534214820908e+02 8.931371519341886369e+02 1.731999999999999886e+02
1.250000000000000000e+02 7.000000000000000666e-02 2.405726187629967944e-03 1.749957839165382438e+02 3.018450875058412294e+03 1.731999999999999886e+02
1.250000000000000000e+02 7.000000000000000666e-02 3.739666482445567434e-03 1.696165435691457901e+02 1.688699959782720953e+03 1.731999999999999886e+02
1.250000000000000000e+02 7.000000000000000666e-02 4.788091939273739911e-03 1.696765447308322337e+02 1.323319237085143186e+03 1.731999999999999886e+02
1.250000000000000000e+02 7.000000000000000666e-02 1.888761033498546470e-03 1.528706826919337800e+02 2.612373341483337754e+03 1.731999999999999886e+02
1.250000000000000000e+02 7.000000000000000666e-02 1.838987585150434010e-03 1.721232092538684242e+02 3.649674037157447401e+03 1.731999999999999886e+02
1.250000000000000000e+02 7.000000000000000666e-02 3.598737032540293233e-03 1.212583642723741377e+02 1.690588544867118571e+03 1.731999999999999886e+02
1.250000000000000000e+02 7.000000000000000666e-02 2.077446166165899770e-03 1.748693877505319847e+02 3.457861448285630104e+03 1.731999999999999886e+02
1.250000000000000000e+02 7.000000000000000666e-02 1.152624757975948813e-03 1.336821009354102046e+02 3.002552713420076088e+03 1.731999999999999886e+02
1.250000000000000000e+02 7.000000000000000666e-02 1.602217397031930083e-03 1.556017336727220481e+02 3.202513407237755928e+03 1.731999999999999886e+02
1.250000000000000000e+02 7.000000000000000666e-02 2.164015683508898821e-03 1.638694774449739953e+02 2.786869249347590085e+03 1.731999999999999886e+02
1.250000000000000000e+02 7.000000000000000666e-02 6.620970425388039357e-03 1.184716483268600911e+02 1.240902294470260813e+03 1.731999999999999886e+02
1.250000000000000000e+02 7.000000000000000666e-02 6.194986832619388782e-03 1.102154746736093358e+02 3.343216345564967014e+03 1.731999999999999886e+02
1.250000000000000000e+02 7.000000000000000666e-02 8.933865197161841576e-03 1.115238709773061601e+02 1.959476984689003302e+03 1.731999999999999886e+02
1.250000000000000000e+02 7.000000000000000666e-02 2.983895218624560593e-03 1.824876015420121291e+02 2.822391085899193513e+03 1.731999999999999886e+02
1.250000000000000000e+02 7.000000000000000666e-02 7.393668185277295184e-03 1.989890116851283324e+02 1.425008019270778277e+03 1.731999999999999886e+02
1.250000000000000000e+02 7.000000000000000666e-02 3.931705567419302265e-03 1.771764924224499396e+02 1.955824949437094119e+03 1.731999999999999886e+02
1.250000000000000000e+02 7.000000000000000666e-02 7.223583032177197105e-03 1.078044960558197403e+02 3.671521911698399435e+03 1.731999999999999886e+02
1.250000000000000000e+02 7.000000000000000666e-02 4.608029306941096269e-03 1.128205919410672777e+02 3.349734398594887807e+03 1.731999999999999886e+02
1.250000000000000000e+02 7.000000000000000666e-02 3.034811441474322049e-03 1.569975920495276966e+02 1.732557869404883604e+03 1.731999999999999886e+02
1.250000000000000000e+02 7.000000000000000666e-02 4.383433063749901139e-03 1.960138433142507211e+02 2.300743203784782509e+03 1.731999999999999886e+02
1.250000000000000000e+02 7.000000000000000666e-02 3.065234431950123687e-03 1.544157516382974507e+02 1.624679088123634983e+03 1.731999999999999886e+02
1.250000000000000000e+02 7.000000000000000666e-02 9.696935688049376431e-03 1.874289321214479855e+02 9.401367885849745107e+02 1.731999999999999886e+02
1.250000000000000000e+02 7.000000000000000666e-02 1.839136650749215911e-03 1.653173614496870982e+02 3.370933140779893165e+03 1.731999999999999886e+02
1.250000000000000000e+02 7.000000000000000666e-02 9.422931528799397341e-03 1.823972213556725706e+02 8.723280926018377386e+02 1.731999999999999886e+02
1.250000000000000000e+02 7.000000000000000666e-02 8.256741289565376618e-03 1.720905709853109897e+02 8.047971648274403833e+02 1.731999999999999886e+02
1.250000000000000000e+02 7.000000000000000666e-02 2.904380623322938212e-03 1.548240643703959449e+02 1.660309016351186983e+03 1.731999999999999886e+02
1.250000000000000000e+02 7.000000000000000666e-02 9.869557068570837532e-03 1.130837811348413027e+02 1.526531861983569343e+03 1.731999999999999886e+02
1.250000000000000000e+02 7.000000000000000666e-02 8.020789609205200565e-03 1.708208657866943270e+02 8.299790840834746177e+02 1.731999999999999886e+02
1.250000000000000000e+02 7.000000000000000666e-02 3.477860505515291672e-03 1.837421967484681318e+02 2.356666183828616795e+03 1.731999999999999886e+02
1.250000000000000000e+02 7.000000000000000666e-02 5.149919135734454256e-03 1.740702147310319106e+02 1.341914316905751093e+03 1.731999999999999886e+02
1.250000000000000000e+02 7.000000000000000666e-02 4.655517830238149572e-03 1.953046739009586190e+02 2.175627413355688986e+03 1.731999999999999886e+02
1.250000000000000000e+02 7.000000000000000666e-02 7.179146588280699293e-03 1.572183725142435833e+02 7.020517831583448469e+02 1.731999999999999886e+02
1.250000000000000000e+02 7.000000000000000666e-02 4.291625931667845603e-03 1.895840937383709388e+02 2.049038001383631126e+03 1.731999999999999886e+02
1.250000000000000000e+02 7.000000000000000666e-02 6.973713167744106239e-03 1.228664654711723614e+02 6.971776930063042528e+02 1.731999999999999886e+02
1.250000000000000000e+02 7.000000000000000666e-02 2.659305868699946875e-03 1.749187581984493249e+02 2.583530875591337917e+03 1.731999999999999886e+02
1.250000000000000000e+02 7.000000000000000666e-02 1.714993035846341897e-03 1.611285982659472324e+02 3.165030485658819998e+03 1.731999999999999886e+02
1.250000000000000000e+02 7.000000000000000666e-02 3.657661929537858996e-03 1.453256781952570407e+02 1.145450000979210699e+03 1.731999999999999886e+02
1.250000000000000000e+02 7.000000000000000666e-02 9.715146730540299286e-03 1.695387714346253745e+02 6.909636043215136851e+02 1.731999999999999886e+02
1.250000000000000000e+02 7.000000000000000666e-02 5.663353084514270025e-03 1.100585089122149327e+02 3.803635015020415267e+03 1.731999999999999886e+02
1.250000000000000000e+02 7.000000000000000666e-02 2.494420783061915888e-03 1.659710266813198132e+02 2.467703776889557503e+03 1.731999999999999886e+02
1.250000000000000000e+02 7.000000000000000666e-02 1.515103565357053990e-03 1.397134574992475109e+02 2.511531006553143925e+03 1.731999999999999886e+02
1.250000000000000000e+02 7.000000000000000666e-02 6.270725834449976561e-03 1.159289028009667675e+02 1.671203212244687847e+03 1.731999999999999886e+02
1.250000000000000000e+02 7.000000000000000666e-02 5.841607418237773804e-03 1.905579413399198074e+02 1.578462408699846947e+03 1.731999999999999886e+02
1.250000000000000000e+02 7.000000000000000666e-02 5.194714693646727312e-03 1.150072806440332869e+02 2.320450569385495328e+03 1.731999999999999886e+02
1.250000000000000000e+02 7.000000000000000666e-02 3.396891767538607731e-03 1.989584139106729026e+02 3.089717672118881637e+03 1.731999999999999886e+02
1.250000000000000000e+02 7.000000000000000666e-02 1.618408584263673249e-03 1.394806534933785542e+02 2.450166225615250823e+03 1.731999999999999886e+02
1.250000000000000000e+02 7.000000000000000666e-02 3.839044510612282281e-03 1.479414652632877676e+02 1.106577445001010346e+03 1.731999999999999886e+02
1.250000000000000000e+02 7.000000000000000666e-02 3.593280992566531048e-03 1.690239228665437565e+02 1.736601670125948431e+03 1.731999999999999886e+02
1.250000000000000000e+02 7.000000000000000666e-02 4.399520254115756729e-03 1.180293725297940313e+02 1.960270049561064980e+03 1.731999999999999886e+02
1.250000000000000000e+02 7.000000000000000666e-02 3.984445900320427239e-03 1.357639063299301938e+02 8.780217509030098881e+02 1.731999999999999886e+02
1.250000000000000000e+02 7.000000000000000666e-02 3.498388530609145008e-03 1.680940552348456549e+02 1.843049280591522574e+03 1.731999999999999886e+02
1.250000000000000000e+02 7.000000000000000666e-02 5.090531456201111311e-03 1.854904382472728912e+02 1.715502307825013304e+03 1.731999999999999886e+02
1.250000000000000000e+02 7.000000000000000666e-02 4.458204168497622438e-03 1.191565119455097204e+02 1.660572304076824821e+03 1.731999999999999886e+02
1.250000000000000000e+02 7.000000000000000666e-02 9.638320439395667988e-03 1.079035668265555898e+02 2.727525924398506504e+03 1.731999999999999886e+02
1.250000000000000000e+02 7.000000000000000666e-02 4.238014510966826159e-03 1.298878720455856808e+02 8.225130847697283798e+02 1.731999999999999886e+02
1.250000000000000000e+02 7.000000000000000666e-02 2.988189928920931531e-03 1.496821765750745499e+02 1.560130562626714209e+03 1.731999999999999886e+02
1.250000000000000000e+02 7.000000000000000666e-02 6.174387099329942639e-03 1.748735445871476486e+02 1.196437981040685145e+03 1.731999999999999886e+02
1.250000000000000000e+02 7.000000000000000666e-02 3.690417893592420635e-03 1.673039338827182405e+02 1.676818469055584501e+03 1.731999999999999886e+02
1.250000000000000000e+02 7.000000000000000666e-02 1.153207039821737764e-03 1.305504326419759025e+02 2.999556430646671288e+03 1.731999999999999886e+02
1.250000000000000000e+02 7.000000000000000666e-02 4.001384248409366184e-03 1.891741159199887647e+02 2.250473850843220134e+03 1.731999999999999886e+02
1.250000000000000000e+02 7.000000000000000666e-02 4.015345070242380514e-03 1.340691572563038676e+02 8.562402351679345429e+02 1.731999999999999886e+02
1.250000000000000000e+02 7.000000000000000666e-02 5.617336050205947590e-03 1.927641779771358301e+02 1.745237802753820233e+03 1.731999999999999886e+02
1.250000000000000000e+02 7.000000000000000666e-02 8.896654293743871608e-03 1.715185103444758568e+02 7.285803948593909354e+02 1.731999999999999886e+02
1.250000000000000000e+02 7.000000000000000666e-02 2.247376263932558248e-03 1.268283470372390696e+02 1.596774604444968645e+03 1.731999999999999886e+02
1.250000000000000000e+02 7.000000000000000666e-02 6.709357956020505810e-03 1.967548366294088567e+02 1.472129559539057482e+03 1.731999999999999886e+02
1.250000000000000000e+02 7.000000000000000666e-02 2.706720815246102096e-03 1.851738482143460658e+02 3.174748191603212035e+03 1.731999999999999886e+02
1.250000000000000000e+02 7.000000000000000666e-02 4.472156195231727187e-03 1.976827249719864596e+02 2.381296156554241861e+03 1.731999999999999886e+02
1.250000000000000000e+02 7.000000000000000666e-02 8.951936864141259165e-03 1.279248771629638526e+02 3.909909255378498756e+02 1.731999999999999886e+02
1.250000000000000000e+02 7.000000000000000666e-02 6.175961707083927645e-03 1.787512232253349111e+02 1.251053124685940020e+03 1.731999999999999886e+02
1.250000000000000000e+02 7.000000000000000666e-02 2.326058664333466482e-03 1.681604999688553335e+02 2.640461351555917645e+03 1.731999999999999886e+02
1.250000000000000000e+02 7.000000000000000666e-02 5.409014679927046272e-03 1.332893527445050381e+02 6.437611636922233629e+02 1.731999999999999886e+02
1.250000000000000000e+02 7.000000000000000666e-02 3.011450205420756511e-03 1.365063557140365447e+02 1.202108167045119899e+03 1.731999999999999886e+02
1.250000000000000000e+02 7.000000000000000666e-02 6.898244247946500561e-03 1.829123450973377203e+02 1.217456268511211874e+03 1.731999999999999886e+02
1.250000000000000000e+02 7.000000000000000666e-02 7.111831181153212972e-03 1.100515011298847554e+02 3.047064325133917919e+03 1.731999999999999886e+02
1.250000000000000000e+02 7.000000000000000666e-02 3.969945680185294271e-03 1.183025507800800540e+02 2.001197709318954594e+03 1.731999999999999886e+02
1.250000000000000000e+02 7.000000000000000666e-02 4.113215196073643359e-03 1.295156669837517427e+02 8.719023904065617216e+02 1.731999999999999886e+02
1.250000000000000000e+02 7.000000000000000666e-02 9.337101051802231336e-03 1.743707232856698397e+02 7.590068462813994756e+02 1.731999999999999886e+02
1.250000000000000000e+02 7.000000000000000666e-02 6.686565261102280638e-03 1.593629566533104480e+02 7.942251254685959339e+02 1.731999999999999886e+02
1.250000000000000000e+02 7.000000000000000666e-02 6.343940552239925833e-03 1.340776622636085165e+02 5.372390689568101152e+02 1.731999999999999886e+02
1.250000000000000000e+02 7.000000000000000666e-02 5.859795603273558820e-03 1.162793368754663135e+02 1.695548539518426423e+03 1.731999999999999886e+02
1.250000000000000000e+02 7.000000000000000666e-02 7.158157563601877903e-03 1.945981632278202937e+02 1.335332943878629749e+03 1.731999999999999886e+02
1.250000000000000000e+02 7.000000000000000666e-02 1.998409893506645878e-03 1.806000300559065863e+02 3.929694640481073748e+03 1.731999999999999886e+02
1.250000000000000000e+02 7.000000000000000666e-02 6.076840349867249774e-03 1.995013102371307809e+02 1.783908431503309430e+03 1.731999999999999886e+02
1.250000000000000000e+02 7.000000000000000666e-02 8.016586896718093033e-03 1.212464806712234378e+02 7.081225852732973181e+02 1.731999999999999886e+02
1.250000000000000000e+02 7.000000000000000666e-02 7.774718017059439705e-03 1.595421384465549863e+02 7.045747202285790536e+02 1.731999999999999886e+02
1.250000000000000000e+02 7.000000000000000666e-02 3.637411051269715586e-03 1.942555784348515431e+02 2.780768609564376220e+03 1.731999999999999886e+02
1.250000000000000000e+02 7.000000000000000666e-02 1.334356378907416594e-03 1.537332899114841780e+02 3.605510708340307701e+03 1.731999999999999886e+02
1.250000000000000000e+02 7.000000000000000666e-02 6.430308807347510057e-03 1.830147208681520397e+02 1.320022150875762009e+03 1.731999999999999886e+02
1.250000000000000000e+02 7.000000000000000666e-02 9.937328361824511805e-03 1.117807298699868710e+02 1.689192405310464437e+03 1.731999999999999886e+02
1.250000000000000000e+02 7.000000000000000666e-02 5.860042400421785341e-03 1.845030957183263354e+02 1.467967172299158847e+03 1.731999999999999886e+02
1.250000000000000000e+02 7.000000000000000666e-02 3.346928497216176534e-03 1.821391137798227930e+02 2.380723345087748839e+03 1.731999999999999886e+02
1.250000000000000000e+02 7.000000000000000666e-02 2.745053410120180774e-03 1.917485709172379416e+02 3.427370913890626070e+03 1.731999999999999886e+02
1.250000000000000000e+02 7.000000000000000666e-02 2.973462706918193321e-03 1.849502336688267405e+02 2.767931413914017867e+03 1.731999999999999886e+02
1.250000000000000000e+02 7.000000000000000666e-02 5.081544295740551311e-03 1.100927054697627767e+02 3.994734033787050521e+03 1.731999999999999886e+02
1.250000000000000000e+02 7.000000000000000666e-02 6.005900469250266896e-03 1.109836444078548823e+02 3.093288476355606690e+03 1.731999999999999886e+02
1.250000000000000000e+02 7.000000000000000666e-02 9.427231978763184542e-03 1.725474942800340159e+02 7.463161209070991617e+02 1.731999999999999886e+02
1.250000000000000000e+02 7.000000000000000666e-02 1.967161640842052424e-03 1.572634087663443552e+02 2.698654575548534467e+03 1.731999999999999886e+02
1.250000000000000000e+02 7.000000000000000666e-02 3.175349953761267500e-03 1.187337892938791697e+02 2.419565022468601910e+03 1.731999999999999886e+02
1.250000000000000000e+02 7.000000000000000666e-02 5.486376099967789528e-03 1.646856915546235882e+02 1.073094284441127684e+03 1.731999999999999886e+02
1.250000000000000000e+02 7.000000000000000666e-02 3.529676316761256802e-03 1.200827615224297062e+02 1.898383585380541263e+03 1.731999999999999886e+02
1.250000000000000000e+02 7.000000000000000666e-02 1.197214248906015421e-03 1.262549844978499323e+02 3.136244108291165958e+03 1.731999999999999886e+02
1.250000000000000000e+02 7.000000000000000666e-02 4.678349163667530966e-03 1.805813058156189754e+02 1.697578013075395575e+03 1.731999999999999886e+02
1.250000000000000000e+02 7.000000000000000666e-02 7.191691891566625271e-03 1.113712203970329142e+02 2.428113257923634137e+03 1.731999999999999886e+02
1.250000000000000000e+02 7.000000000000000666e-02 2.383695734364566898e-03 1.228545069865829902e+02 2.061508570643824896e+03 1.731999999999999886e+02
1.250000000000000000e+02 7.000000000000000666e-02 8.698433829980811716e-03 1.111740597233077210e+02 2.078537683057354116e+03 1.731999999999999886e+02
1.250000000000000000e+02 7.000000000000000666e-02 9.765512364891752728e-03 1.071918852220647835e+02 2.928870352806454321e+03 1.731999999999999886e+02
1.250000000000000000e+02 7.000000000000000666e-02 1.990570500302299255e-03 1.450232762534048163e+02 2.155176146832236100e+03 1.731999999999999886e+02
1.250000000000000000e+02 7.000000000000000666e-02 6.597395474088698676e-03 1.083826220937875888e+02 3.986646853547592855e+03 1.731999999999999886e+02
1.250000000000000000e+02 7.000000000000000666e-02 3.024594416245189165e-03 1.900385784792027266e+02 2.971920817704648925e+03 1.731999999999999886e+02
1.250000000000000000e+02 7.000000000000000666e-02 3.321288049351141594e-03 1.412067493084685452e+02 1.213494996265374539e+03 1.731999999999999886e+02
1.250000000000000000e+02 7.000000000000000666e-02 2.214553308967273822e-03 1.743201455948845933e+02 3.108729788167399420e+03 1.731999999999999886e+02
1.250000000000000000e+02 7.000000000000000666e-02 2.201343586353601660e-03 1.817679694653173499e+02 3.659191256689438887e+03 1.731999999999999886e+02
1.250000000000000000e+02 7.000000000000000666e-02 8.763797604139965738e-03 1.064208845529044396e+02 3.828914237947549736e+03 1.731999999999999886e+02
1.250000000000000000e+02 7.000000000000000666e-02 4.822588803378082857e-03 1.630822664449743229e+02 1.172069812488912703e+03 1.731999999999999886e+02
1.250000000000000000e+02 7.000000000000000666e-02 7.175757396965796661e-03 1.494124788545290698e+02 6.411600668065786977e+02 1.731999999999999886e+02
1.250000000000000000e+02 7.000000000000000666e-02 4.903953055669867112e-03 1.686974419850792515e+02 1.358959643487026369e+03 1.731999999999999886e+02
1.250000000000000000e+02 7.000000000000000666e-02 2.025811960735443649e-03 1.606991026146940840e+02 2.659891221364330249e+03 1.731999999999999886e+02
1.250000000000000000e+02 7.000000000000000666e-02 2.513698335545674553e-03 1.510569085899309698e+02 1.791688064355403867e+03 1.731999999999999886e+02
1.250000000000000000e+02 7.000000000000000666e-02 9.579484209869435288e-03 1.054817767292518482e+02 3.985863909081163911e+03 1.731999999999999886e+02
1.250000000000000000e+02 7.000000000000000666e-02 6.974775547071043746e-03 1.745603850752229391e+02 1.027754058219622266e+03 1.731999999999999886e+02
1.250000000000000000e+02 7.000000000000000666e-02 2.964823717368805095e-03 1.650155875911986243e+02 2.015515275008782965e+03 1.731999999999999886e+02
1.250000000000000000e+02 7.000000000000000666e-02 9.185328515132581972e-03 1.883175034704006521e+02 9.655459810110658054e+02 1.731999999999999886e+02
1.250000000000000000e+02 7.000000000000000666e-02 6.383611381936089499e-03 1.971184043673557085e+02 1.606704602736703009e+03 1.731999999999999886e+02
1.250000000000000000e+02 7.000000000000000666e-02 2.227785200298821287e-03 1.797416703262623514e+02 3.528355490497655865e+03 1.731999999999999886e+02
1.250000000000000000e+02 7.000000000000000666e-02 2.312685937694857179e-03 1.703296178476839202e+02 2.978475335979974716e+03 1.731999999999999886e+02
1.250000000000000000e+02 7.000000000000000666e-02 6.298414754257608203e-03 1.885166107074915374e+02 1.451606933847025857e+03 1.731999999999999886e+02
1.250000000000000000e+02 7.000000000000000666e-02 1.731764626517360997e-03 1.648670305801259133e+02 3.369843633937952291e+03 1.731999999999999886e+02
1.250000000000000000e+02 7.000000000000000666e-02 7.823497400832898560e-03 1.349260997333941248e+02 4.647578841047615015e+02 1.731999999999999886e+02
1.250000000000000000e+02 7.000000000000000666e-02 7.408838384969623943e-03 1.167440902008207644e+02 1.296093936072022871e+03 1.731999999999999886e+02
1.250000000000000000e+02 7.000000000000000666e-02 4.728340635593723633e-03 1.431359605565209279e+02 8.399620802329561684e+02 1.731999999999999886e+02
1.250000000000000000e+02 7.000000000000000666e-02 6.095246599876732833e-03 1.600475262330073747e+02 8.919736262460609169e+02 1.731999999999999886e+02
1.250000000000000000e+02 7.000000000000000666e-02 7.173921060840453973e-03 1.989088451091054992e+02 1.413672264805983332e+03 1.731999999999999886e+02
1.250000000000000000e+02 7.000000000000000666e-02 5.471483780116984108e-03 1.966188544695758935e+02 1.790236350216330266e+03 1.731999999999999886e+02
1.250000000000000000e+02 7.000000000000000666e-02 9.577673914280425763e-03 1.740122523517404431e+02 7.611591105260951053e+02 1.731999999999999886e+02
1.250000000000000000e+02 7.000000000000000666e-02 3.905676180581784621e-03 1.140549623235275050e+02 3.278115887470205962e+03 1.731999999999999886e+02
1.250000000000000000e+02 7.000000000000000666e-02 7.104280087222887043e-03 1.824329570017858657e+02 1.156515930454036152e+03 1.731999999999999886e+02
1.250000000000000000e+02 7.000000000000000666e-02 1.899066570339641435e-03 1.387961532967542837e+02 2.063582552726139966e+03 1.731999999999999886e+02
1.250000000000000000e+02 7.000000000000000666e-02 3.937357281063525588e-03 1.357707766205767825e+02 9.039947665353298589e+02 1.731999999999999886e+02
1.250000000000000000e+02 7.000000000000000666e-02 3.076935473823081725e-03 1.900377206925705593e+02 2.933713452638615308e+03 1.731999999999999886e+02
1.250000000000000000e+02 7.000000000000000666e-02 6.313818865469414572e-03 1.296402006929320407e+02 5.595273654506738694e+02 1.731999999999999886e+02
1.250000000000000000e+02 7.000000000000000666e-02 2.558768871622661093e-03 1.960856159980269808e+02 3.805975357919782255e+03 1.731999999999999886e+02
1.250000000000000000e+02 7.000000000000000666e-02 6.970073036314764804e-03 1.795341502425227986e+02 1.137992730179717228e+03 1.731999999999999886e+02
1.250000000000000000e+02 7.000000000000000666e-02 5.672381009915290588e-03 1.846627972027870328e+02 1.453964353892897179e+03 1.731999999999999886e+02
1.250000000000000000e+02 7.000000000000000666e-02 6.808431088756239542e-03 1.933906459538643503e+02 1.478948999918746495e+03 1.731999999999999886e+02
1.250000000000000000e+02 7.000000000000000666e-02 7.982194467885363881e-03 1.530941010840812737e+02 5.972443060169596265e+02 1.731999999999999886e+02
1.250000000000000000e+02 7.000000000000000666e-02 1.443959268705976825e-03 1.507711263665038359e+02 3.294037090398464898e+03 1.731999999999999886e+02
1.250000000000000000e+02 7.000000000000000666e-02 4.983807975948725301e-03 1.412189529508869157e+02 7.802096962733289729e+02 1.731999999999999886e+02
1.250000000000000000e+02 7.000000000000000666e-02 4.892893534723243704e-03 1.300321093782093556e+02 7.014550880388719634e+02 1.731999999999999886e+02
1.250000000000000000e+02 7.000000000000000666e-02 4.271247970876822231e-03 1.695285472029572702e+02 1.508369092710329596e+03 1.731999999999999886e+02
1.250000000000000000e+02 7.000000000000000666e-02 3.187124766786547398e-03 1.423912919001120940e+02 1.218897293516338550e+03 1.731999999999999886e+02
1.250000000000000000e+02 7.000000000000000666e-02 8.557858091942526294e-03 1.908239644248085369e+02 1.119831491954800867e+03 1.731999999999999886e+02
1.250000000000000000e+02 7.000000000000000666e-02 4.920371184143623733e-03 1.336707897999600050e+02 7.303064829258177042e+02 1.731999999999999886e+02
1.250000000000000000e+02 7.000000000000000666e-02 3.526068519289163577e-03 1.836569234878300847e+02 2.401576879233428372e+03 1.731999999999999886e+02
1.250000000000000000e+02 7.000000000000000666e-02 5.047941142758524853e-03 1.120232949131610241e+02 3.281416060695290525e+03 1.731999999999999886e+02
1.250000000000000000e+02 7.000000000000000666e-02 6.404310579452214373e-03 1.127103801789389905e+02 2.378120246207832224e+03 1.731999999999999886e+02
1.250000000000000000e+02 7.000000000000000666e-02 4.774130428604333141e-03 1.714120208999158024e+02 1.370431210731484271e+03 1.731999999999999886e+02
1.250000000000000000e+02 7.000000000000000666e-02 7.128275955829651428e-03 1.792900620438776400e+02 1.081005526239981236e+03 1.731999999999999886e+02
1.250000000000000000e+02 7.000000000000000666e-02 3.789312876193937259e-03 1.171924781820870010e+02 2.551294275486227434e+03 1.731999999999999886e+02
1.250000000000000000e+02 7.000000000000000666e-02 4.436472823970674141e-03 1.678705067528817381e+02 1.439553067146540798e+03 1.731999999999999886e+02
1.250000000000000000e+02 7.000000000000000666e-02 9.074577196042984267e-03 1.529122922803750839e+02 5.202417004436567822e+02 1.731999999999999886e+02
1.250000000000000000e+02 7.000000000000000666e-02 5.705455056393403737e-03 1.818179670966090384e+02 1.438948875280666471e+03 1.731999999999999886e+02
1.250000000000000000e+02 7.000000000000000666e-02 4.570223665092707464e-03 1.302819984751452012e+02 7.875218182137438134e+02 1.731999999999999886e+02
1.250000000000000000e+02 7.000000000000000666e-02 9.745359724614504129e-03 1.191711235031006311e+02 7.644898943039523829e+02 1.731999999999999886e+02
1.250000000000000000e+02 7.000000000000000666e-02 6.023078143271928461e-03 1.175152313185254798e+02 1.510879278793185449e+03 1.731999999999999886e+02
1.250000000000000000e+02 7.000000000000000666e-02 3.837530701619377635e-03 1.159787042485544077e+02 2.707180598021925562e+03 1.731999999999999886e+02
1.250000000000000000e+02 7.000000000000000666e-02 6.003513808020345330e-03 1.200721772077971110e+02 1.144354006303885399e+03 1.731999999999999886e+02
1.250000000000000000e+02 7.000000000000000666e-02 6.028049158823372590e-03 1.562503023083421283e+02 8.625717412390283698e+02 1.731999999999999886e+02
1.250000000000000000e+02 7.000000000000000666e-02 1.457796154578744037e-03 1.215766554524441716e+02 3.809487605573893234e+03 1.731999999999999886e+02
1.250000000000000000e+02 7.000000000000000666e-02 9.116905512618789231e-03 1.976302775748488330e+02 1.100948503261510041e+03 1.731999999999999886e+02
1.250000000000000000e+02 7.000000000000000666e-02 2.352789232233570577e-03 1.299683382687098856e+02 1.477989328683502208e+03 1.731999999999999886e+02
1.250000000000000000e+02 7.000000000000000666e-02 2.309303971740534357e-03 1.193776909562124047e+02 3.077011312750499201e+03 1.731999999999999886e+02
1.250000000000000000e+02 7.000000000000000666e-02 4.907260376063605697e-03 1.277468212899913169e+02 6.937109537510464179e+02 1.731999999999999886e+02
1.250000000000000000e+02 7.000000000000000666e-02 9.093151022936002761e-03 1.883959605651534162e+02 9.932362338881995356e+02 1.731999999999999886e+02
1.250000000000000000e+02 7.000000000000000666e-02 5.423651467963495898e-03 1.979777667318642784e+02 1.988200193175516461e+03 1.731999999999999886e+02
1.250000000000000000e+02 7.000000000000000666e-02 3.441683989124388800e-03 1.992813523493246635e+02 2.966228279462611226e+03 1.731999999999999886e+02
1.250000000000000000e+02 7.000000000000000666e-02 9.249755040358765071e-03 1.052607459297574763e+02 3.900289908284010380e+03 1.731999999999999886e+02
1.250000000000000000e+02 7.000000000000000666e-02 4.789355019422066734e-03 1.126721664202615614e+02 3.269437107585219564e+03 1.731999999999999886e+02
1.250000000000000000e+02 7.000000000000000666e-02 3.063808283986292711e-03 1.155048737722839434e+02 3.618038774866083259e+03 1.731999999999999886e+02
1.250000000000000000e+02 7.000000000000000666e-02 3.703528791998663902e-03 1.912750475103760550e+02 2.626983683134423700e+03 1.731999999999999886e+02
1.250000000000000000e+02 7.000000000000000666e-02 4.881615035610787495e-03 1.759084657381073953e+02 1.437852438550332408e+03 1.731999999999999886e+02
1.250000000000000000e+02 7.000000000000000666e-02 3.642415055431707377e-03 1.166354663623017842e+02 2.619424659245287785e+03 1.731999999999999886e+02
1.250000000000000000e+02 7.000000000000000666e-02 5.421672401753335237e-03 1.858209750630773556e+02 1.618291090647033116e+03 1.731999999999999886e+02
1.250000000000000000e+02 7.000000000000000666e-02 3.106402824603918429e-03 1.398481166322700062e+02 1.252399463589617426e+03 1.731999999999999886e+02
1.250000000000000000e+02 7.000000000000000666e-02 6.409765122758569363e-03 1.103229462198557513e+02 3.164701617031909791e+03 1.731999999999999886e+02
1.250000000000000000e+02 7.000000000000000666e-02 4.155935436865000263e-03 1.215605532591661131e+02 1.417024327083052185e+03 1.731999999999999886e+02
1.250000000000000000e+02 7.000000000000000666e-02 6.934893208302790081e-03 1.944065250288334425e+02 1.387336057223971238e+03 1.731999999999999886e+02
1.250000000000000000e+02 7.000000000000000666e-02 9.390679695101523949e-03 1.066372605359181449e+02 3.461933499100695371e+03 1.731999999999999886e+02
1.250000000000000000e+02 7.000000000000000666e-02 1.625288460182210170e-03 1.310434283742364698e+02 2.125536807973513532e+03 1.731999999999999886e+02
1.250000000000000000e+02 7.000000000000000666e-02 5.769778569302844162e-03 1.972790779323087236e+02 1.842185174643888331e+03 1.731999999999999886e+02
1.250000000000000000e+02 7.000000000000000666e-02 4.690513177457208104e-03 1.481851378204930825e+02 9.857086708976985392e+02 1.731999999999999886e+02
1.250000000000000000e+02 7.000000000000000666e-02 1.610974353571660274e-03 1.227026193980138373e+02 3.232401107224112366e+03 1.731999999999999886e+02
1.250000000000000000e+02 7.000000000000000666e-02 6.713914836546292821e-03 1.125345479655342160e+02 2.436747589911251907e+03 1.731999999999999886e+02
1.250000000000000000e+02 7.000000000000000666e-02 5.227823318058663973e-03 1.144835210559794803e+02 2.439731748587324091e+03 1.731999999999999886e+02
1.250000000000000000e+02 7.000000000000000666e-02 4.031124240527602688e-03 1.485639674685243392e+02 1.068540449126894828e+03 1.731999999999999886e+02
1.250000000000000000e+02 7.000000000000000666e-02 2.576651591416749456e-03 1.758901712741515553e+02 2.882356795752898961e+03 1.731999999999999886e+02
1.250000000000000000e+02 7.000000000000000666e-02 9.814928158492150501e-03 1.654338784642974360e+02 6.151529823019914147e+02 1.731999999999999886e+02
1.250000000000000000e+02 7.000000000000000666e-02 4.499099833952031023e-03 1.953351650369963295e+02 2.171344281427769602e+03 1.731999999999999886e+02
1.250000000000000000e+02 7.000000000000000666e-02 4.116355073440860525e-03 1.952383919420852862e+02 2.483916890889391198e+03 1.731999999999999886e+02
1.250000000000000000e+02 7.000000000000000666e-02 4.494132425694766404e-03 1.754227712955425318e+02 1.643220940355902485e+03 1.731999999999999886e+02
1.250000000000000000e+02 7.000000000000000666e-02 2.656246506567966521e-03 1.852884770835375434e+02 3.246236348842256575e+03 1.731999999999999886e+02
1.250000000000000000e+02 7.000000000000000666e-02 9.910751987617218237e-04 1.258464603595815845e+02 3.715180852318148027e+03 1.731999999999999886e+02
1.250000000000000000e+02 7.000000000000000666e-02 4.409257533306268698e-03 1.837380827833495118e+02 1.807755010282563035e+03 1.731999999999999886e+02
1.250000000000000000e+02 7.000000000000000666e-02 7.574683786244484039e-03 1.195320187461214516e+02 9.426213663900697384e+02 1.731999999999999886e+02
1.250000000000000000e+02 7.000000000000000666e-02 4.129932638307335160e-03 1.819520938193498978e+02 1.879437350627428714e+03 1.731999999999999886e+02
1.250000000000000000e+02 7.000000000000000666e-02 2.051922673152097292e-03 1.541402676801832570e+02 2.475539983548556847e+03 1.731999999999999886e+02
1.250000000000000000e+02 7.000000000000000666e-02 1.570736588890120789e-03 1.391131921110646203e+02 2.444889958991242565e+03 1.731999999999999886e+02
1.250000000000000000e+02 7.000000000000000666e-02 3.715761112041088797e-03 1.854376118228885275e+02 2.369691784863541670e+03 1.731999999999999886e+02
1.250000000000000000e+02 7.000000000000000666e-02 1.402089670772305348e-03 1.581283408308490266e+02 3.736763904581292536e+03 1.731999999999999886e+02
1.250000000000000000e+02 7.000000000000000666e-02 9.361267236593927982e-03 1.206819174094404730e+02 6.780391981477608851e+02 1.731999999999999886e+02
1.250000000000000000e+02 7.000000000000000666e-02 5.045987804906669136e-03 1.969915109771007451e+02 2.033358106404020873e+03 1.731999999999999886e+02
1.250000000000000000e+02 7.000000000000000666e-02 2.288009983797109018e-03 1.534300734686545411e+02 2.216240120744085289e+03 1.731999999999999886e+02
1.250000000000000000e+02 7.000000000000000666e-02 2.012607876539096105e-03 1.795544251630666395e+02 3.814413353872768312e+03 1.731999999999999886e+02
1.250000000000000000e+02 7.000000000000000666e-02 8.795618501410152820e-03 1.433544509120133625e+02 4.465058876362295450e+02 1.731999999999999886e+02
1.250000000000000000e+02 7.000000000000000666e-02 7.676319377940912098e-03 1.964591848355631782e+02 1.363592478780175270e+03 1.731999999999999886e+02
1.250000000000000000e+02 7.000000000000000666e-02 2.290645382128894073e-03 1.213190913354503948e+02 2.512756638855595611e+03 1.731999999999999886e+02
1.250000000000000000e+02 7.000000000000000666e-02 2.122555468127974680e-03 1.598732262335345240e+02 2.492718595729133540e+03 1.731999999999999886e+02
1.250000000000000000e+02 7.000000000000000666e-02 1.706210701467387536e-03 1.587479559526256025e+02 3.225190378898698327e+03 1.731999999999999886e+02
1.250000000000000000e+02 7.000000000000000666e-02 8.496644929107720692e-03 1.408237988136034744e+02 4.439336299615677035e+02 1.731999999999999886e+02
1.250000000000000000e+02 7.000000000000000666e-02 6.801506442131871610e-03 1.093886886853880469e+02 3.211279491741070160e+03 1.731999999999999886e+02
1.250000000000000000e+02 7.000000000000000666e-02 1.949501955811302253e-03 1.574805984593679398e+02 2.750339497957813364e+03 1.731999999999999886e+02
1.250000000000000000e+02 7.000000000000000666e-02 3.303586268146085914e-03 1.942614669094521673e+02 2.917842131004548719e+03 1.731999999999999886e+02
1.250000000000000000e+02 7.000000000000000666e-02 9.303365662647531537e-03 1.503372200165154027e+02 5.042530337308805883e+02 1.731999999999999886e+02
1.250000000000000000e+02 7.000000000000000666e-02 2.578445175750876481e-03 1.598173703999207191e+02 2.045595712729892057e+03 1.731999999999999886e+02
1.250000000000000000e+02 7.000000000000000666e-02 5.826860952180212827e-03 1.322057581844146057e+02 5.949340381419330015e+02 1.731999999999999886e+02
1.250000000000000000e+02 7.000000000000000666e-02 7.208626854450381205e-03 1.919671342128825700e+02 1.293460652972086791e+03 1.731999999999999886e+02
1.250000000000000000e+02 7.000000000000000666e-02 2.717418003269097757e-03 1.937670394222892014e+02 3.535556093461193541e+03 1.731999999999999886e+02
1.250000000000000000e+02 7.000000000000000666e-02 6.187980549208702864e-03 1.170172920993419723e+02 1.579871006346310878e+03 1.731999999999999886e+02
1.250000000000000000e+02 7.000000000000000666e-02 5.788094440595339431e-03 1.991516104407504599e+02 1.896015942692851013e+03 1.731999999999999886e+02
1.250000000000000000e+02 7.000000000000000666e-02 4.040482226501375569e-03 1.953645632078734309e+02 2.532095848356272654e+03 1.731999999999999886e+02
1.250000000000000000e+02 7.000000000000000666e-02 5.346455669158811652e-03 1.932847600903737941e+02 1.752707091637106259e+03 1.731999999999999886e+02
1.250000000000000000e+02 7.000000000000000666e-02 5.751936793318162058e-03 1.972713969802677809e+02 1.813652415329452879e+03 1.731999999999999886e+02
1.250000000000000000e+02 7.000000000000000666e-02 3.496374095722201442e-03 1.915123897358877230e+02 2.657277746590136758e+03 1.731999999999999886e+02
1.250000000000000000e+02 7.000000000000000666e-02 7.403029429489101608e-03 1.949200830043496353e+02 1.355474894752979253e+03 1.731999999999999886e+02
1.250000000000000000e+02 7.000000000000000666e-02 5.744268715384298965e-03 1.935133969999804435e+02 1.712640950067798940e+03 1.731999999999999886e+02
1.250000000000000000e+02 7.000000000000000666e-02 3.760517462444850755e-03 1.880941424599227503e+02 2.284052240685194192e+03 1.731999999999999886e+02
1.250000000000000000e+02 7.000000000000000666e-02 9.563877592643368550e-03 1.976222911691635602e+02 1.065170333858178537e+03 1.731999999999999886e+02
1.250000000000000000e+02 7.000000000000000666e-02 2.807647261619420059e-03 1.813701260635612869e+02 2.789744644002468704e+03 1.731999999999999886e+02
1.250000000000000000e+02 7.000000000000000666e-02 8.568167221659773666e-03 1.954676650931543804e+02 1.134168382286914948e+03 1.731999999999999886e+02
1.250000000000000000e+02 7.000000000000000666e-02 4.587443196913391918e-03 1.149726601478790258e+02 2.652363119103835743e+03 1.731999999999999886e+02
1.250000000000000000e+02 7.000000000000000666e-02 3.942085066564658853e-03 1.573909312303564434e+02 1.312590184180053939e+03 1.731999999999999886e+02
1.250000000000000000e+02 7.000000000000000666e-02 6.779562144649395154e-03 1.756809519960818591e+02 1.106155211082873620e+03 1.731999999999999886e+02
1.250000000000000000e+02 7.000000000000000666e-02 8.875988318823182718e-03 1.966619536928874652e+02 1.187075757623938898e+03 1.731999999999999886e+02
1.250000000000000000e+02 7.000000000000000666e-02 8.678787954545760450e-03 1.130835487697519426e+02 1.725308504669594640e+03 1.731999999999999886e+02
1.250000000000000000e+02 7.000000000000000666e-02 7.815335152571678892e-03 1.686898386132151586e+02 8.222006917788995679e+02 1.731999999999999886e+02
1.250000000000000000e+02 7.000000000000000666e-02 6.299241069860701120e-03 1.394765585789546947e+02 6.284093398230820640e+02 1.731999999999999886e+02
1.250000000000000000e+02 7.000000000000000666e-02 4.303671018963952169e-03 1.964920806005151235e+02 2.332811812087457838e+03 1.731999999999999886e+02
1.250000000000000000e+02 7.000000000000000666e-02 9.536567942681291668e-03 1.664053960779642125e+02 6.371253180319316698e+02 1.731999999999999886e+02
1.250000000000000000e+02 7.000000000000000666e-02 8.273997979411243028e-03 1.121755727298245944e+02 1.940899692460659026e+03 1.731999999999999886e+02
1.250000000000000000e+02 7.000000000000000666e-02 8.357452046353750288e-03 1.078001765169513249e+02 3.417427008539509188e+03 1.731999999999999886e+02
1.250000000000000000e+02 7.000000000000000666e-02 3.525104751974117347e-03 1.801490919708175511e+02 2.241719651151855487e+03 1.731999999999999886e+02
1.250000000000000000e+02 7.000000000000000666e-02 5.192836679928067127e-03 1.597206559153666205e+02 1.095108016721554577e+03 1.731999999999999886e+02
1.250000000000000000e+02 7.000000000000000666e-02 1.143637962029944071e-03 1.465777762697576065e+02 3.676982229841153639e+03 1.731999999999999886e+02
1.250000000000000000e+02 7.000000000000000666e-02 9.839917857996221054e-03 1.077340564803720042e+02 2.721657634252520893e+03 1.731999999999999886e+02
1.250000000000000000e+02 7.000000000000000666e-02 7.072369935133927983e-03 1.153101434097436453e+02 1.633903634965618039e+03 1.731999999999999886e+02
1.250000000000000000e+02 7.000000000000000666e-02 9.484113951163806316e-03 1.563221049528527544e+02 5.312365402410383695e+02 1.731999999999999886e+02
1.250000000000000000e+02 7.000000000000000666e-02 3.505344665891392455e-03 1.816471923999882847e+02 2.347441123685729963e+03 1.731999999999999886e+02
1.250000000000000000e+02 7.000000000000000666e-02 5.737839466507010759e-03 1.950518333191893134e+02 1.774418069019145378e+03 1.731999999999999886e+02
1.250000000000000000e+02 7.000000000000000666e-02 6.498082378254703244e-03 1.712280570152719292e+02 9.997253161942314819e+02 1.731999999999999886e+02
1.250000000000000000e+02 7.000000000000000666e-02 6.236278400337648062e-03 1.618441712437051478e+02 8.753492035804138141e+02 1.731999999999999886e+02
1.250000000000000000e+02 7.000000000000000666e-02 7.554806112822923594e-03 1.924477910773209999e+02 1.250950403577448697e+03 1.731999999999999886e+02
1.250000000000000000e+02 7.000000000000000666e-02 4.353691901206677671e-03 1.614097462190931367e+02 1.322842442829931997e+03 1.731999999999999886e+02
1.250000000000000000e+02 7.000000000000000666e-02 1.800296854142434356e-03 1.247577981906640190e+02 2.237151464138340089e+03 1.731999999999999886e+02
1.250000000000000000e+02 7.000000000000000666e-02 2.457072573771673218e-03 1.338207571571195160e+02 1.403908681656238514e+03 1.731999999999999886e+02
1.250000000000000000e+02 7.000000000000000666e-02 7.357081890218982421e-03 1.992282417169182054e+02 1.381770412823474999e+03 1.731999999999999886e+02
1.250000000000000000e+02 7.000000000000000666e-02 3.851706941434850096e-03 1.854250726866877699e+02 2.295515704296010881e+03 1.731999999999999886e+02
1.250000000000000000e+02 7.000000000000000666e-02 7.891490517599174595e-03 1.171504331138040271e+02 1.172430512485448617e+03 1.731999999999999886e+02
1.250000000000000000e+02 7.000000000000000666e-02 9.186738535079036483e-03 1.734924980325986894e+02 7.440020839523913310e+02 1.731999999999999886e+02
