1.250000000000000000e+02 7.000000000000000666e-02 1.775639792968821129e-01 4.874776475439575165e+02 5.090848415438948678e+02 1.731999999999999886e+02
1.250000000000000000e+02 7.000000000000000666e-02 1.742763764865862819e-01 4.305750360433452215e+02 2.481762522932782815e+02 1.731999999999999886e+02
1.250000000000000000e+02 7.000000000000000666e-02 1.888629618817201650e-01 4.469999156204285100e+02 1.320937506586577399e+02 1.731999999999999886e+02
1.250000000000000000e+02 7.000000000000000666e-02 1.728516656069997159e-01 4.827010760304532369e+02 4.289235480115946189e+02 1.731999999999999886e+02
1.250000000000000000e+02 7.000000000000000666e-02 1.921986863183102467e-01 4.853557957713432529e+02 2.461345769212559276e+02 1.731999999999999886e+02
1.250000000000000000e+02 7.000000000000000666e-02 4.595440036536259376e-02 2.909714134088662263e+02 7.055062590916340923e+02 1.731999999999999886e+02
1.250000000000000000e+02 7.000000000000000666e-02 8.338983640506134054e-02 3.057829565404037453e+02 3.477737166573370473e+02 1.731999999999999886e+02
1.250000000000000000e+02 7.000000000000000666e-02 1.757093126438581676e-01 4.339593371062182428e+02 1.010706448171296614e+02 1.731999999999999886e+02
1.250000000000000000e+02 7.000000000000000666e-02 2.067150128761464922e-01 4.809920561362098397e+02 1.719283836490403701e+02 1.731999999999999886e+02
1.250000000000000000e+02 7.000000000000000666e-02 1.340561769254351998e-01 3.803466329951581884e+02 2.634420687877858995e+02 1.731999999999999886e+02
1.250000000000000000e+02 7.000000000000000666e-02 1.485476748259308977e-01 4.069219008119619048e+02 3.567445336100848863e+02 1.731999999999999886e+02
1.250000000000000000e+02 7.000000000000000666e-02 3.057217487977452117e-02 2.703643204737384167e+02 8.707258528983054475e+02 1.731999999999999886e+02
1.250000000000000000e+02 7.000000000000000666e-02 1.854771042767178468e-01 4.584669881667596201e+02 9.997201729301836792e+01 1.731999999999999886e+02
1.250000000000000000e+02 7.000000000000000666e-02 1.171417598436001600e-01 3.405874620285975993e+02 2.597706934673074102e+02 1.731999999999999886e+02
1.250000000000000000e+02 7.000000000000000666e-02 1.759380242025287699e-01 4.998553140852672527e+02 5.973757349250042807e+02 1.731999999999999886e+02
1.250000000000000000e+02 7.000000000000000666e-02 1.163613802270739850e-01 3.524206039400883128e+02 3.106291460302751375e+02 1.731999999999999886e+02
1.250000000000000000e+02 7.000000000000000666e-02 1.646000452372874123e-01 4.050129863094337566e+02 2.206060354881745411e+01 1.731999999999999886e+02
1.250000000000000000e+02 7.000000000000000666e-02 6.904073711786114231e-02 3.707429620832002684e+02 9.370990689199720691e+02 1.731999999999999886e+02
1.250000000000000000e+02 7.000000000000000666e-02 7.553255839552447393e-02 3.291195826174434274e+02 5.615348163647337287e+02 1.731999999999999886e+02
1.250000000000000000e+02 7.000000000000000666e-02 1.682789095975644744e-01 4.632090650094755233e+02 4.437680025425790973e+02 1.731999999999999886e+02
1.250000000000000000e+02 7.000000000000000666e-02 1.298301197387251860e-01 4.849914411324853631e+02 9.643559497778113609e+02 1.731999999999999886e+02
1.250000000000000000e+02 7.000000000000000666e-02 1.570137247807490699e-01 4.634769338783639228e+02 4.697200414021697270e+02 1.731999999999999886e+02
1.250000000000000000e+02 7.000000000000000666e-02 8.553797938593657446e-02 3.256519643633295118e+02 4.083329865620540886e+02 1.731999999999999886e+02
1.250000000000000000e+02 7.000000000000000666e-02 1.032610050794846024e-01 3.793046021183588437e+02 5.693456698674682457e+02 1.731999999999999886e+02
1.250000000000000000e+02 7.000000000000000666e-02 1.496183849575282443e-01 4.809266405306227625e+02 7.519997797529994159e+02 1.731999999999999886e+02
1.250000000000000000e+02 7.000000000000000666e-02 1.365817012624317428e-01 4.275364417703599429e+02 4.930411114233019703e+02 1.731999999999999886e+02
1.250000000000000000e+02 7.000000000000000666e-02 1.317798742622175168e-01 4.586463648243355919e+02 7.511803644537368427e+02 1.731999999999999886e+02
1.250000000000000000e+02 7.000000000000000666e-02 1.057680477703938221e-01 2.985394521207326761e+02 1.856801343661386738e+02 1.731999999999999886e+02
1.250000000000000000e+02 7.000000000000000666e-02 1.810814799263494590e-01 4.417293423278781574e+02 2.038257714561772218e+02 1.731999999999999886e+02
1.250000000000000000e+02 7.000000000000000666e-02 1.459682228123546643e-01 4.991622348040376096e+02 8.250641260929600094e+02 1.731999999999999886e+02
1.250000000000000000e+02 7.000000000000000666e-02 4.007325732319189093e-02 2.953511641099594272e+02 8.217340220056439648e+02 1.731999999999999886e+02
1.250000000000000000e+02 7.000000000000000666e-02 7.293436830296123885e-02 2.709691796043114209e+02 2.995740151355880130e+02 1.731999999999999886e+02
1.250000000000000000e+02 7.000000000000000666e-02 1.088668472218317085e-01 4.256519299896559687e+02 8.146071796545023744e+02 1.731999999999999886e+02
1.250000000000000000e+02 7.000000000000000666e-02 1.083965177654051260e-01 2.912282155407594360e+02 1.008734133714219894e+02 1.731999999999999886e+02
1.250000000000000000e+02 7.000000000000000666e-02 1.214228497995285261e-01 3.837305393789849859e+02 4.489844356180762475e+02 1.731999999999999886e+02
1.250000000000000000e+02 7.000000000000000666e-02 7.329896244883866985e-02 3.551262586337433049e+02 7.282621792148923987e+02 1.731999999999999886e+02
1.250000000000000000e+02 7.000000000000000666e-02 9.910751048464909452e-02 3.519031336516795250e+02 4.307398832182998945e+02 1.731999999999999886e+02
1.250000000000000000e+02 7.000000000000000666e-02 6.917768647301227036e-02 3.715299004808484824e+02 9.593960839818544173e+02 1.731999999999999886e+02
1.250000000000000000e+02 7.000000000000000666e-02 1.492501208470091711e-01 4.247701639685678856e+02 3.426170029814647364e+02 1.731999999999999886e+02
1.250000000000000000e+02 7.000000000000000666e-02 1.974311903595739603e-01 4.731981813775598766e+02 1.357694252229912593e+02 1.731999999999999886e+02
1.250000000000000000e+02 7.000000000000000666e-02 1.561312752136053139e-01 4.490883906644918966e+02 4.774871175279193949e+02 1.731999999999999886e+02
1.250000000000000000e+02 7.000000000000000666e-02 3.068081621861975389e-02 2.656241874778853571e+02 7.770654919293483545e+02 1.731999999999999886e+02
1.250000000000000000e+02 7.000000000000000666e-02 1.650535354782957931e-01 4.116307430014943520e+02 2.418915007352150894e+02 1.731999999999999886e+02
1.250000000000000000e+02 7.000000000000000666e-02 7.658953329034563773e-02 3.648676426597983209e+02 7.976789047181749766e+02 1.731999999999999886e+02
1.250000000000000000e+02 7.000000000000000666e-02 1.781658710444152249e-01 4.284271440208512445e+02 1.465084301344336097e+02 1.731999999999999886e+02
1.250000000000000000e+02 7.000000000000000666e-02 1.986397611831084709e-01 4.742182350697714810e+02 2.436237799718414578e+02 1.731999999999999886e+02
1.250000000000000000e+02 7.000000000000000666e-02 1.528826017466320547e-02 2.239067037152897512e+02 9.873659994580482362e+02 1.731999999999999886e+02
1.250000000000000000e+02 7.000000000000000666e-02 1.237950716811310331e-01 3.223671991893369864e+02 9.646784873812853789e+01 1.731999999999999886e+02
1.250000000000000000e+02 7.000000000000000666e-02 1.141719245851319231e-01 2.909549563873761144e+02 5.700461316618937957e+01 1.731999999999999886e+02
1.250000000000000000e+02 7.000000000000000666e-02 1.377231885642137832e-01 3.614835543901041319e+02 2.316816573111918842e+02 1.731999999999999886e+02
1.250000000000000000e+02 7.000000000000000666e-02 1.185936818096714473e-01 4.677584157423631268e+02 9.615499742647441508e+02 1.731999999999999886e+02
1.250000000000000000e+02 7.000000000000000666e-02 6.102199811108469096e-02 3.057392389923406881e+02 5.710076670549294704e+02 1.731999999999999886e+02
1.250000000000000000e+02 7.000000000000000666e-02 1.013985324292907136e-01 2.743204657129888915e+02 1.038116498821039784e+02 1.731999999999999886e+02
1.250000000000000000e+02 7.000000000000000666e-02 1.110633509191533419e-01 3.128210850248852921e+02 2.047533447011364558e+02 1.731999999999999886e+02
1.250000000000000000e+02 7.000000000000000666e-02 1.030661493593798550e-01 4.230962268444568508e+02 8.553091728418196453e+02 1.731999999999999886e+02
1.250000000000000000e+02 7.000000000000000666e-02 1.197212388897579832e-01 4.633814617484379710e+02 9.319302196899963064e+02 1.731999999999999886e+02
1.250000000000000000e+02 7.000000000000000666e-02 1.508482054605786438e-01 4.402757115783639392e+02 4.587051393237524621e+02 1.731999999999999886e+02
1.250000000000000000e+02 7.000000000000000666e-02 1.526120173050550012e-02 2.229812766149741492e+02 9.652467456617656580e+02 1.731999999999999886e+02
1.250000000000000000e+02 7.000000000000000666e-02 1.437069548891174997e-01 4.815450979115806263e+02 7.341056165515016119e+02 1.731999999999999886e+02
1.250000000000000000e+02 7.000000000000000666e-02 3.785250642021557171e-02 2.593512367251680075e+02 5.663732070021463869e+02 1.731999999999999886e+02
1.250000000000000000e+02 7.000000000000000666e-02 7.576835742221108005e-02 3.130075332595085342e+02 4.250601705712992953e+02 1.731999999999999886e+02
1.250000000000000000e+02 7.000000000000000666e-02 9.189701821626421185e-02 4.138998603637210181e+02 8.805158185990238735e+02 1.731999999999999886e+02
1.250000000000000000e+02 7.000000000000000666e-02 1.242165353473680123e-01 4.679096023390609389e+02 8.959149799533254281e+02 1.731999999999999886e+02
1.250000000000000000e+02 7.000000000000000666e-02 1.967216353558529640e-01 4.798925248627666633e+02 5.093189175823764714e+01 1.731999999999999886e+02
1.250000000000000000e+02 7.000000000000000666e-02 1.105943561228242833e-01 3.246097172634982826e+02 2.170786396769314024e+02 1.731999999999999886e+02
1.250000000000000000e+02 7.000000000000000666e-02 1.715881620767328031e-01 4.331942830040442800e+02 1.786351327814896592e+02 1.731999999999999886e+02
1.250000000000000000e+02 7.000000000000000666e-02 1.326776587360969928e-01 4.190586964987650163e+02 4.851455748443360108e+02 1.731999999999999886e+02
1.250000000000000000e+02 7.000000000000000666e-02 3.860298455537120033e-02 2.683118019355926549e+02 6.430797594719393828e+02 1.731999999999999886e+02
1.250000000000000000e+02 7.000000000000000666e-02 1.180286849361799340e-01 3.480974644503074842e+02 2.706048429457135853e+02 1.731999999999999886e+02
1.250000000000000000e+02 7.000000000000000666e-02 7.670268123166555652e-02 2.185554928593856232e+02 1.025736799377658741e+02 1.731999999999999886e+02
1.250000000000000000e+02 7.000000000000000666e-02 9.011164129007052936e-02 2.774669266738202396e+02 2.020001603269223551e+02 1.731999999999999886e+02
1.250000000000000000e+02 7.000000000000000666e-02 9.653062483526285431e-02 3.709691947732823110e+02 6.111001540156098599e+02 1.731999999999999886e+02
1.250000000000000000e+02 7.000000000000000666e-02 1.016383529398687674e-01 2.625759365305672759e+02 5.179535109607683552e+01 1.731999999999999886e+02
1.250000000000000000e+02 7.000000000000000666e-02 1.425543541616566545e-01 4.919914412153465264e+02 7.879847557372914935e+02 1.731999999999999886e+02
1.250000000000000000e+02 7.000000000000000666e-02 1.927760062147227116e-01 4.648687373148854931e+02 1.749379080733676162e+01 1.731999999999999886e+02
1.250000000000000000e+02 7.000000000000000666e-02 1.746784231442372048e-01 4.691781223552426923e+02 4.236438662950111507e+02 1.731999999999999886e+02
1.250000000000000000e+02 7.000000000000000666e-02 1.450164137066359549e-01 4.288415101655108970e+02 5.009122974920650790e+02 1.731999999999999886e+02
1.250000000000000000e+02 7.000000000000000666e-02 1.953453648762484007e-01 4.812446889937878041e+02 1.875522685105594007e+02 1.731999999999999886e+02
1.250000000000000000e+02 7.000000000000000666e-02 1.414555201169006848e-01 3.831863501841802417e+02 2.796314211274598733e+02 1.731999999999999886e+02
1.250000000000000000e+02 7.000000000000000666e-02 1.642466958505401919e-01 3.927438195234905152e+02 8.375292758837163376e+01 1.731999999999999886e+02
1.250000000000000000e+02 7.000000000000000666e-02 1.891045646771952193e-01 4.353765346818796615e+02 1.266600740092339450e+01 1.731999999999999886e+02
1.250000000000000000e+02 7.000000000000000666e-02 7.063077211570699399e-02 3.879957153920630617e+02 9.884962170104842016e+02 1.731999999999999886e+02
1.250000000000000000e+02 7.000000000000000666e-02 8.019386459172024584e-02 3.812249146044418922e+02 8.337160453239685012e+02 1.731999999999999886e+02
1.250000000000000000e+02 7.000000000000000666e-02 1.976546357496894724e-01 4.587791676591868963e+02 1.054862763075076799e+02 1.731999999999999886e+02
1.250000000000000000e+02 7.000000000000000666e-02 1.045380202278918813e-01 3.757617652580752861e+02 5.449802145902257280e+02 1.731999999999999886e+02
1.250000000000000000e+02 7.000000000000000666e-02 1.694549938018841961e-01 4.267087612922583730e+02 2.333243824721159285e+02 1.731999999999999886e+02
1.250000000000000000e+02 7.000000000000000666e-02 1.162964428737979922e-01 3.544700926428810135e+02 3.017353080374869023e+02 1.731999999999999886e+02
1.250000000000000000e+02 7.000000000000000666e-02 1.830288818143164797e-01 4.957605488997957650e+02 4.406084177093097765e+02 1.731999999999999886e+02
1.250000000000000000e+02 7.000000000000000666e-02 2.022810775915722947e-01 4.869750234576156345e+02 1.345826655758802701e+02 1.731999999999999886e+02
1.250000000000000000e+02 7.000000000000000666e-02 1.353080627797592639e-01 4.063502951678915451e+02 3.726269589845028918e+02 1.731999999999999886e+02
1.250000000000000000e+02 7.000000000000000666e-02 1.271750511578808307e-01 4.394183235832782657e+02 7.163426305088576100e+02 1.731999999999999886e+02
1.250000000000000000e+02 7.000000000000000666e-02 1.066805890158713660e-01 4.489908240730508169e+02 9.372863321485045844e+02 1.731999999999999886e+02
1.250000000000000000e+02 7.000000000000000666e-02 1.480391461026110966e-01 4.082465633528664739e+02 3.582031080916856922e+02 1.731999999999999886e+02
1.250000000000000000e+02 7.000000000000000666e-02 1.806677649040545341e-01 4.672878672847019743e+02 3.716282347922498843e+02 1.731999999999999886e+02
1.250000000000000000e+02 7.000000000000000666e-02 1.801323933104901631e-01 4.939628937896686693e+02 4.287760716349422410e+02 1.731999999999999886e+02
1.250000000000000000e+02 7.000000000000000666e-02 1.614766784344635053e-01 3.970074386355986462e+02 1.343465587078347880e+02 1.731999999999999886e+02
1.250000000000000000e+02 7.000000000000000666e-02 3.813462298200425565e-02 2.688291757939348372e+02 6.262786452524507013e+02 1.731999999999999886e+02
1.250000000000000000e+02 7.000000000000000666e-02 1.534204888670245293e-01 4.929115544649587832e+02 7.794562037159554393e+02 1.731999999999999886e+02
1.250000000000000000e+02 7.000000000000000666e-02 1.329186318107847264e-01 4.446812588902686230e+02 6.173525012453094405e+02 1.731999999999999886e+02
1.250000000000000000e+02 7.000000000000000666e-02 3.314481274050821991e-02 2.600920997968806319e+02 7.132139831494414466e+02 1.731999999999999886e+02
1.250000000000000000e+02 7.000000000000000666e-02 2.011224983526395671e-01 4.860294323802388590e+02 1.963743679812927496e+02 1.731999999999999886e+02
1.250000000000000000e+02 7.000000000000000666e-02 1.975175864800174652e-01 4.565396834195989868e+02 5.184477657428911357e+01 1.731999999999999886e+02
1.250000000000000000e+02 7.000000000000000666e-02 1.575574538109679734e-01 4.396049471506793225e+02 4.041117561372147406e+02 1.731999999999999886e+02
1.250000000000000000e+02 7.000000000000000666e-02 1.944774591027068900e-01 4.910093470141787293e+02 2.601850982129054728e+02 1.731999999999999886e+02
1.250000000000000000e+02 7.000000000000000666e-02 1.253596079747351377e-01 3.296122419145748381e+02 1.576036211581879627e+02 1.731999999999999886e+02
1.250000000000000000e+02 7.000000000000000666e-02 1.667745831865156680e-01 4.349768081827668880e+02 2.456107190103580820e+02 1.731999999999999886e+02
1.250000000000000000e+02 7.000000000000000666e-02 1.570031244486986277e-01 4.850669667373248330e+02 6.150284289346400328e+02 1.731999999999999886e+02
1.250000000000000000e+02 7.000000000000000666e-02 8.750937621292308177e-02 3.851884948727638402e+02 7.676138016871809668e+02 1.731999999999999886e+02
1.250000000000000000e+02 7.000000000000000666e-02 1.179865274443543111e-01 3.197436588137580884e+02 1.902545729177202247e+02 1.731999999999999886e+02
1.250000000000000000e+02 7.000000000000000666e-02 1.969308639079891676e-01 4.658876608990826753e+02 8.860871324104881808e+01 1.731999999999999886e+02
1.250000000000000000e+02 7.000000000000000666e-02 1.509151465467962472e-01 3.794951294789311760e+02 1.200154086044575052e+02 1.731999999999999886e+02
1.250000000000000000e+02 7.000000000000000666e-02 1.133044841245619411e-01 3.879883039824896969e+02 4.800585858021324839e+02 1.731999999999999886e+02
1.250000000000000000e+02 7.000000000000000666e-02 4.483149409231470400e-02 2.861494891201785435e+02 6.802430723575411093e+02 1.731999999999999886e+02
1.250000000000000000e+02 7.000000000000000666e-02 1.280803977238272606e-01 3.526195148945193978e+02 2.599516986075514069e+02 1.731999999999999886e+02
1.250000000000000000e+02 7.000000000000000666e-02 1.145298817997615626e-01 3.859783199020270104e+02 4.556688163693950173e+02 1.731999999999999886e+02
1.250000000000000000e+02 7.000000000000000666e-02 1.257947968729025146e-01 3.147124110199530946e+02 5.853948882398712072e+01 1.731999999999999886e+02
1.250000000000000000e+02 7.000000000000000666e-02 2.113937267747066917e-01 4.929527466746276900e+02 1.511993330462584595e+02 1.731999999999999886e+02
1.250000000000000000e+02 7.000000000000000666e-02 9.176413438158396996e-02 2.545140563074283762e+02 1.140501672696695579e+02 1.731999999999999886e+02
1.250000000000000000e+02 7.000000000000000666e-02 8.097375989218580372e-02 3.607385371354746439e+02 6.469572134127596428e+02 1.731999999999999886e+02
1.250000000000000000e+02 7.000000000000000666e-02 1.817864793452763361e-01 4.662795855301463348e+02 3.384019297996354680e+02 1.731999999999999886e+02
1.250000000000000000e+02 7.000000000000000666e-02 8.484408919337950439e-02 4.073646392051196017e+02 9.988094976738653941e+02 1.731999999999999886e+02
1.250000000000000000e+02 7.000000000000000666e-02 2.941862106207608282e-02 2.373484076186734910e+02 6.097744692088208467e+02 1.731999999999999886e+02
1.250000000000000000e+02 7.000000000000000666e-02 1.498826778152057559e-01 3.614064704121042269e+02 7.891315209853941326e+01 1.731999999999999886e+02
1.250000000000000000e+02 7.000000000000000666e-02 1.754833412704389362e-01 4.654505198339521144e+02 3.897802246744654440e+02 1.731999999999999886e+02
1.250000000000000000e+02 7.000000000000000666e-02 8.947560366414383792e-02 3.630809492018150308e+02 6.112697240405994989e+02 1.731999999999999886e+02
1.250000000000000000e+02 7.000000000000000666e-02 1.941856015434956229e-01 4.665664040753003405e+02 7.234260501879947469e+01 1.731999999999999886e+02
1.250000000000000000e+02 7.000000000000000666e-02 1.425874970101573547e-01 3.772239817041173637e+02 2.401038591786954441e+02 1.731999999999999886e+02
1.250000000000000000e+02 7.000000000000000666e-02 1.552004213362888352e-01 4.646664636741518848e+02 5.188746900652480463e+02 1.731999999999999886e+02
1.250000000000000000e+02 7.000000000000000666e-02 3.758792806459183150e-02 2.857303117037686206e+02 7.966266736880835424e+02 1.731999999999999886e+02
1.250000000000000000e+02 7.000000000000000666e-02 9.059997414409985683e-02 3.975107668666203153e+02 7.978286140414331840e+02 1.731999999999999886e+02
1.250000000000000000e+02 7.000000000000000666e-02 1.464031728058005632e-01 4.176876186866543321e+02 3.868522117104592439e+02 1.731999999999999886e+02
1.250000000000000000e+02 7.000000000000000666e-02 1.342744167994529836e-01 4.917408911926058863e+02 9.103556184695839875e+02 1.731999999999999886e+02
1.250000000000000000e+02 7.000000000000000666e-02 1.444337953602428115e-01 3.960246604136525548e+02 2.461534875154045210e+02 1.731999999999999886e+02
1.250000000000000000e+02 7.000000000000000666e-02 4.132472392985630377e-02 2.320959517614237768e+02 3.657177024788876452e+02 1.731999999999999886e+02
1.250000000000000000e+02 7.000000000000000666e-02 7.277906452253768421e-02 3.120642538705794209e+02 4.843591319988400414e+02 1.731999999999999886e+02
1.250000000000000000e+02 7.000000000000000666e-02 1.621014159664008747e-01 3.995297911045967680e+02 1.565730740139966883e+02 1.731999999999999886e+02
1.250000000000000000e+02 7.000000000000000666e-02 2.084161797155299201e-01 4.936134184507411646e+02 2.184926313528279422e+02 1.731999999999999886e+02
1.250000000000000000e+02 7.000000000000000666e-02 1.068895811638224669e-01 3.271387538201879011e+02 2.740740320219787236e+02 1.731999999999999886e+02
1.250000000000000000e+02 7.000000000000000666e-02 1.263867589529702462e-01 3.176549816375205069e+02 5.494086160796317131e+01 1.731999999999999886e+02
1.250000000000000000e+02 7.000000000000000666e-02 2.963056898853259555e-02 2.774172273769285653e+02 9.286638231267484116e+02 1.731999999999999886e+02
1.250000000000000000e+02 7.000000000000000666e-02 9.457187419577851861e-02 2.452858689919239339e+02 6.815935506406570710e+01 1.731999999999999886e+02
1.250000000000000000e+02 7.000000000000000666e-02 9.709837564000821375e-02 3.755245536131349695e+02 5.978303620705456751e+02 1.731999999999999886e+02
1.250000000000000000e+02 7.000000000000000666e-02 1.187437934540804402e-01 3.476313220150199186e+02 2.870255709568826887e+02 1.731999999999999886e+02
1.250000000000000000e+02 7.000000000000000666e-02 1.811117786434469912e-01 4.834909590455562238e+02 4.464163821387417102e+02 1.731999999999999886e+02
1.250000000000000000e+02 7.000000000000000666e-02 1.425173326606220536e-01 3.628966457492604150e+02 1.341343190295680472e+02 1.731999999999999886e+02
1.250000000000000000e+02 7.000000000000000666e-02 5.065450537475160026e-02 3.367722212773385309e+02 9.895637552299076560e+02 1.731999999999999886e+02
1.250000000000000000e+02 7.000000000000000666e-02 1.212820237877082763e-01 4.665471282070184316e+02 9.791257726485595185e+02 1.731999999999999886e+02
1.250000000000000000e+02 7.000000000000000666e-02 1.427206182242620747e-01 3.351986833783927295e+02 6.014840919946544773e+01 1.731999999999999886e+02
1.250000000000000000e+02 7.000000000000000666e-02 1.657940250002901406e-01 4.933780418249610875e+02 6.620558644732037692e+02 1.731999999999999886e+02
1.250000000000000000e+02 7.000000000000000666e-02 4.016917244536035575e-02 3.055746012229021176e+02 9.459000782626749242e+02 1.731999999999999886e+02
1.250000000000000000e+02 7.000000000000000666e-02 1.245479750324785390e-01 3.660954772618080710e+02 3.105137531982136352e+02 1.731999999999999886e+02
1.250000000000000000e+02 7.000000000000000666e-02 9.055513721525150495e-02 2.989555493993257187e+02 2.805799021938396436e+02 1.731999999999999886e+02
1.250000000000000000e+02 7.000000000000000666e-02 1.273772434726579139e-01 4.730970475048269464e+02 8.638214015340759033e+02 1.731999999999999886e+02
1.250000000000000000e+02 7.000000000000000666e-02 1.446772042718753315e-01 4.528652070938372276e+02 5.844673936958436116e+02 1.731999999999999886e+02
1.250000000000000000e+02 7.000000000000000666e-02 1.364482204627240070e-01 4.798973799423606579e+02 8.764098178928770722e+02 1.731999999999999886e+02
1.250000000000000000e+02 7.000000000000000666e-02 6.941784364265209117e-02 3.065862443451512718e+02 4.572546694348667415e+02 1.731999999999999886e+02
1.250000000000000000e+02 7.000000000000000666e-02 7.064852264847425178e-02 2.512218058489617079e+02 2.220279694578799194e+02 1.731999999999999886e+02
1.250000000000000000e+02 7.000000000000000666e-02 1.622118473827914298e-01 4.767347380294966115e+02 4.941021160397434642e+02 1.731999999999999886e+02
1.250000000000000000e+02 7.000000000000000666e-02 1.416252886924380394e-01 3.378632456911994950e+02 4.687489866242265180e+01 1.731999999999999886e+02
1.250000000000000000e+02 7.000000000000000666e-02 1.889384693964970829e-01 4.532023710151121350e+02 1.409688768137635293e+02 1.731999999999999886e+02
1.250000000000000000e+02 7.000000000000000666e-02 9.325516728283099466e-02 3.402927809285712328e+02 4.610740974290260965e+02 1.731999999999999886e+02
1.250000000000000000e+02 7.000000000000000666e-02 6.455954491229580483e-02 2.886495809976236728e+02 4.342176743738211826e+02 1.731999999999999886e+02
1.250000000000000000e+02 7.000000000000000666e-02 1.886107902857427077e-01 4.645640429859991514e+02 2.731981874550266411e+02 1.731999999999999886e+02
1.250000000000000000e+02 7.000000000000000666e-02 1.186780515944055453e-01 3.798640730694980903e+02 4.310917174920879233e+02 1.731999999999999886e+02
1.250000000000000000e+02 7.000000000000000666e-02 4.496466660472891314e-02 3.008962913163461508e+02 7.727643861665592340e+02 1.731999999999999886e+02
1.250000000000000000e+02 7.000000000000000666e-02 1.898729685359043518e-01 4.459162258007645505e+02 4.616472824494178440e+01 1.731999999999999886e+02
1.250000000000000000e+02 7.000000000000000666e-02 1.371862801964172929e-01 3.943072033401696217e+02 3.493973848900669168e+02 1.731999999999999886e+02
1.250000000000000000e+02 7.000000000000000666e-02 1.606997263223598205e-01 4.006446061432289980e+02 1.034202851742018510e+02 1.731999999999999886e+02
1.250000000000000000e+02 7.000000000000000666e-02 3.045675539543566193e-02 2.639141302025572600e+02 7.595614086355110430e+02 1.731999999999999886e+02
1.250000000000000000e+02 7.000000000000000666e-02 1.513955296400177342e-01 3.861421843051422229e+02 2.178012974072713348e+02 1.731999999999999886e+02
1.250000000000000000e+02 7.000000000000000666e-02 7.378085239380996474e-02 3.518279549071386327e+02 7.198274515392574813e+02 1.731999999999999886e+02
1.250000000000000000e+02 7.000000000000000666e-02 1.415593613872277723e-01 3.601529698866197577e+02 1.767689849615392461e+02 1.731999999999999886e+02
1.250000000000000000e+02 7.000000000000000666e-02 2.018495938191630645e-01 4.924646607610602587e+02 2.807897749916956514e+02 1.731999999999999886e+02
1.250000000000000000e+02 7.000000000000000666e-02 1.257024259518512155e-01 3.823140987293472790e+02 3.836388573869404013e+02 1.731999999999999886e+02
1.250000000000000000e+02 7.000000000000000666e-02 2.057199094061563094e-01 4.900711181798504299e+02 6.847936715558540755e+01 1.731999999999999886e+02
1.250000000000000000e+02 7.000000000000000666e-02 1.131004455519690616e-01 2.882372593704221799e+02 9.875744889249233438e+01 1.731999999999999886e+02
1.250000000000000000e+02 7.000000000000000666e-02 5.151447067123636481e-02 2.200932073571789260e+02 2.193014441009654831e+02 1.731999999999999886e+02
1.250000000000000000e+02 7.000000000000000666e-02 1.425281249261449723e-01 4.826125909715778448e+02 8.266748127303017100e+02 1.731999999999999886e+02
1.250000000000000000e+02 7.000000000000000666e-02 1.092695990444541021e-01 2.737389979639727926e+02 1.548891368342889763e+01 1.731999999999999886e+02
1.250000000000000000e+02 7.000000000000000666e-02 2.604214872352411669e-02 2.386610986008040527e+02 6.739182174701220447e+02 1.731999999999999886e+02
1.250000000000000000e+02 7.000000000000000666e-02 1.915203485478899348e-01 4.920256865114170068e+02 2.564940036898476592e+02 1.731999999999999886e+02
1.250000000000000000e+02 7.000000000000000666e-02 8.857344131759581352e-02 2.799011002428363781e+02 2.322343725420186900e+02 1.731999999999999886e+02
1.250000000000000000e+02 7.000000000000000666e-02 2.083030942305661437e-01 4.982732990265089938e+02 1.301661899795520867e+02 1.731999999999999886e+02
1.250000000000000000e+02 7.000000000000000666e-02 1.732140967333638260e-01 4.751324839470063921e+02 4.292061268193110095e+02 1.731999999999999886e+02
1.250000000000000000e+02 7.000000000000000666e-02 1.977505735864447667e-01 4.619699348233137357e+02 1.020609603363152331e+02 1.731999999999999886e+02
1.250000000000000000e+02 7.000000000000000666e-02 4.554806411056604859e-02 2.605027046123227592e+02 4.598097183557173366e+02 1.731999999999999886e+02
1.250000000000000000e+02 7.000000000000000666e-02 1.310152691302523265e-01 3.590243536683616981e+02 2.019909254296743200e+02 1.731999999999999886e+02
1.250000000000000000e+02 7.000000000000000666e-02 3.118278561199579885e-02 2.575563209415307711e+02 7.022266542567273291e+02 1.731999999999999886e+02
1.250000000000000000e+02 7.000000000000000666e-02 1.866155422781028139e-01 4.867440753035431271e+02 4.202127687421875635e+02 1.731999999999999886e+02
1.250000000000000000e+02 7.000000000000000666e-02 1.474406210556540309e-01 4.339693338197976118e+02 4.763691186745712116e+02 1.731999999999999886e+02
1.250000000000000000e+02 7.000000000000000666e-02 3.906420326852394487e-02 2.880214236322555053e+02 7.751132849953836512e+02 1.731999999999999886e+02
1.250000000000000000e+02 7.000000000000000666e-02 6.108709079202499781e-02 2.555559550151017447e+02 3.002217334175089150e+02 1.731999999999999886e+02
1.250000000000000000e+02 7.000000000000000666e-02 6.311974663319824819e-02 3.441097006652402115e+02 8.213031051402462026e+02 1.731999999999999886e+02
1.250000000000000000e+02 7.000000000000000666e-02 1.167660408142468936e-01 4.525104333277236037e+02 8.868290885560851393e+02 1.731999999999999886e+02
1.250000000000000000e+02 7.000000000000000666e-02 1.572621011628893006e-01 3.849324233431603943e+02 4.440978650158026397e+01 1.731999999999999886e+02
1.250000000000000000e+02 7.000000000000000666e-02 1.542408707065213436e-01 4.068582815042729521e+02 2.246493701116936563e+02 1.731999999999999886e+02
1.250000000000000000e+02 7.000000000000000666e-02 1.081369253739096759e-01 2.930823189230843013e+02 1.304691124118282914e+02 1.731999999999999886e+02
1.250000000000000000e+02 7.000000000000000666e-02 1.297653491768539502e-01 4.645231812640097928e+02 8.407975772806788655e+02 1.731999999999999886e+02
1.250000000000000000e+02 7.000000000000000666e-02 1.300748260076303731e-01 3.235969205436236962e+02 1.650680335370872243e+01 1.731999999999999886e+02
1.250000000000000000e+02 7.000000000000000666e-02 1.802298306771778491e-01 4.798662515095711569e+02 4.671162423650136475e+02 1.731999999999999886e+02
1.250000000000000000e+02 7.000000000000000666e-02 9.038961578229183502e-02 2.529168920678570203e+02 1.190085342404435949e+02 1.731999999999999886e+02
1.250000000000000000e+02 7.000000000000000666e-02 2.923869374712507671e-02 2.513560599395372037e+02 7.096709166732734957e+02 1.731999999999999886e+02
1.250000000000000000e+02 7.000000000000000666e-02 1.480263926685387310e-01 4.493709390930883956e+02 5.375399766018495029e+02 1.731999999999999886e+02
1.250000000000000000e+02 7.000000000000000666e-02 1.143768381081841090e-01 4.101012307371338466e+02 6.692951850222951862e+02 1.731999999999999886e+02
1.250000000000000000e+02 7.000000000000000666e-02 1.636845561794621762e-01 4.830806878008310719e+02 5.881359463115104518e+02 1.731999999999999886e+02
1.250000000000000000e+02 7.000000000000000666e-02 1.813050506575532017e-01 4.703995304765738297e+02 2.803100973321726883e+02 1.731999999999999886e+02
1.250000000000000000e+02 7.000000000000000666e-02 2.055551628031317968e-01 4.845846409862237465e+02 2.081624956398275970e+02 1.731999999999999886e+02
1.250000000000000000e+02 7.000000000000000666e-02 1.974182186683081930e-01 4.836362580988701438e+02 2.816233335856504709e+02 1.731999999999999886e+02
1.250000000000000000e+02 7.000000000000000666e-02 7.949952245809317752e-02 2.448184269303272345e+02 1.562058642264902346e+02 1.731999999999999886e+02
1.250000000000000000e+02 7.000000000000000666e-02 1.176731772622511552e-01 3.300930269896089158e+02 2.406971067428082733e+02 1.731999999999999886e+02
1.250000000000000000e+02 7.000000000000000666e-02 1.364586587247510752e-01 3.462745373490706697e+02 1.282292815975052633e+02 1.731999999999999886e+02
1.250000000000000000e+02 7.000000000000000666e-02 4.857839912071141436e-02 2.651242809137589234e+02 4.729045150387493095e+02 1.731999999999999886e+02
1.250000000000000000e+02 7.000000000000000666e-02 1.891223694124957999e-01 4.672817287638778794e+02 1.390103677516761422e+02 1.731999999999999886e+02
1.250000000000000000e+02 7.000000000000000666e-02 1.787818061362883015e-01 4.667695597411326958e+02 3.570626357687519317e+02 1.731999999999999886e+02
1.250000000000000000e+02 7.000000000000000666e-02 1.702495829232805458e-01 4.997253140298017229e+02 5.662259021006361763e+02 1.731999999999999886e+02
1.250000000000000000e+02 7.000000000000000666e-02 1.484948985268421950e-01 4.211239683508464964e+02 3.330977055343422535e+02 1.731999999999999886e+02
1.250000000000000000e+02 7.000000000000000666e-02 1.293320843429407729e-01 3.559380668399308547e+02 2.216504550491865189e+02 1.731999999999999886e+02
1.250000000000000000e+02 7.000000000000000666e-02 1.490481300197225578e-01 3.733622152227445667e+02 1.454453393837961528e+02 1.731999999999999886e+02
1.250000000000000000e+02 7.000000000000000666e-02 1.004401275705053137e-01 4.057366880027703928e+02 7.835189973126864516e+02 1.731999999999999886e+02
1.250000000000000000e+02 7.000000000000000666e-02 9.154422642886235473e-02 3.465099909142717820e+02 5.092126075365709426e+02 1.731999999999999886e+02
1.250000000000000000e+02 7.000000000000000666e-02 1.664244654301740844e-01 4.554158950573051925e+02 3.977413405162968161e+02 1.731999999999999886e+02
1.250000000000000000e+02 7.000000000000000666e-02 9.961287795383602650e-02 3.233740650792460087e+02 2.906328737450933772e+02 1.731999999999999886e+02
1.250000000000000000e+02 7.000000000000000666e-02 1.129835744493971617e-01 3.982450201142151514e+02 5.841146434470871327e+02 1.731999999999999886e+02
1.250000000000000000e+02 7.000000000000000666e-02 1.351387942086776373e-01 4.084464323331703781e+02 4.138456690041068669e+02 1.731999999999999886e+02
1.250000000000000000e+02 7.000000000000000666e-02 1.806822447004974574e-01 4.813249965381559718e+02 3.797883554477925827e+02 1.731999999999999886e+02
1.250000000000000000e+02 7.000000000000000666e-02 1.568924751188780498e-01 4.136248233189035091e+02 2.176186640815403166e+02 1.731999999999999886e+02
1.250000000000000000e+02 7.000000000000000666e-02 1.937452528699996068e-01 4.543537752736393713e+02 1.557153519266744865e+02 1.731999999999999886e+02
1.250000000000000000e+02 7.000000000000000666e-02 1.345635617693300423e-01 3.325905216427345863e+02 3.685277594864251682e+01 1.731999999999999886e+02
1.250000000000000000e+02 7.000000000000000666e-02 1.133793308302709080e-01 2.889253984697967894e+02 1.208620105212844607e+02 1.731999999999999886e+02
1.250000000000000000e+02 7.000000000000000666e-02 1.457858143002890294e-01 3.497212458358251297e+02 5.915908870983323453e+01 1.731999999999999886e+02
1.250000000000000000e+02 7.000000000000000666e-02 6.867438509719023254e-02 2.799127415931667429e+02 3.450042115355377064e+02 1.731999999999999886e+02
1.250000000000000000e+02 7.000000000000000666e-02 1.891582611018110816e-01 4.627801619289200517e+02 1.717019894021103710e+02 1.731999999999999886e+02
1.250000000000000000e+02 7.000000000000000666e-02 2.061516316286067796e-01 4.731158129982222249e+02 3.113941421716343427e+01 1.731999999999999886e+02
1.250000000000000000e+02 7.000000000000000666e-02 1.688546176318343472e-01 4.268440925648970961e+02 1.991659888906796141e+02 1.731999999999999886e+02
1.250000000000000000e+02 7.000000000000000666e-02 1.443099454136504145e-01 3.979769866211329372e+02 3.411681829636873431e+02 1.731999999999999886e+02
1.250000000000000000e+02 7.000000000000000666e-02 8.514442566169290461e-02 3.561407069904932428e+02 6.164053751468026121e+02 1.731999999999999886e+02
1.250000000000000000e+02 7.000000000000000666e-02 8.360504108129340750e-02 2.244261234343135811e+02 9.291202399912950227e+01 1.731999999999999886e+02
1.250000000000000000e+02 7.000000000000000666e-02 7.182365887785513436e-02 3.679471325498292344e+02 8.720275328279593623e+02 1.731999999999999886e+02
1.250000000000000000e+02 7.000000000000000666e-02 8.720869270805794993e-02 2.118749783250330267e+02 2.071485624854425112e+01 1.731999999999999886e+02
1.250000000000000000e+02 7.000000000000000666e-02 3.006717400400599552e-02 2.489715683590534923e+02 6.927932311080014642e+02 1.731999999999999886e+02
1.250000000000000000e+02 7.000000000000000666e-02 9.087579116948463209e-02 4.151619377895134448e+02 9.094151843474232919e+02 1.731999999999999886e+02
1.250000000000000000e+02 7.000000000000000666e-02 1.981156749257194649e-01 4.632122858760483837e+02 1.278600457227241662e+02 1.731999999999999886e+02
1.250000000000000000e+02 7.000000000000000666e-02 1.885552083843966553e-01 4.595516220536381411e+02 2.837777682666780876e+01 1.731999999999999886e+02
1.250000000000000000e+02 7.000000000000000666e-02 9.246225507911057240e-02 3.793800448648332804e+02 6.879186676468161750e+02 1.731999999999999886e+02
1.250000000000000000e+02 7.000000000000000666e-02 1.033646257721093364e-01 2.716948117327313525e+02 1.025253949675006737e+02 1.731999999999999886e+02
1.250000000000000000e+02 7.000000000000000666e-02 1.352142496351680517e-02 2.045959268679694105e+02 8.482407045226084392e+02 1.731999999999999886e+02
1.250000000000000000e+02 7.000000000000000666e-02 1.195083933814689026e-01 4.365961045267175678e+02 7.117222688177859027e+02 1.731999999999999886e+02
1.250000000000000000e+02 7.000000000000000666e-02 1.032607753631757108e-01 3.624171194632199331e+02 4.597152623450172655e+02 1.731999999999999886e+02
1.250000000000000000e+02 7.000000000000000666e-02 1.985294288139517749e-01 4.619555660550250309e+02 6.408761308611289564e+01 1.731999999999999886e+02
1.250000000000000000e+02 7.000000000000000666e-02 1.421232696819178243e-01 4.027057495595256569e+02 3.221023249080587334e+02 1.731999999999999886e+02
1.250000000000000000e+02 7.000000000000000666e-02 1.358856626685108204e-01 4.326312707027839224e+02 5.959597024717824070e+02 1.731999999999999886e+02
1.250000000000000000e+02 7.000000000000000666e-02 1.793395384181872831e-01 4.589356713612319254e+02 2.352949762297399161e+02 1.731999999999999886e+02
1.250000000000000000e+02 7.000000000000000666e-02 1.761850419005109303e-01 4.685955288996765944e+02 3.835076854139223883e+02 1.731999999999999886e+02
1.250000000000000000e+02 7.000000000000000666e-02 6.735256156104317549e-02 3.586253395928414420e+02 8.347765214085007983e+02 1.731999999999999886e+02
1.250000000000000000e+02 7.000000000000000666e-02 1.465380095429590912e-01 3.582046550876680158e+02 1.162779352167692224e+02 1.731999999999999886e+02
1.250000000000000000e+02 7.000000000000000666e-02 1.475626992352025157e-01 4.134223145345196144e+02 3.155157909983562377e+02 1.731999999999999886e+02
1.250000000000000000e+02 7.000000000000000666e-02 1.068892719995448715e-01 3.147636017107935800e+02 2.279000226320737852e+02 1.731999999999999886e+02
1.250000000000000000e+02 7.000000000000000666e-02 1.850660330265788411e-01 4.950900225384104374e+02 4.068377803516752920e+02 1.731999999999999886e+02
1.250000000000000000e+02 7.000000000000000666e-02 2.916803353596124013e-02 2.385616567979794240e+02 6.238530861576083453e+02 1.731999999999999886e+02
1.250000000000000000e+02 7.000000000000000666e-02 8.622401672368447401e-02 2.435982012433520651e+02 1.257025650591965018e+02 1.731999999999999886e+02
1.250000000000000000e+02 7.000000000000000666e-02 3.863691143440643738e-02 2.173273498817834195e+02 3.296786998219629936e+02 1.731999999999999886e+02
1.250000000000000000e+02 7.000000000000000666e-02 1.432895354060992055e-01 4.356254788480021034e+02 5.239232428119756833e+02 1.731999999999999886e+02
1.250000000000000000e+02 7.000000000000000666e-02 1.125383016980083251e-01 4.472990429060089355e+02 8.529949884207429704e+02 1.731999999999999886e+02
1.250000000000000000e+02 7.000000000000000666e-02 8.392552827156986306e-02 3.759097255913563345e+02 7.184345651317696593e+02 1.731999999999999886e+02
1.250000000000000000e+02 7.000000000000000666e-02 1.180449013799619723e-01 4.423042746925621032e+02 8.456311901826959456e+02 1.731999999999999886e+02
1.250000000000000000e+02 7.000000000000000666e-02 1.913517053989687577e-01 4.897945274100552524e+02 3.990277199006714568e+02 1.731999999999999886e+02
1.250000000000000000e+02 7.000000000000000666e-02 3.589102533321020250e-02 2.565129600094761031e+02 6.077866353834763231e+02 1.731999999999999886e+02
1.250000000000000000e+02 7.000000000000000666e-02 1.325892285568139872e-01 3.277004329885492098e+02 1.260244601503058988e+02 1.731999999999999886e+02
1.250000000000000000e+02 7.000000000000000666e-02 1.159580609452487282e-01 3.739313904024600106e+02 4.044034726212286728e+02 1.731999999999999886e+02
1.250000000000000000e+02 7.000000000000000666e-02 1.426569814267135694e-01 3.960562049207325117e+02 2.977227099900422331e+02 1.731999999999999886e+02
1.250000000000000000e+02 7.000000000000000666e-02 6.061441352093838164e-02 2.773639539288735705e+02 4.017407732152363451e+02 1.731999999999999886e+02
1.250000000000000000e+02 7.000000000000000666e-02 1.708350972197615336e-01 4.401182553916045777e+02 3.418211513420794176e+02 1.731999999999999886e+02
1.250000000000000000e+02 7.000000000000000666e-02 1.354643146055881375e-01 3.501578260866650680e+02 1.479829387389033855e+02 1.731999999999999886e+02
1.250000000000000000e+02 7.000000000000000666e-02 2.227994604769847897e-02 2.108238099978026128e+02 5.242836139249733378e+02 1.731999999999999886e+02
1.250000000000000000e+02 7.000000000000000666e-02 1.932991393363803767e-01 4.949680259284746739e+02 4.263569623948117737e+02 1.731999999999999886e+02
1.250000000000000000e+02 7.000000000000000666e-02 1.668346651868737873e-01 4.016049529945209997e+02 3.850716760397330063e+01 1.731999999999999886e+02
1.250000000000000000e+02 7.000000000000000666e-02 7.184235856518900176e-02 2.517667795627066312e+02 2.264191648516535906e+02 1.731999999999999886e+02
1.250000000000000000e+02 7.000000000000000666e-02 2.300921358053834367e-02 2.021563822231003655e+02 4.692686558846055505e+02 1.731999999999999886e+02
1.250000000000000000e+02 7.000000000000000666e-02 1.475590461306009182e-01 3.544911048043155688e+02 1.238381941730601881e+02 1.731999999999999886e+02
1.250000000000000000e+02 7.000000000000000666e-02 1.261486980454244455e-01 4.565427469018088686e+02 8.477381917367534925e+02 1.731999999999999886e+02
1.250000000000000000e+02 7.000000000000000666e-02 1.770901124179896369e-01 4.831716219389656999e+02 4.824593380440823580e+02 1.731999999999999886e+02
1.250000000000000000e+02 7.000000000000000666e-02 2.789421498609262473e-02 2.557527733907625134e+02 7.958657674497790140e+02 1.731999999999999886e+02
1.250000000000000000e+02 7.000000000000000666e-02 8.277550578518516611e-02 2.816925978981685148e+02 2.539167486244926977e+02 1.731999999999999886e+02
1.250000000000000000e+02 7.000000000000000666e-02 1.844423826039612857e-01 4.838161656805622783e+02 4.189169317183375938e+02 1.731999999999999886e+02
1.250000000000000000e+02 7.000000000000000666e-02 1.710402722524799191e-01 4.265260098500432946e+02 1.318354725297213008e+02 1.731999999999999886e+02
1.250000000000000000e+02 7.000000000000000666e-02 1.528650469007866441e-01 4.276091008173879118e+02 3.762504506275199674e+02 1.731999999999999886e+02
1.250000000000000000e+02 7.000000000000000666e-02 1.944427357517693189e-01 4.831628741068022919e+02 2.018707239242720277e+02 1.731999999999999886e+02
1.250000000000000000e+02 7.000000000000000666e-02 1.250555644856259085e-01 4.091193453529650697e+02 5.266432835071017280e+02 1.731999999999999886e+02
1.250000000000000000e+02 7.000000000000000666e-02 1.655799073349990824e-01 4.282982082028470359e+02 2.160725023020134188e+02 1.731999999999999886e+02
1.250000000000000000e+02 7.000000000000000666e-02 1.618413371280614244e-01 4.437326068901070357e+02 3.386605471750384595e+02 1.731999999999999886e+02
1.250000000000000000e+02 7.000000000000000666e-02 1.433672624299446863e-01 3.785360646418051260e+02 2.561318152112787629e+02 1.731999999999999886e+02
1.250000000000000000e+02 7.000000000000000666e-02 1.111439923304157196e-01 2.859803634025997212e+02 5.939896891912353993e+01 1.731999999999999886e+02
1.250000000000000000e+02 7.000000000000000666e-02 9.144382841792314531e-02 3.954909505054404235e+02 8.193976983250281592e+02 1.731999999999999886e+02
1.250000000000000000e+02 7.000000000000000666e-02 1.601594565755636024e-01 3.952728995434449644e+02 2.835307146364586117e+01 1.731999999999999886e+02
1.250000000000000000e+02 7.000000000000000666e-02 8.105365604278770564e-02 3.664359954036575573e+02 7.152550674961051982e+02 1.731999999999999886e+02
1.250000000000000000e+02 7.000000000000000666e-02 9.604417941092144306e-02 2.583591937964009162e+02 1.010120132393938661e+02 1.731999999999999886e+02
1.250000000000000000e+02 7.000000000000000666e-02 1.491128001854918894e-01 4.876414978648498391e+02 8.030465366694672866e+02 1.731999999999999886e+02
1.250000000000000000e+02 7.000000000000000666e-02 1.656173770705384185e-01 4.678821420236959057e+02 4.476921987654152417e+02 1.731999999999999886e+02
1.250000000000000000e+02 7.000000000000000666e-02 8.314660338580331933e-02 2.855405095074380597e+02 2.829071720025100944e+02 1.731999999999999886e+02
1.250000000000000000e+02 7.000000000000000666e-02 1.190610829309162039e-01 3.739661756413790954e+02 3.831808705661618433e+02 1.731999999999999886e+02
1.250000000000000000e+02 7.000000000000000666e-02 1.115095534737010757e-01 4.429454456903121695e+02 8.528260083632479791e+02 1.731999999999999886e+02
1.250000000000000000e+02 7.000000000000000666e-02 1.807836191654944302e-01 4.560802915059303473e+02 2.741261836848490816e+02 1.731999999999999886e+02
1.250000000000000000e+02 7.000000000000000666e-02 1.787270156994609505e-01 4.388599480277139264e+02 1.022528683028621970e+02 1.731999999999999886e+02
1.250000000000000000e+02 7.000000000000000666e-02 1.404590505478443829e-01 4.560544872845703708e+02 5.934273240834249918e+02 1.731999999999999886e+02
1.250000000000000000e+02 7.000000000000000666e-02 1.977982838690007794e-01 4.667794867159376508e+02 2.424721841100050312e+01 1.731999999999999886e+02
1.250000000000000000e+02 7.000000000000000666e-02 1.989258100997764733e-01 4.694222842807417351e+02 6.342312848391834024e+01 1.731999999999999886e+02
1.250000000000000000e+02 7.000000000000000666e-02 1.291709921931133154e-01 4.821273107395306852e+02 9.309432631230171182e+02 1.731999999999999886e+02
1.250000000000000000e+02 7.000000000000000666e-02 1.214715962229776097e-01 3.756385634673952723e+02 3.548915693369432915e+02 1.731999999999999886e+02
1.250000000000000000e+02 7.000000000000000666e-02 1.951208307286534660e-01 4.617376814721632741e+02 6.256921580099760405e+01 1.731999999999999886e+02
1.250000000000000000e+02 7.000000000000000666e-02 9.316227227708269443e-02 2.693600970726650985e+02 1.623246744826193151e+02 1.731999999999999886e+02
1.250000000000000000e+02 7.000000000000000666e-02 1.627914182198134663e-01 4.652762976933187815e+02 4.543095598534558235e+02 1.731999999999999886e+02
1.250000000000000000e+02 7.000000000000000666e-02 1.808884002910967903e-01 4.277837339225339974e+02 2.133611166844247720e+01 1.731999999999999886e+02
1.250000000000000000e+02 7.000000000000000666e-02 9.408614196463620238e-02 4.008978247025969495e+02 8.078007760779885302e+02 1.731999999999999886e+02
1.250000000000000000e+02 7.000000000000000666e-02 1.228314233070571249e-01 4.602876237969435351e+02 8.621849622478918036e+02 1.731999999999999886e+02
1.250000000000000000e+02 7.000000000000000666e-02 2.994396634193378925e-02 2.332125681551692935e+02 5.560066403608304881e+02 1.731999999999999886e+02
1.250000000000000000e+02 7.000000000000000666e-02 1.816952199363209286e-01 4.854863156089317044e+02 3.545564505780913009e+02 1.731999999999999886e+02
1.250000000000000000e+02 7.000000000000000666e-02 1.703488370704453747e-01 4.801084145903748777e+02 4.330867469189373082e+02 1.731999999999999886e+02
1.250000000000000000e+02 7.000000000000000666e-02 1.944811977187642094e-01 4.921763586106646926e+02 2.894578629508982317e+02 1.731999999999999886e+02
1.250000000000000000e+02 7.000000000000000666e-02 8.565702076712589097e-02 4.007277272720499468e+02 8.887121740177468610e+02 1.731999999999999886e+02
1.250000000000000000e+02 7.000000000000000666e-02 1.695636478957619209e-01 4.102889219890162167e+02 1.827616171025000540e+02 1.731999999999999886e+02
1.250000000000000000e+02 7.000000000000000666e-02 2.049159893889977435e-01 4.844891469387708867e+02 8.394934159571491250e+01 1.731999999999999886e+02
1.250000000000000000e+02 7.000000000000000666e-02 1.131944219275407421e-01 2.810141429630040193e+02 4.172403993328438787e+01 1.731999999999999886e+02
1.250000000000000000e+02 7.000000000000000666e-02 1.120739206069507748e-01 3.822003112721368439e+02 4.583310539789506493e+02 1.731999999999999886e+02
1.250000000000000000e+02 7.000000000000000666e-02 1.547337330077624973e-01 4.360539024285342293e+02 4.241684425673450392e+02 1.731999999999999886e+02
1.250000000000000000e+02 7.000000000000000666e-02 8.376119807744011880e-02 3.422226395173346418e+02 5.662751981196049655e+02 1.731999999999999886e+02
1.250000000000000000e+02 7.000000000000000666e-02 2.129372449648616467e-02 2.258889966674089465e+02 7.396907220746467146e+02 1.731999999999999886e+02
1.250000000000000000e+02 7.000000000000000666e-02 1.228753642495940546e-01 3.111822513979764153e+02 1.343784789625410667e+02 1.731999999999999886e+02
1.250000000000000000e+02 7.000000000000000666e-02 1.440098057697187517e-01 4.941312211300382273e+02 8.996000767087853092e+02 1.731999999999999886e+02
1.250000000000000000e+02 7.000000000000000666e-02 1.370806399234440753e-01 3.337563331246677194e+02 5.317220548398807978e+01 1.731999999999999886e+02
1.250000000000000000e+02 7.000000000000000666e-02 1.537146482599499875e-01 3.973121443927468590e+02 2.549971797488104244e+02 1.731999999999999886e+02
1.250000000000000000e+02 7.000000000000000666e-02 1.764012026049160964e-01 4.947328419908408250e+02 5.863756296885322854e+02 1.731999999999999886e+02
1.250000000000000000e+02 7.000000000000000666e-02 1.475557017610311661e-01 4.509256347265528575e+02 5.750357803802415901e+02 1.731999999999999886e+02
1.250000000000000000e+02 7.000000000000000666e-02 2.723702865620365385e-02 2.572019859999318214e+02 8.363347691193555420e+02 1.731999999999999886e+02
1.250000000000000000e+02 7.000000000000000666e-02 1.280873222459197880e-01 3.497841890885643465e+02 1.798507346369936215e+02 1.731999999999999886e+02
1.250000000000000000e+02 7.000000000000000666e-02 3.210254429163745399e-02 2.071249393765941988e+02 3.396188292845032493e+02 1.731999999999999886e+02
1.250000000000000000e+02 7.000000000000000666e-02 1.626272303111068462e-01 3.933244655181860026e+02 8.164950814798612555e+01 1.731999999999999886e+02
1.250000000000000000e+02 7.000000000000000666e-02 4.315204222151833996e-02 2.482611382930375044e+02 4.175179648832536259e+02 1.731999999999999886e+02
1.250000000000000000e+02 7.000000000000000666e-02 6.558874755499700948e-02 3.603857440565462866e+02 9.218830356856540220e+02 1.731999999999999886e+02
1.250000000000000000e+02 7.000000000000000666e-02 1.140796439844285470e-01 2.946949319917594039e+02 1.038386726393124633e+02 1.731999999999999886e+02
1.250000000000000000e+02 7.000000000000000666e-02 1.437143130524677626e-01 3.971375656458576486e+02 3.007672112511969544e+02 1.731999999999999886e+02
1.250000000000000000e+02 7.000000000000000666e-02 1.787416031584915521e-01 4.823557816980153348e+02 3.791070937620604582e+02 1.731999999999999886e+02
1.250000000000000000e+02 7.000000000000000666e-02 1.722786186942622255e-01 4.381569589019246678e+02 2.668448099793509982e+02 1.731999999999999886e+02
1.250000000000000000e+02 7.000000000000000666e-02 1.467842275004713204e-01 4.400367779625033791e+02 4.834424362762420060e+02 1.731999999999999886e+02
1.250000000000000000e+02 7.000000000000000666e-02 6.108200939126490897e-02 3.126766285769169258e+02 6.400125414057671378e+02 1.731999999999999886e+02
1.250000000000000000e+02 7.000000000000000666e-02 5.717875941984802007e-02 2.902168657019344096e+02 4.989967392451065393e+02 1.731999999999999886e+02
1.250000000000000000e+02 7.000000000000000666e-02 1.042200196390718897e-01 3.014658136118162588e+02 2.069817259004196046e+02 1.731999999999999886e+02
1.250000000000000000e+02 7.000000000000000666e-02 1.255415681611138923e-01 4.457079255751258415e+02 7.775535801907080895e+02 1.731999999999999886e+02
1.250000000000000000e+02 7.000000000000000666e-02 1.353524651177601679e-01 3.361164346020370886e+02 4.981928888997624227e+01 1.731999999999999886e+02
1.250000000000000000e+02 7.000000000000000666e-02 1.823338973314134748e-01 4.623917283038933306e+02 2.265288143788169180e+02 1.731999999999999886e+02
1.250000000000000000e+02 7.000000000000000666e-02 1.496813748044808490e-01 4.711695097347532055e+02 6.837467299812767578e+02 1.731999999999999886e+02
1.250000000000000000e+02 7.000000000000000666e-02 4.468868596469139504e-02 2.720541580644628539e+02 5.787700125739972918e+02 1.731999999999999886e+02
1.250000000000000000e+02 7.000000000000000666e-02 4.014982982410385953e-02 2.415817372271970953e+02 4.385391121564121022e+02 1.731999999999999886e+02
1.250000000000000000e+02 7.000000000000000666e-02 1.893483305663683780e-01 4.606272790857795485e+02 2.173474471695022032e+02 1.731999999999999886e+02
1.250000000000000000e+02 7.000000000000000666e-02 3.577743524451876267e-02 2.404248685467409246e+02 4.936796960500862497e+02 1.731999999999999886e+02
1.250000000000000000e+02 7.000000000000000666e-02 4.226182895319949978e-02 2.823251144601260307e+02 6.503068157481213802e+02 1.731999999999999886e+02
1.250000000000000000e+02 7.000000000000000666e-02 3.488630343727489730e-02 2.264776609346739917e+02 4.197955643323445543e+02 1.731999999999999886e+02
1.250000000000000000e+02 7.000000000000000666e-02 1.635782945461346505e-01 3.992563326494841931e+02 7.581623470880532523e+01 1.731999999999999886e+02
1.250000000000000000e+02 7.000000000000000666e-02 4.749177183438658967e-02 3.309887432787501211e+02 9.535169249963131506e+02 1.731999999999999886e+02
1.250000000000000000e+02 7.000000000000000666e-02 1.233342170720992947e-01 3.633233390079451510e+02 3.005178415929278231e+02 1.731999999999999886e+02
1.250000000000000000e+02 7.000000000000000666e-02 1.414588137118534261e-01 4.223323746953386717e+02 4.572853078919020504e+02 1.731999999999999886e+02
1.250000000000000000e+02 7.000000000000000666e-02 2.390599418407957089e-02 2.515518722673412526e+02 9.136246658634885307e+02 1.731999999999999886e+02
1.250000000000000000e+02 7.000000000000000666e-02 1.435777579818607319e-01 4.910425001701795509e+02 7.966708291757238385e+02 1.731999999999999886e+02
1.250000000000000000e+02 7.000000000000000666e-02 1.755827622482799555e-01 4.414772517580155977e+02 2.423160591182815438e+02 1.731999999999999886e+02
1.250000000000000000e+02 7.000000000000000666e-02 1.129254662003498916e-01 3.412243072535909505e+02 3.256754336114489661e+02 1.731999999999999886e+02
1.250000000000000000e+02 7.000000000000000666e-02 8.840111405045077142e-02 3.046306133962855256e+02 3.060365144222368485e+02 1.731999999999999886e+02
1.250000000000000000e+02 7.000000000000000666e-02 1.066994737533980692e-01 3.837465660119319182e+02 5.430961940888931849e+02 1.731999999999999886e+02
1.250000000000000000e+02 7.000000000000000666e-02 6.808086901037888050e-02 2.681331099650445822e+02 3.006693063208774106e+02 1.731999999999999886e+02
1.250000000000000000e+02 7.000000000000000666e-02 1.001426336449093568e-01 3.685249274393630685e+02 5.302762308693417026e+02 1.731999999999999886e+02
1.250000000000000000e+02 7.000000000000000666e-02 1.084059677300678315e-01 4.193693374897043213e+02 7.075255731413622016e+02 1.731999999999999886e+02
1.250000000000000000e+02 7.000000000000000666e-02 1.945031700639697769e-01 4.627717085495577862e+02 1.537661853582508229e+02 1.731999999999999886e+02
1.250000000000000000e+02 7.000000000000000666e-02 1.093052220803498592e-01 2.824040496849173110e+02 1.040586559942148597e+02 1.731999999999999886e+02
1.250000000000000000e+02 7.000000000000000666e-02 1.203765233872132745e-01 3.689393145746566915e+02 3.504236404942441823e+02 1.731999999999999886e+02
1.250000000000000000e+02 7.000000000000000666e-02 1.530527877386493596e-01 3.992456692488174781e+02 1.910289316526624930e+02 1.731999999999999886e+02
1.250000000000000000e+02 7.000000000000000666e-02 1.069794372077953470e-01 2.791010643063839893e+02 7.576118570263331264e+01 1.731999999999999886e+02
1.250000000000000000e+02 7.000000000000000666e-02 1.496841227342328440e-01 3.486765535074241598e+02 5.235677288162626297e+01 1.731999999999999886e+02
1.250000000000000000e+02 7.000000000000000666e-02 8.992612753560703942e-02 3.420389266173473288e+02 4.884356066547885007e+02 1.731999999999999886e+02
1.250000000000000000e+02 7.000000000000000666e-02 1.414244356942326031e-01 4.195979914212034600e+02 4.702703497389912854e+02 1.731999999999999886e+02
1.250000000000000000e+02 7.000000000000000666e-02 5.863938678666567178e-02 2.832642364986294297e+02 4.333556329659575113e+02 1.731999999999999886e+02
1.250000000000000000e+02 7.000000000000000666e-02 1.511703061174029250e-01 3.752696435536230979e+02 1.732217765115214263e+02 1.731999999999999886e+02
1.250000000000000000e+02 7.000000000000000666e-02 1.527304397386271828e-01 4.474301562282398663e+02 4.503808188708952116e+02 1.731999999999999886e+02
1.250000000000000000e+02 7.000000000000000666e-02 8.641960474316418006e-02 3.780311714761309645e+02 6.914546723582398045e+02 1.731999999999999886e+02
1.250000000000000000e+02 7.000000000000000666e-02 1.244900608789371449e-01 3.534890838281917240e+02 2.272467196321656502e+02 1.731999999999999886e+02
1.250000000000000000e+02 7.000000000000000666e-02 1.478537706162080245e-01 4.960514918489106435e+02 8.625043438385874879e+02 1.731999999999999886e+02
1.250000000000000000e+02 7.000000000000000666e-02 1.277573976988006232e-01 4.024239285762412237e+02 4.244050290679669502e+02 1.731999999999999886e+02
1.250000000000000000e+02 7.000000000000000666e-02 1.876431142161048837e-01 4.967234476298639265e+02 4.204654910685475784e+02 1.731999999999999886e+02
1.250000000000000000e+02 7.000000000000000666e-02 1.836310583110289385e-01 4.907099018339060876e+02 4.775345025787870554e+02 1.731999999999999886e+02
1.250000000000000000e+02 7.000000000000000666e-02 1.145330169806976078e-01 4.489329676233024884e+02 9.277338529841362060e+02 1.731999999999999886e+02
1.250000000000000000e+02 7.000000000000000666e-02 7.191790433632459789e-02 3.339555928377748160e+02 5.775315048049233155e+02 1.731999999999999886e+02
1.250000000000000000e+02 7.000000000000000666e-02 1.503102796557877763e-01 4.615121626044805794e+02 6.193519519585777289e+02 1.731999999999999886e+02
1.250000000000000000e+02 7.000000000000000666e-02 1.913353299318212297e-01 4.644000603854031510e+02 9.269805598857227835e+01 1.731999999999999886e+02
1.250000000000000000e+02 7.000000000000000666e-02 1.629403821111535811e-01 4.654590260202825220e+02 4.268934114083374425e+02 1.731999999999999886e+02
1.250000000000000000e+02 7.000000000000000666e-02 1.009322982135484881e-01 4.268556491624793807e+02 8.865693126709671787e+02 1.731999999999999886e+02
1.250000000000000000e+02 7.000000000000000666e-02 1.490964135437997662e-01 3.602798848106036758e+02 4.785072000853296004e+01 1.731999999999999886e+02
1.250000000000000000e+02 7.000000000000000666e-02 3.467432561578302069e-02 2.410028943139631394e+02 4.906436178266922639e+02 1.731999999999999886e+02
1.250000000000000000e+02 7.000000000000000666e-02 1.617822058568923194e-01 3.887908991514254922e+02 1.296384536613887235e+02 1.731999999999999886e+02
1.250000000000000000e+02 7.000000000000000666e-02 1.475405309901932638e-01 4.861025745329633310e+02 7.180137456453048799e+02 1.731999999999999886e+02
1.250000000000000000e+02 7.000000000000000666e-02 2.055486673086238114e-01 4.820843221053301022e+02 1.608631058400916629e+02 1.731999999999999886e+02
1.250000000000000000e+02 7.000000000000000666e-02 1.152310345914743656e-01 3.440748271010804729e+02 2.591526074863791678e+02 1.731999999999999886e+02
1.250000000000000000e+02 7.000000000000000666e-02 8.903633013618199310e-02 3.809117684115286693e+02 6.931169997072757951e+02 1.731999999999999886e+02
1.250000000000000000e+02 7.000000000000000666e-02 8.800650705889426217e-02 2.583012736717520852e+02 1.305794570344210115e+02 1.731999999999999886e+02
1.250000000000000000e+02 7.000000000000000666e-02 1.317496072079977210e-01 4.141495626413017135e+02 4.773362535959204251e+02 1.731999999999999886e+02
1.250000000000000000e+02 7.000000000000000666e-02 1.976096534368495250e-01 4.725144293437568876e+02 7.698289664767071372e+01 1.731999999999999886e+02
1.250000000000000000e+02 7.000000000000000666e-02 1.817608876361380965e-01 4.828292220822060585e+02 4.101746422936295176e+02 1.731999999999999886e+02
1.250000000000000000e+02 7.000000000000000666e-02 4.757496765337309447e-02 2.564575334789615226e+02 4.148657008470487995e+02 1.731999999999999886e+02
1.250000000000000000e+02 7.000000000000000666e-02 1.624113166853368984e-01 3.876163129764391897e+02 2.179742597952778027e+01 1.731999999999999886e+02
1.250000000000000000e+02 7.000000000000000666e-02 1.243586773655220856e-01 4.702011857684539677e+02 9.688726613075514251e+02 1.731999999999999886e+02
1.250000000000000000e+02 7.000000000000000666e-02 1.067733752636460809e-01 4.111409585827235560e+02 7.593836066445572897e+02 1.731999999999999886e+02
1.250000000000000000e+02 7.000000000000000666e-02 1.245285914064680616e-01 3.161922440880481417e+02 9.518756317962791513e+01 1.731999999999999886e+02
1.250000000000000000e+02 7.000000000000000666e-02 6.416905809418199658e-02 2.410882505821401764e+02 2.209275145972478924e+02 1.731999999999999886e+02
1.250000000000000000e+02 7.000000000000000666e-02 1.457680203365703808e-01 4.234844904066811750e+02 4.621709712507073391e+02 1.731999999999999886e+02
1.250000000000000000e+02 7.000000000000000666e-02 2.448766895227519683e-02 2.609592249939908584e+02 9.793742654361337827e+02 1.731999999999999886e+02
1.250000000000000000e+02 7.000000000000000666e-02 1.062510012678843097e-01 2.688983408926363268e+02 1.466651514704813053e+01 1.731999999999999886e+02
1.250000000000000000e+02 7.000000000000000666e-02 1.470465464714668102e-01 3.969869729682205843e+02 2.218763572971916176e+02 1.731999999999999886e+02
1.250000000000000000e+02 7.000000000000000666e-02 1.147130549903594560e-01 3.234155584139277266e+02 1.774963048382230397e+02 1.731999999999999886e+02
1.250000000000000000e+02 7.000000000000000666e-02 1.306702216477717560e-01 3.324203711611401104e+02 1.673943668060519485e+02 1.731999999999999886e+02
1.250000000000000000e+02 7.000000000000000666e-02 1.237075946703564966e-01 4.168430106471013801e+02 5.657560528924902883e+02 1.731999999999999886e+02
1.250000000000000000e+02 7.000000000000000666e-02 8.589934757409160848e-02 3.366943507897053109e+02 4.839945520434451964e+02 1.731999999999999886e+02
1.250000000000000000e+02 7.000000000000000666e-02 1.183936839561400972e-01 3.478285710758248115e+02 2.897916371618647986e+02 1.731999999999999886e+02
1.250000000000000000e+02 7.000000000000000666e-02 1.128979642966388697e-01 3.889462069951144940e+02 5.507161115042616757e+02 1.731999999999999886e+02
1.250000000000000000e+02 7.000000000000000666e-02 6.173621298262801232e-02 3.493744726130896652e+02 9.035680336714445957e+02 1.731999999999999886e+02
1.250000000000000000e+02 7.000000000000000666e-02 1.293423821674093421e-01 4.191513913513532543e+02 5.397933752358970878e+02 1.731999999999999886e+02
1.250000000000000000e+02 7.000000000000000666e-02 1.386765094569672729e-01 4.788698641185234806e+02 8.687300090884168640e+02 1.731999999999999886e+02
1.250000000000000000e+02 7.000000000000000666e-02 1.373842164498080276e-01 3.824099130618957361e+02 2.720750896708613595e+02 1.731999999999999886e+02
1.250000000000000000e+02 7.000000000000000666e-02 1.369258112722312459e-01 3.647934236439768938e+02 1.707631460370039349e+02 1.731999999999999886e+02
1.250000000000000000e+02 7.000000000000000666e-02 1.353706717437666851e-01 4.432115876961530603e+02 5.731213187743906019e+02 1.731999999999999886e+02
1.250000000000000000e+02 7.000000000000000666e-02 1.506176481016541224e-01 4.803331903114365673e+02 7.270374575786271407e+02 1.731999999999999886e+02
1.250000000000000000e+02 7.000000000000000666e-02 1.367384994938678766e-01 3.581397328166689249e+02 1.848679551371133698e+02 1.731999999999999886e+02
1.250000000000000000e+02 7.000000000000000666e-02 1.430791763866930133e-01 3.676887753085313761e+02 1.411405880976896299e+02 1.731999999999999886e+02
1.250000000000000000e+02 7.000000000000000666e-02 1.593675620855833919e-01 4.201952642378441283e+02 2.229591587713245531e+02 1.731999999999999886e+02
1.250000000000000000e+02 7.000000000000000666e-02 8.607008778812642869e-02 3.681019852271545005e+02 6.524755970806107825e+02 1.731999999999999886e+02
1.250000000000000000e+02 7.000000000000000666e-02 1.796002472844395181e-01 4.278203278468339477e+02 1.274002831373620097e+02 1.731999999999999886e+02
1.250000000000000000e+02 7.000000000000000666e-02 6.648358798540089654e-02 3.522994703076228689e+02 7.743120039108969195e+02 1.731999999999999886e+02
1.250000000000000000e+02 7.000000000000000666e-02 8.579379638388270890e-02 4.177524594120139341e+02 9.805795711870492823e+02 1.731999999999999886e+02
1.250000000000000000e+02 7.000000000000000666e-02 2.004129533311897748e-01 4.677839051030254041e+02 1.430890564595082139e+02 1.731999999999999886e+02
1.250000000000000000e+02 7.000000000000000666e-02 9.798364601979250854e-02 3.840472108390403605e+02 6.685589198181463644e+02 1.731999999999999886e+02
1.250000000000000000e+02 7.000000000000000666e-02 1.459064414711950530e-01 3.846013899942684588e+02 2.546252240127894595e+02 1.731999999999999886e+02
1.250000000000000000e+02 7.000000000000000666e-02 2.054943826557191766e-01 4.786995879632726201e+02 1.402955787231938132e+02 1.731999999999999886e+02
1.250000000000000000e+02 7.000000000000000666e-02 1.841464024327864601e-01 4.945771743970440752e+02 4.203207753199778836e+02 1.731999999999999886e+02
1.250000000000000000e+02 7.000000000000000666e-02 2.778810545005831398e-02 2.094914600439725234e+02 4.052036147082528714e+02 1.731999999999999886e+02
1.250000000000000000e+02 7.000000000000000666e-02 1.933007104705457557e-01 4.789429109081611955e+02 2.044502852071118468e+02 1.731999999999999886e+02
1.250000000000000000e+02 7.000000000000000666e-02 9.255367961609234362e-02 4.004241118485817310e+02 7.961548981799646754e+02 1.731999999999999886e+02
1.250000000000000000e+02 7.000000000000000666e-02 1.366189379927966463e-01 3.479786147802835785e+02 1.517806317739037922e+02 1.731999999999999886e+02
1.250000000000000000e+02 7.000000000000000666e-02 1.187654154016800495e-01 3.558310836999518187e+02 3.303537131286098543e+02 1.731999999999999886e+02
1.250000000000000000e+02 7.000000000000000666e-02 2.084282896391161100e-01 4.759157728106355876e+02 1.075209639628482137e+02 1.731999999999999886e+02
1.250000000000000000e+02 7.000000000000000666e-02 3.821411412426201776e-02 2.666731940877014608e+02 6.311395490407220450e+02 1.731999999999999886e+02
1.250000000000000000e+02 7.000000000000000666e-02 1.277615646077251699e-01 4.824809152985936294e+02 9.028419856547477593e+02 1.731999999999999886e+02
1.250000000000000000e+02 7.000000000000000666e-02 1.352307605167037963e-01 3.241235317736520756e+02 6.780111194151760401e+01 1.731999999999999886e+02
1.250000000000000000e+02 7.000000000000000666e-02 1.367237277109485394e-01 4.803718630003492649e+02 8.366189009295969754e+02 1.731999999999999886e+02
1.250000000000000000e+02 7.000000000000000666e-02 7.077420763878022880e-02 2.559581811759640573e+02 2.222608432011576269e+02 1.731999999999999886e+02
1.250000000000000000e+02 7.000000000000000666e-02 1.970731960074989797e-01 4.850172112514343326e+02 1.502784630031133872e+02 1.731999999999999886e+02
1.250000000000000000e+02 7.000000000000000666e-02 1.165200710393303057e-01 3.249412900069621628e+02 2.225863805011486534e+02 1.731999999999999886e+02
1.250000000000000000e+02 7.000000000000000666e-02 1.626261994223808793e-01 4.790799469621649678e+02 5.057017596812339093e+02 1.731999999999999886e+02
1.250000000000000000e+02 7.000000000000000666e-02 1.347750233350273885e-01 3.614109580336868817e+02 2.365858185962541995e+02 1.731999999999999886e+02
1.250000000000000000e+02 7.000000000000000666e-02 9.259491424513523194e-02 3.093539686304692395e+02 3.072712571842349121e+02 1.731999999999999886e+02
1.250000000000000000e+02 7.000000000000000666e-02 2.082295044837754738e-01 4.733609753946309411e+02 6.261001508696641338e+01 1.731999999999999886e+02
1.250000000000000000e+02 7.000000000000000666e-02 1.509859126450922295e-01 4.105758220556862170e+02 3.108628098950106846e+02 1.731999999999999886e+02
1.250000000000000000e+02 7.000000000000000666e-02 1.673883384986657452e-01 4.890341167423717934e+02 5.736419928831721791e+02 1.731999999999999886e+02
1.250000000000000000e+02 7.000000000000000666e-02 2.016528125562544738e-01 4.941091320611932360e+02 2.458169560053958946e+01 1.731999999999999886e+02
1.250000000000000000e+02 7.000000000000000666e-02 1.932300342837862950e-01 4.765881802850209397e+02 2.715095027228495610e+02 1.731999999999999886e+02
1.250000000000000000e+02 7.000000000000000666e-02 1.679574468963750955e-01 4.774334554826129988e+02 5.690344107874227575e+02 1.731999999999999886e+02
1.250000000000000000e+02 7.000000000000000666e-02 1.923137468810091621e-01 4.932534939750244689e+02 3.579632719723827563e+02 1.731999999999999886e+02
