1.250000000000000000e+02 7.000000000000000666e-02 1.874918710847976733e-01 4.337037895304673611e+02 1.038002643352539565e+02 1.731999999999999886e+02
1.250000000000000000e+02 7.000000000000000666e-02 1.828464947184165745e-01 4.493280062161504134e+02 1.001694175012096650e+02 1.731999999999999886e+02
1.250000000000000000e+02 7.000000000000000666e-02 1.883758758636475961e-01 4.491818516224304290e+02 7.937362843622176456e+01 1.731999999999999886e+02
1.250000000000000000e+02 7.000000000000000666e-02 8.652658015415502779e-02 3.545465511972028025e+02 5.836003975524811267e+02 1.731999999999999886e+02
1.250000000000000000e+02 7.000000000000000666e-02 2.063828275151716185e-01 4.964643447790033406e+02 1.139847579464559857e+02 1.731999999999999886e+02
1.250000000000000000e+02 7.000000000000000666e-02 1.841562524746080676e-01 4.724460865158676484e+02 3.499152060433925158e+02 1.731999999999999886e+02
1.250000000000000000e+02 7.000000000000000666e-02 1.414399426631549050e-01 4.704406777867744722e+02 7.099556394702452735e+02 1.731999999999999886e+02
1.250000000000000000e+02 7.000000000000000666e-02 1.797766648389219624e-01 4.742819329322201156e+02 3.056181444785763119e+02 1.731999999999999886e+02
1.250000000000000000e+02 7.000000000000000666e-02 1.856186065191654244e-01 4.532763702035533697e+02 1.635046487761485992e+02 1.731999999999999886e+02
1.250000000000000000e+02 7.000000000000000666e-02 1.478506902384125465e-01 3.676073267903627197e+02 1.555147620895384080e+02 1.731999999999999886e+02
1.250000000000000000e+02 7.000000000000000666e-02 1.404670339239200427e-01 4.141104259188699643e+02 4.555843704141689727e+02 1.731999999999999886e+02
1.250000000000000000e+02 7.000000000000000666e-02 1.577315445775505087e-01 4.086615414256754093e+02 1.963284830684157498e+02 1.731999999999999886e+02
1.250000000000000000e+02 7.000000000000000666e-02 1.443294833475517736e-01 4.693561902514595090e+02 7.069369265669951119e+02 1.731999999999999886e+02
1.250000000000000000e+02 7.000000000000000666e-02 1.450223511690496014e-01 4.274366986853643198e+02 4.124336256683656643e+02 1.731999999999999886e+02
1.250000000000000000e+02 7.000000000000000666e-02 6.432444887418475865e-02 2.190139529521239581e+02 1.455866687885667261e+02 1.731999999999999886e+02
1.250000000000000000e+02 7.000000000000000666e-02 1.843324982697055192e-01 4.979370136430439402e+02 4.843131240919758511e+02 1.731999999999999886e+02
1.250000000000000000e+02 7.000000000000000666e-02 1.599522308297930684e-01 4.309424468327958380e+02 3.527055135926369189e+02 1.731999999999999886e+02
1.250000000000000000e+02 7.000000000000000666e-02 1.740477685277724007e-01 4.523158043667307879e+02 3.152481188996054584e+02 1.731999999999999886e+02
1.250000000000000000e+02 7.000000000000000666e-02 7.670726472703774668e-02 3.900112937336527921e+02 9.080407863077275579e+02 1.731999999999999886e+02
1.250000000000000000e+02 7.000000000000000666e-02 1.177158109487215082e-01 3.722574985154475371e+02 4.289223769507565862e+02 1.731999999999999886e+02
1.250000000000000000e+02 7.000000000000000666e-02 1.660943251067140414e-01 4.533952101103331529e+02 3.817918517306414969e+02 1.731999999999999886e+02
1.250000000000000000e+02 7.000000000000000666e-02 1.400165205699971938e-01 3.872540143810597897e+02 3.354816604727098479e+02 1.731999999999999886e+02
1.250000000000000000e+02 7.000000000000000666e-02 1.658672600217074300e-01 4.905754982887515325e+02 6.293156250335276809e+02 1.731999999999999886e+02
1.250000000000000000e+02 7.000000000000000666e-02 1.865072348477141428e-01 4.914582141596062002e+02 4.163928947804658378e+02 1.731999999999999886e+02
1.250000000000000000e+02 7.000000000000000666e-02 9.632645326499550409e-02 2.878271217933190087e+02 2.127916494375124046e+02 1.731999999999999886e+02
1.250000000000000000e+02 7.000000000000000666e-02 2.005402029520161333e-01 4.781758883294245948e+02 2.460876029519251063e+02 1.731999999999999886e+02
1.250000000000000000e+02 7.000000000000000666e-02 2.022623140078829429e-01 4.607879406481900446e+02 7.905406558639627690e+01 1.731999999999999886e+02
1.250000000000000000e+02 7.000000000000000666e-02 8.549513056560591184e-02 3.651352749352988667e+02 6.396303165327252600e+02 1.731999999999999886e+02
1.250000000000000000e+02 7.000000000000000666e-02 1.410788177203196603e-01 3.358556180258174209e+02 3.921997371315920589e+01 1.731999999999999886e+02
1.250000000000000000e+02 7.000000000000000666e-02 1.349625956636362201e-01 4.633313972359659942e+02 7.065424523301524005e+02 1.731999999999999886e+02
1.250000000000000000e+02 7.000000000000000666e-02 1.651428326622902398e-01 4.099866384173603819e+02 1.506037428333355308e+02 1.731999999999999886e+02
1.250000000000000000e+02 7.000000000000000666e-02 6.426758318230232914e-02 1.485604069573695085e+02 1.924360580747403660e+01 1.731999999999999886e+02
1.250000000000000000e+02 7.000000000000000666e-02 1.773596121482307053e-01 4.228988688093490396e+02 9.404157014962611072e+01 1.731999999999999886e+02
1.250000000000000000e+02 7.000000000000000666e-02 1.864472540075789997e-01 4.578486046645194847e+02 3.818232917298658435e+01 1.731999999999999886e+02
1.250000000000000000e+02 7.000000000000000666e-02 1.538640638678062389e-01 4.137983913121134947e+02 2.404361880116051680e+02 1.731999999999999886e+02
1.250000000000000000e+02 7.000000000000000666e-02 6.280923448614846027e-02 1.194854718020856410e+02 1.280112654316653931e+01 1.731999999999999886e+02
1.250000000000000000e+02 7.000000000000000666e-02 1.925518424754958935e-01 4.839462662929041699e+02 2.766295529252678307e+02 1.731999999999999886e+02
1.250000000000000000e+02 7.000000000000000666e-02 3.102828589399294484e-02 2.219982113341853278e+02 4.330227115593102099e+02 1.731999999999999886e+02
1.250000000000000000e+02 7.000000000000000666e-02 1.046242500740686282e-01 2.533989087463705232e+02 4.954377610940913002e+01 1.731999999999999886e+02
1.250000000000000000e+02 7.000000000000000666e-02 1.447735274299557506e-01 4.863381872957634755e+02 7.580314235602672852e+02 1.731999999999999886e+02
1.250000000000000000e+02 7.000000000000000666e-02 1.078271801057083118e-01 4.416241831656978434e+02 8.833978961812489388e+02 1.731999999999999886e+02
1.250000000000000000e+02 7.000000000000000666e-02 5.146569005768460853e-02 3.128657189856841683e+02 7.354454786295666509e+02 1.731999999999999886e+02
1.250000000000000000e+02 7.000000000000000666e-02 1.612504952998103369e-01 4.154896273061625038e+02 1.820531777290964612e+02 1.731999999999999886e+02
1.250000000000000000e+02 7.000000000000000666e-02 1.930869730475686663e-01 4.877511191702614610e+02 3.487568294801325806e+02 1.731999999999999886e+02
1.250000000000000000e+02 7.000000000000000666e-02 1.378433167518101632e-01 3.307023974125881409e+02 5.304989106365611917e+01 1.731999999999999886e+02
1.250000000000000000e+02 7.000000000000000666e-02 2.766234212716845581e-02 2.075901871473851656e+02 3.938238092160991641e+02 1.731999999999999886e+02
1.250000000000000000e+02 7.000000000000000666e-02 1.534938696903846989e-01 3.646614336964345284e+02 1.120598539847504469e+02 1.731999999999999886e+02
1.250000000000000000e+02 7.000000000000000666e-02 1.685244684179222352e-01 3.930715765859812336e+02 1.875940079609193134e+01 1.731999999999999886e+02
1.250000000000000000e+02 7.000000000000000666e-02 1.553508757815075247e-01 3.819794747922366582e+02 7.336326431070827425e+01 1.731999999999999886e+02
1.250000000000000000e+02 7.000000000000000666e-02 1.334551430633767743e-01 3.511465464567185109e+02 1.421259599252953478e+02 1.731999999999999886e+02
1.250000000000000000e+02 7.000000000000000666e-02 1.016506870999226569e-01 3.543717324351896423e+02 4.469015794692043073e+02 1.731999999999999886e+02
1.250000000000000000e+02 7.000000000000000666e-02 1.453113691370896965e-01 4.119612069574380371e+02 3.376340800054181841e+02 1.731999999999999886e+02
1.250000000000000000e+02 7.000000000000000666e-02 1.508246056257463441e-01 3.997697949500179107e+02 2.409359578117821172e+02 1.731999999999999886e+02
1.250000000000000000e+02 7.000000000000000666e-02 1.483194701976945917e-01 3.710270698714581954e+02 1.379796203569616182e+02 1.731999999999999886e+02
1.250000000000000000e+02 7.000000000000000666e-02 1.724542214318215416e-01 4.761660930141483163e+02 5.131374044888275421e+02 1.731999999999999886e+02
1.250000000000000000e+02 7.000000000000000666e-02 1.370394470987400595e-02 1.992181724795759123e+02 7.939374812038297478e+02 1.731999999999999886e+02
1.250000000000000000e+02 7.000000000000000666e-02 5.790025230850880111e-02 2.878370741088324394e+02 5.083128252412889765e+02 1.731999999999999886e+02
1.250000000000000000e+02 7.000000000000000666e-02 1.257294676397925359e-01 3.782207651142093709e+02 3.791625886738611939e+02 1.731999999999999886e+02
1.250000000000000000e+02 7.000000000000000666e-02 7.140358652805924022e-02 3.628165758628882713e+02 7.872382990886553671e+02 1.731999999999999886e+02
1.250000000000000000e+02 7.000000000000000666e-02 1.839568241817289285e-01 4.789738625585541172e+02 4.207593476757353415e+02 1.731999999999999886e+02
1.250000000000000000e+02 7.000000000000000666e-02 1.467490705430788966e-01 3.964054287875444516e+02 2.322716623758899459e+02 1.731999999999999886e+02
1.250000000000000000e+02 7.000000000000000666e-02 6.587592005198131262e-02 3.322691229014435521e+02 6.984243462411643577e+02 1.731999999999999886e+02
1.250000000000000000e+02 7.000000000000000666e-02 1.396222193134678546e-01 4.071188692013785726e+02 3.609134946271501576e+02 1.731999999999999886e+02
1.250000000000000000e+02 7.000000000000000666e-02 2.064071297491467671e-01 4.859849438830452755e+02 1.614476790529876098e+02 1.731999999999999886e+02
1.250000000000000000e+02 7.000000000000000666e-02 1.903893879694520674e-01 4.881571993159245153e+02 3.219344815597979164e+02 1.731999999999999886e+02
1.250000000000000000e+02 7.000000000000000666e-02 1.759390760056546987e-01 4.380961157011368527e+02 1.206929679967780231e+02 1.731999999999999886e+02
1.250000000000000000e+02 7.000000000000000666e-02 1.895046100480232421e-01 4.580458408963799570e+02 1.926449430452454976e+02 1.731999999999999886e+02
1.250000000000000000e+02 7.000000000000000666e-02 1.799503474628059707e-01 4.875101293864552190e+02 3.894305443964374831e+02 1.731999999999999886e+02
1.250000000000000000e+02 7.000000000000000666e-02 1.256039320695575071e-02 1.768079097887125499e+02 5.638379712894002296e+02 1.731999999999999886e+02
1.250000000000000000e+02 7.000000000000000666e-02 6.408540190039724305e-02 2.852082976574623672e+02 4.252964874700871292e+02 1.731999999999999886e+02
1.250000000000000000e+02 7.000000000000000666e-02 1.934680183288381150e-01 4.838721800389967029e+02 3.662347580088556924e+02 1.731999999999999886e+02
1.250000000000000000e+02 7.000000000000000666e-02 6.643039192401974102e-02 2.020359392458185539e+02 1.106544371345089672e+02 1.731999999999999886e+02
1.250000000000000000e+02 7.000000000000000666e-02 1.362870364058282324e-01 3.858582741392592084e+02 3.083070815127726974e+02 1.731999999999999886e+02
1.250000000000000000e+02 7.000000000000000666e-02 1.233076386870668173e-01 3.695018002913172381e+02 3.582142141297458124e+02 1.731999999999999886e+02
1.250000000000000000e+02 7.000000000000000666e-02 4.735235397812721791e-02 2.825372435388085250e+02 5.728572178770921255e+02 1.731999999999999886e+02
1.250000000000000000e+02 7.000000000000000666e-02 1.290866391269678282e-01 3.756823572043979880e+02 3.162000072315784109e+02 1.731999999999999886e+02
1.250000000000000000e+02 7.000000000000000666e-02 1.459873049298042180e-01 4.164575645731829354e+02 3.966046555624170651e+02 1.731999999999999886e+02
1.250000000000000000e+02 7.000000000000000666e-02 1.005573400973964332e-01 2.930314567423348535e+02 2.120999639706355140e+02 1.731999999999999886e+02
1.250000000000000000e+02 7.000000000000000666e-02 1.360780248624486044e-01 3.471581600778201846e+02 1.789917627703832750e+02 1.731999999999999886e+02
1.250000000000000000e+02 7.000000000000000666e-02 2.050528083858458306e-01 4.966791695936250335e+02 2.751159891177834993e+02 1.731999999999999886e+02
1.250000000000000000e+02 7.000000000000000666e-02 1.264120995542886428e-01 4.040965231387139056e+02 4.531259913290046484e+02 1.731999999999999886e+02
1.250000000000000000e+02 7.000000000000000666e-02 4.664341072756764128e-02 2.585919455366173452e+02 4.604038426648261861e+02 1.731999999999999886e+02
1.250000000000000000e+02 7.000000000000000666e-02 1.666575745362672278e-01 4.132753878056990402e+02 1.219143963245554971e+02 1.731999999999999886e+02
1.250000000000000000e+02 7.000000000000000666e-02 9.962103804283210795e-02 3.216622372022391687e+02 2.994652866865365013e+02 1.731999999999999886e+02
1.250000000000000000e+02 7.000000000000000666e-02 1.810573240171358678e-01 4.711200957796186799e+02 3.154993212871094670e+02 1.731999999999999886e+02
1.250000000000000000e+02 7.000000000000000666e-02 9.555458158072431540e-02 2.833001330867963361e+02 1.614685450297994009e+02 1.731999999999999886e+02
1.250000000000000000e+02 7.000000000000000666e-02 2.124458266759057523e-01 4.965681102964978209e+02 1.459492945411086851e+02 1.731999999999999886e+02
1.250000000000000000e+02 7.000000000000000666e-02 8.639536329603256237e-02 3.195785747764997495e+02 4.066212889777827968e+02 1.731999999999999886e+02
1.250000000000000000e+02 7.000000000000000666e-02 1.462334807334010438e-02 1.822896991356542742e+02 5.247451764615666434e+02 1.731999999999999886e+02
1.250000000000000000e+02 7.000000000000000666e-02 2.080183580632521678e-01 4.841823315735051096e+02 1.029454528648819576e+02 1.731999999999999886e+02
1.250000000000000000e+02 7.000000000000000666e-02 7.610246884499557996e-02 1.874244457813186102e+02 4.737955370342008621e+01 1.731999999999999886e+02
1.250000000000000000e+02 7.000000000000000666e-02 8.390843876422962588e-02 3.479584507863322642e+02 5.361640925537042222e+02 1.731999999999999886e+02
1.250000000000000000e+02 7.000000000000000666e-02 1.456486910050040495e-01 4.706839343599597782e+02 7.235886419934303149e+02 1.731999999999999886e+02
1.250000000000000000e+02 7.000000000000000666e-02 1.221247044919504116e-01 4.049853532957581024e+02 5.073053518891949807e+02 1.731999999999999886e+02
1.250000000000000000e+02 7.000000000000000666e-02 9.124680977258056713e-02 3.832681265555706318e+02 6.620079370875896529e+02 1.731999999999999886e+02
1.250000000000000000e+02 7.000000000000000666e-02 1.428660231027136240e-01 4.845790928896130367e+02 8.268753652049973653e+02 1.731999999999999886e+02
1.250000000000000000e+02 7.000000000000000666e-02 1.504663148807257878e-01 4.436867210234105414e+02 4.926309480951124442e+02 1.731999999999999886e+02
1.250000000000000000e+02 7.000000000000000666e-02 5.315758711600644670e-02 3.326846975338641528e+02 8.830439000880616049e+02 1.731999999999999886e+02
1.250000000000000000e+02 7.000000000000000666e-02 1.288941784439566751e-01 4.688946327092337469e+02 8.626727722075843303e+02 1.731999999999999886e+02
1.250000000000000000e+02 7.000000000000000666e-02 1.255868229493535826e-01 4.642189911123138586e+02 8.169623223120223656e+02 1.731999999999999886e+02
1.250000000000000000e+02 7.000000000000000666e-02 2.050681696863285441e-01 4.844907019617201058e+02 1.497325162733303472e+01 1.731999999999999886e+02
1.250000000000000000e+02 7.000000000000000666e-02 1.623431798697886341e-01 3.755973795770962624e+02 4.535296903674753111e+01 1.731999999999999886e+02
1.250000000000000000e+02 7.000000000000000666e-02 1.170312143088186319e-01 2.897921220975168808e+02 9.618612654761192005e+01 1.731999999999999886e+02
1.250000000000000000e+02 7.000000000000000666e-02 1.828183308567702392e-01 4.959468269693223306e+02 4.018623761649016046e+02 1.731999999999999886e+02
1.250000000000000000e+02 7.000000000000000666e-02 1.421726803418328910e-01 4.213126493318231951e+02 3.872982923473772416e+02 1.731999999999999886e+02
1.250000000000000000e+02 7.000000000000000666e-02 6.431879871962961626e-02 2.487155399793446406e+02 2.349926531229660895e+02 1.731999999999999886e+02
1.250000000000000000e+02 7.000000000000000666e-02 1.611279650581845246e-01 4.213961179897950728e+02 2.524368728977275680e+02 1.731999999999999886e+02
1.250000000000000000e+02 7.000000000000000666e-02 4.739805355115838531e-02 3.171798055167237180e+02 9.041134652647396024e+02 1.731999999999999886e+02
1.250000000000000000e+02 7.000000000000000666e-02 1.697703141321880160e-01 4.429835201432901499e+02 2.283671356356585989e+02 1.731999999999999886e+02
1.250000000000000000e+02 7.000000000000000666e-02 9.078995652118750093e-02 3.452647498032998783e+02 4.919543517883299160e+02 1.731999999999999886e+02
1.250000000000000000e+02 7.000000000000000666e-02 1.350825534896834546e-01 4.566467167905495330e+02 7.381283909230547806e+02 1.731999999999999886e+02
1.250000000000000000e+02 7.000000000000000666e-02 9.741733382978733091e-02 4.188634716564985752e+02 8.737614563750656771e+02 1.731999999999999886e+02
1.250000000000000000e+02 7.000000000000000666e-02 8.624275082685406435e-02 4.026245789588307389e+02 9.285494417925011703e+02 1.731999999999999886e+02
1.250000000000000000e+02 7.000000000000000666e-02 4.882592801919512920e-02 2.825239396778204650e+02 5.921603638686956401e+02 1.731999999999999886e+02
1.250000000000000000e+02 7.000000000000000666e-02 1.304157404220912253e-01 4.710336669945124868e+02 8.992286281823230638e+02 1.731999999999999886e+02
1.250000000000000000e+02 7.000000000000000666e-02 1.381562651861520663e-01 4.117915495444431144e+02 4.637212370186859403e+02 1.731999999999999886e+02
1.250000000000000000e+02 7.000000000000000666e-02 1.459985676154150480e-01 3.834340702446581872e+02 2.514697611606744374e+02 1.731999999999999886e+02
1.250000000000000000e+02 7.000000000000000666e-02 1.652367016169128677e-01 3.990261963747454388e+02 3.459006786054936811e+01 1.731999999999999886e+02
1.250000000000000000e+02 7.000000000000000666e-02 1.165267399443391527e-01 4.088081801471091126e+02 5.843849510564057255e+02 1.731999999999999886e+02
1.250000000000000000e+02 7.000000000000000666e-02 5.937675682081151179e-02 2.247723058428792910e+02 2.063820212601006858e+02 1.731999999999999886e+02
1.250000000000000000e+02 7.000000000000000666e-02 1.384254250101786266e-01 3.844454745895241672e+02 3.007095484542989539e+02 1.731999999999999886e+02
1.250000000000000000e+02 7.000000000000000666e-02 1.452301902410066126e-01 4.246424578630143287e+02 4.504737107803918548e+02 1.731999999999999886e+02
1.250000000000000000e+02 7.000000000000000666e-02 8.743955823668453364e-02 2.637706573276860809e+02 1.824002319795966969e+02 1.731999999999999886e+02
1.250000000000000000e+02 7.000000000000000666e-02 2.003529507942881094e-01 4.983344503292243530e+02 2.232440432184040162e+02 1.731999999999999886e+02
1.250000000000000000e+02 7.000000000000000666e-02 3.402311110178045384e-02 2.446091408044852642e+02 5.306799450147101425e+02 1.731999999999999886e+02
1.250000000000000000e+02 7.000000000000000666e-02 1.868189682438901322e-01 4.393295383232264157e+02 9.484896682097364362e+01 1.731999999999999886e+02
1.250000000000000000e+02 7.000000000000000666e-02 1.057680698338387959e-01 3.749545708803880188e+02 5.296881076435834075e+02 1.731999999999999886e+02
1.250000000000000000e+02 7.000000000000000666e-02 2.117301926031464956e-02 2.311115881405088999e+02 7.639480867050649522e+02 1.731999999999999886e+02
1.250000000000000000e+02 7.000000000000000666e-02 7.003323028108675297e-02 3.200019462429079340e+02 5.408627555255002335e+02 1.731999999999999886e+02
1.250000000000000000e+02 7.000000000000000666e-02 1.830712771224217439e-01 4.805911450923310895e+02 3.369861483734906074e+02 1.731999999999999886e+02
1.250000000000000000e+02 7.000000000000000666e-02 3.849810723881915558e-02 1.120529178425761643e+02 3.149788235836112449e+02 1.731999999999999886e+02
1.250000000000000000e+02 7.000000000000000666e-02 2.161320843102099987e-01 4.943491109356041306e+02 8.917082211800290281e+01 1.731999999999999886e+02
1.250000000000000000e+02 7.000000000000000666e-02 1.777536514168194248e-01 4.376298941748136713e+02 7.896827830593208830e+01 1.731999999999999886e+02
1.250000000000000000e+02 7.000000000000000666e-02 5.510873553817616927e-02 1.073610891260946403e+02 1.038356812357898917e+02 1.731999999999999886e+02
1.250000000000000000e+02 7.000000000000000666e-02 1.233968958426158030e-01 4.351761708766002812e+02 7.159944012482754943e+02 1.731999999999999886e+02
1.250000000000000000e+02 7.000000000000000666e-02 1.893432480182565825e-01 4.936341933547323606e+02 3.855622897829275075e+02 1.731999999999999886e+02
1.250000000000000000e+02 7.000000000000000666e-02 2.777242700018454913e-02 2.375866040001921533e+02 6.311388573424835613e+02 1.731999999999999886e+02
1.250000000000000000e+02 7.000000000000000666e-02 1.097275375376285389e-01 2.798681186670798979e+02 4.174633672355211900e+01 1.731999999999999886e+02
1.250000000000000000e+02 7.000000000000000666e-02 2.016805948360957390e-01 4.841029860377723253e+02 5.208597890425974697e+01 1.731999999999999886e+02
1.250000000000000000e+02 7.000000000000000666e-02 6.753917447435001109e-02 3.741181731526779686e+02 9.503721781233798538e+02 1.731999999999999886e+02
1.250000000000000000e+02 7.000000000000000666e-02 1.058380578060127697e-01 4.499370498337875688e+02 9.724483656813576999e+02 1.731999999999999886e+02
1.250000000000000000e+02 7.000000000000000666e-02 1.491807286734709304e-01 3.558808424308875260e+02 5.336478404955457222e+01 1.731999999999999886e+02
1.250000000000000000e+02 7.000000000000000666e-02 6.046470851219225978e-02 3.236950177836811804e+02 6.598847460471487238e+02 1.731999999999999886e+02
1.250000000000000000e+02 7.000000000000000666e-02 4.496630751574497153e-02 3.008964322104810662e+02 8.053274354491298936e+02 1.731999999999999886e+02
1.250000000000000000e+02 7.000000000000000666e-02 1.960347098629683094e-01 4.546510946582030783e+02 1.390839633927174930e+02 1.731999999999999886e+02
1.250000000000000000e+02 7.000000000000000666e-02 1.147584311576584498e-01 4.466002259623803639e+02 8.390194441478774934e+02 1.731999999999999886e+02
1.250000000000000000e+02 7.000000000000000666e-02 7.676049342692868593e-02 2.916746793381784073e+02 3.343996747012371316e+02 1.731999999999999886e+02
1.250000000000000000e+02 7.000000000000000666e-02 1.228591655235689029e-01 4.575403042396429782e+02 8.799682890855632422e+02 1.731999999999999886e+02
1.250000000000000000e+02 7.000000000000000666e-02 1.230801449509000972e-01 4.353908898769005305e+02 6.747143470658986644e+02 1.731999999999999886e+02
1.250000000000000000e+02 7.000000000000000666e-02 1.794923789400453829e-01 4.833034798480528593e+02 4.895482293066004900e+02 1.731999999999999886e+02
1.250000000000000000e+02 7.000000000000000666e-02 1.093442024556205705e-01 3.726492557878212324e+02 4.707823562282229659e+02 1.731999999999999886e+02
1.250000000000000000e+02 7.000000000000000666e-02 1.677325785914772494e-01 4.428193149232651535e+02 2.733436856367341079e+02 1.731999999999999886e+02
1.250000000000000000e+02 7.000000000000000666e-02 1.220104852909616872e-01 3.164046315366077806e+02 8.319055193746642374e+01 1.731999999999999886e+02
1.250000000000000000e+02 7.000000000000000666e-02 1.272270095247653998e-01 4.043063558259619299e+02 4.915485166773178207e+02 1.731999999999999886e+02
1.250000000000000000e+02 7.000000000000000666e-02 1.288251712312729891e-01 3.220481814841373307e+02 5.012658058904506220e+01 1.731999999999999886e+02
1.250000000000000000e+02 7.000000000000000666e-02 1.987198890016749764e-01 4.796626697845281910e+02 2.166842666650959757e+02 1.731999999999999886e+02
1.250000000000000000e+02 7.000000000000000666e-02 2.032482541877780047e-01 4.987551461434242697e+02 2.862922480778135537e+02 1.731999999999999886e+02
1.250000000000000000e+02 7.000000000000000666e-02 1.542532875542250992e-01 3.812338979557060838e+02 5.144188265203456467e+01 1.731999999999999886e+02
1.250000000000000000e+02 7.000000000000000666e-02 4.705199085020288219e-02 2.745423705802483028e+02 5.575973364465100985e+02 1.731999999999999886e+02
1.250000000000000000e+02 7.000000000000000666e-02 1.687077862694444930e-01 4.580181734802827691e+02 3.931947656472256085e+02 1.731999999999999886e+02
1.250000000000000000e+02 7.000000000000000666e-02 1.504600088204406383e-01 4.958012037572516419e+02 7.638069320817164680e+02 1.731999999999999886e+02
1.250000000000000000e+02 7.000000000000000666e-02 1.610663232785128074e-01 4.702700291153141734e+02 4.888638008205345500e+02 1.731999999999999886e+02
1.250000000000000000e+02 7.000000000000000666e-02 2.059255992237005450e-01 4.765655726640173384e+02 3.549410027808677626e+01 1.731999999999999886e+02
1.250000000000000000e+02 7.000000000000000666e-02 1.086850765551426318e-01 3.202178765291472473e+02 2.324802816953190927e+02 1.731999999999999886e+02
1.250000000000000000e+02 7.000000000000000666e-02 1.848172370737908854e-01 4.977554330365029500e+02 4.675861440134812597e+02 1.731999999999999886e+02
1.250000000000000000e+02 7.000000000000000666e-02 1.169202083006017356e-01 3.998106104113107904e+02 5.333040795391041229e+02 1.731999999999999886e+02
1.250000000000000000e+02 7.000000000000000666e-02 1.408327739615601870e-01 3.380533422086041355e+02 9.011204050122852038e+01 1.731999999999999886e+02
1.250000000000000000e+02 7.000000000000000666e-02 8.016973544016002540e-02 3.287721330908773325e+02 5.118398608481435872e+02 1.731999999999999886e+02
1.250000000000000000e+02 7.000000000000000666e-02 1.110884818794785761e-01 2.802783532420353936e+02 1.887021606049195555e+01 1.731999999999999886e+02
1.250000000000000000e+02 7.000000000000000666e-02 1.877364868068457093e-01 4.551287198339227871e+02 1.305733220980749536e+02 1.731999999999999886e+02
1.250000000000000000e+02 7.000000000000000666e-02 6.803090104277098593e-02 1.849858977043654136e+02 6.486015897122459251e+01 1.731999999999999886e+02
1.250000000000000000e+02 7.000000000000000666e-02 1.151465503160372661e-01 3.042832456619088362e+02 1.389634297218413224e+02 1.731999999999999886e+02
1.250000000000000000e+02 7.000000000000000666e-02 4.556067277538278226e-02 3.125166036117402655e+02 8.955310729780885595e+02 1.731999999999999886e+02
1.250000000000000000e+02 7.000000000000000666e-02 1.908441186310431137e-01 4.357618017505923262e+02 5.853556102740941469e+01 1.731999999999999886e+02
1.250000000000000000e+02 7.000000000000000666e-02 2.145291426668350931e-01 4.962871943681703328e+02 1.842251989069673641e+02 1.731999999999999886e+02
1.250000000000000000e+02 7.000000000000000666e-02 1.416936053302566279e-01 4.984560294266396454e+02 9.406395302600784589e+02 1.731999999999999886e+02
1.250000000000000000e+02 7.000000000000000666e-02 6.445748988013816350e-02 1.697448172936265678e+02 4.523942417652923353e+01 1.731999999999999886e+02
1.250000000000000000e+02 7.000000000000000666e-02 9.267373072434037518e-02 3.844183189241380774e+02 6.975608390685695213e+02 1.731999999999999886e+02
1.250000000000000000e+02 7.000000000000000666e-02 1.738417508212087570e-01 4.212227198470745861e+02 2.099280662082047400e+01 1.731999999999999886e+02
1.250000000000000000e+02 7.000000000000000666e-02 1.963344406477904314e-01 4.801940504072287581e+02 1.572813793695905531e+02 1.731999999999999886e+02
1.250000000000000000e+02 7.000000000000000666e-02 6.808488469920614961e-02 3.735612449410706972e+02 9.461582786504652631e+02 1.731999999999999886e+02
1.250000000000000000e+02 7.000000000000000666e-02 1.474559917184256053e-01 4.530708679481015224e+02 6.159002792645715090e+02 1.731999999999999886e+02
1.250000000000000000e+02 7.000000000000000666e-02 1.878435833497700269e-01 4.323716425247761208e+02 6.354137871068520838e+01 1.731999999999999886e+02
1.250000000000000000e+02 7.000000000000000666e-02 4.446709300584741897e-02 1.059935554373966085e+02 4.655618753053847740e+02 1.731999999999999886e+02
1.250000000000000000e+02 7.000000000000000666e-02 1.164473718415456605e-01 3.820356118457220873e+02 4.559601994347599430e+02 1.731999999999999886e+02
1.250000000000000000e+02 7.000000000000000666e-02 8.016929111107805317e-02 3.889215889766562668e+02 8.888093504100982045e+02 1.731999999999999886e+02
1.250000000000000000e+02 7.000000000000000666e-02 7.280086522633875956e-02 3.498968371668644295e+02 6.883954732342340321e+02 1.731999999999999886e+02
1.250000000000000000e+02 7.000000000000000666e-02 9.692541912710155028e-02 3.916196041262011249e+02 7.278306679706421392e+02 1.731999999999999886e+02
1.250000000000000000e+02 7.000000000000000666e-02 1.070743754859904140e-01 2.737227532249416981e+02 1.049713285084930163e+02 1.731999999999999886e+02
1.250000000000000000e+02 7.000000000000000666e-02 1.034641940367792695e-01 2.886083029601847443e+02 1.613603930889716196e+02 1.731999999999999886e+02
1.250000000000000000e+02 7.000000000000000666e-02 2.188449826030735013e-01 4.994175719733524375e+02 3.188165160333935688e+01 1.731999999999999886e+02
1.250000000000000000e+02 7.000000000000000666e-02 1.234730813432520224e-01 2.974035118819474519e+02 2.833499947032849420e+01 1.731999999999999886e+02
1.250000000000000000e+02 7.000000000000000666e-02 1.681506415010544375e-01 4.719222897486772013e+02 4.929444833842816251e+02 1.731999999999999886e+02
1.250000000000000000e+02 7.000000000000000666e-02 9.878929494365340513e-02 3.011974304673213396e+02 2.486067114332525421e+02 1.731999999999999886e+02
1.250000000000000000e+02 7.000000000000000666e-02 7.458188946438032429e-02 2.810182892388015716e+02 2.997884106413158634e+02 1.731999999999999886e+02
1.250000000000000000e+02 7.000000000000000666e-02 5.627876478431514951e-02 1.156074743374697675e+02 8.047706998058437478e+01 1.731999999999999886e+02
1.250000000000000000e+02 7.000000000000000666e-02 1.402663993537748843e-01 3.452158033224167184e+02 3.991217394435186350e+01 1.731999999999999886e+02
1.250000000000000000e+02 7.000000000000000666e-02 1.045637424175028390e-01 3.297796423591320263e+02 3.250444793216183257e+02 1.731999999999999886e+02
1.250000000000000000e+02 7.000000000000000666e-02 1.612527789259022015e-01 3.829123158699968030e+02 9.525572040047995870e+01 1.731999999999999886e+02
1.250000000000000000e+02 7.000000000000000666e-02 1.740583150093191478e-01 4.228575055012688040e+02 1.505233750869268476e+02 1.731999999999999886e+02
1.250000000000000000e+02 7.000000000000000666e-02 1.443861595132288345e-01 4.199416790743874799e+02 4.353254291684531836e+02 1.731999999999999886e+02
1.250000000000000000e+02 7.000000000000000666e-02 5.227278338405817737e-02 3.193105273138646112e+02 8.175000081916770114e+02 1.731999999999999886e+02
1.250000000000000000e+02 7.000000000000000666e-02 1.411575190714222661e-01 4.753602137408439603e+02 7.216095045390896985e+02 1.731999999999999886e+02
1.250000000000000000e+02 7.000000000000000666e-02 8.967661240800493816e-02 3.568764544890812545e+02 5.605075549744437922e+02 1.731999999999999886e+02
1.250000000000000000e+02 7.000000000000000666e-02 3.455413036559733947e-02 2.455989767262475425e+02 5.661391034289447362e+02 1.731999999999999886e+02
1.250000000000000000e+02 7.000000000000000666e-02 6.519734125325496454e-02 3.445990640677005672e+02 7.565211392471408089e+02 1.731999999999999886e+02
1.250000000000000000e+02 7.000000000000000666e-02 4.862069599116505131e-02 2.307430698120120383e+02 2.879857997746404408e+02 1.731999999999999886e+02
1.250000000000000000e+02 7.000000000000000666e-02 1.089106923655043108e-01 3.332540487805114253e+02 2.830548130027974025e+02 1.731999999999999886e+02
1.250000000000000000e+02 7.000000000000000666e-02 1.383804820573438232e-01 4.156373119690446742e+02 3.967115697918763431e+02 1.731999999999999886e+02
1.250000000000000000e+02 7.000000000000000666e-02 5.240064972683567551e-02 3.311680716143567906e+02 9.081885687694389162e+02 1.731999999999999886e+02
1.250000000000000000e+02 7.000000000000000666e-02 2.937050218811060320e-02 1.129365747641039235e+02 4.531466398624345402e+02 1.731999999999999886e+02
1.250000000000000000e+02 7.000000000000000666e-02 1.276376571930984971e-01 3.376113847358932389e+02 2.066789056706183771e+02 1.731999999999999886e+02
1.250000000000000000e+02 7.000000000000000666e-02 1.299550642250934807e-01 4.057160397526599809e+02 4.281903478000867267e+02 1.731999999999999886e+02
1.250000000000000000e+02 7.000000000000000666e-02 4.484288662567383760e-02 1.688667642709979191e+02 1.155908874734413558e+02 1.731999999999999886e+02
1.250000000000000000e+02 7.000000000000000666e-02 1.508323241448834562e-01 4.437980086991489088e+02 4.461901310186374303e+02 1.731999999999999886e+02
1.250000000000000000e+02 7.000000000000000666e-02 7.678005846262535294e-02 2.868125807703012242e+02 3.110179141608653595e+02 1.731999999999999886e+02
1.250000000000000000e+02 7.000000000000000666e-02 1.453437611328391443e-01 4.999371641725740574e+02 8.306505040435005185e+02 1.731999999999999886e+02
1.250000000000000000e+02 7.000000000000000666e-02 1.506492591964342931e-01 4.759831425285391333e+02 6.647056546864396296e+02 1.731999999999999886e+02
1.250000000000000000e+02 7.000000000000000666e-02 1.122789117903427725e-01 2.720859048385680126e+02 2.089575397525349132e+01 1.731999999999999886e+02
1.250000000000000000e+02 7.000000000000000666e-02 1.529636714313795942e-01 4.227585584902196842e+02 3.948316728830973261e+02 1.731999999999999886e+02
1.250000000000000000e+02 7.000000000000000666e-02 1.456847842165462092e-01 4.303225839833865507e+02 4.192731484442999772e+02 1.731999999999999886e+02
1.250000000000000000e+02 7.000000000000000666e-02 1.676922177956622906e-01 4.345201913460488754e+02 2.718511945111291652e+02 1.731999999999999886e+02
1.250000000000000000e+02 7.000000000000000666e-02 6.451151358714575512e-02 3.330459548025049230e+02 6.777986966053554170e+02 1.731999999999999886e+02
1.250000000000000000e+02 7.000000000000000666e-02 1.819664717827620959e-02 2.223952501269418462e+02 7.919291931687150736e+02 1.731999999999999886e+02
1.250000000000000000e+02 7.000000000000000666e-02 1.378794878559185810e-01 4.685109727263979948e+02 7.578991944130162892e+02 1.731999999999999886e+02
1.250000000000000000e+02 7.000000000000000666e-02 9.937013108459792632e-02 4.328682722877484252e+02 9.180299361258006456e+02 1.731999999999999886e+02
1.250000000000000000e+02 7.000000000000000666e-02 7.581520262010273126e-02 3.180472661931650009e+02 4.679783756288041445e+02 1.731999999999999886e+02
1.250000000000000000e+02 7.000000000000000666e-02 1.215954150287029134e-01 3.900802052776087976e+02 4.182294840776511933e+02 1.731999999999999886e+02
1.250000000000000000e+02 7.000000000000000666e-02 1.767650598477936430e-01 4.313313880182506637e+02 5.178487563894711343e+01 1.731999999999999886e+02
1.250000000000000000e+02 7.000000000000000666e-02 7.588183724081594417e-02 3.338060583276546254e+02 5.667563399808988152e+02 1.731999999999999886e+02
1.250000000000000000e+02 7.000000000000000666e-02 1.266497202721158788e-01 4.743707236882839311e+02 8.698474687190782788e+02 1.731999999999999886e+02
1.250000000000000000e+02 7.000000000000000666e-02 1.829290192286896211e-01 4.416695865451252985e+02 1.313954076022891400e+02 1.731999999999999886e+02
1.250000000000000000e+02 7.000000000000000666e-02 1.283505981688243536e-01 4.765998492256741201e+02 9.660372314954489639e+02 1.731999999999999886e+02
1.250000000000000000e+02 7.000000000000000666e-02 1.716089992935504460e-01 4.752113771101210205e+02 4.551777090270773556e+02 1.731999999999999886e+02
1.250000000000000000e+02 7.000000000000000666e-02 9.579473257306929390e-02 2.866393161168406323e+02 1.757333879178693792e+02 1.731999999999999886e+02
1.250000000000000000e+02 7.000000000000000666e-02 8.488551032678667840e-02 2.156182136476517428e+02 4.001783242025429388e+01 1.731999999999999886e+02
1.250000000000000000e+02 7.000000000000000666e-02 1.914924828370665744e-01 4.717163929598060008e+02 1.560370488341451676e+02 1.731999999999999886e+02
1.250000000000000000e+02 7.000000000000000666e-02 8.735646560661670945e-02 3.870207485880237641e+02 7.371239785830098299e+02 1.731999999999999886e+02
1.250000000000000000e+02 7.000000000000000666e-02 1.432908705849852693e-01 4.049319601403988145e+02 3.031765005182299433e+02 1.731999999999999886e+02
1.250000000000000000e+02 7.000000000000000666e-02 1.087203082565393608e-01 3.689837242187467155e+02 4.202613214591207793e+02 1.731999999999999886e+02
1.250000000000000000e+02 7.000000000000000666e-02 1.817165285325415824e-01 4.468082244084716876e+02 2.071104374605779412e+02 1.731999999999999886e+02
1.250000000000000000e+02 7.000000000000000666e-02 1.103748057652248205e-01 4.236828552403841854e+02 7.246956279326562935e+02 1.731999999999999886e+02
1.250000000000000000e+02 7.000000000000000666e-02 1.051763789361997159e-01 3.623433648058431800e+02 4.801194508803966414e+02 1.731999999999999886e+02
1.250000000000000000e+02 7.000000000000000666e-02 3.162645339210666540e-02 2.407426445233368497e+02 5.808572925915933638e+02 1.731999999999999886e+02
1.250000000000000000e+02 7.000000000000000666e-02 1.952891446554830823e-01 4.625079580042433349e+02 4.396729479466903712e+01 1.731999999999999886e+02
1.250000000000000000e+02 7.000000000000000666e-02 5.989945381149852643e-02 3.070095862329197871e+02 5.759487098466739781e+02 1.731999999999999886e+02
1.250000000000000000e+02 7.000000000000000666e-02 1.516731271007855097e-01 4.326490384955035893e+02 4.068164672743203596e+02 1.731999999999999886e+02
1.250000000000000000e+02 7.000000000000000666e-02 5.077139188284519183e-02 1.043084424080232111e+02 1.230213796295480932e+02 1.731999999999999886e+02
1.250000000000000000e+02 7.000000000000000666e-02 1.263103227899146641e-01 4.384779461829937190e+02 6.275512363527160460e+02 1.731999999999999886e+02
1.250000000000000000e+02 7.000000000000000666e-02 9.789995025756607905e-02 3.155923102235058195e+02 2.849031404753604306e+02 1.731999999999999886e+02
1.250000000000000000e+02 7.000000000000000666e-02 1.421028025937957073e-01 4.782312327934838549e+02 7.665755253805987195e+02 1.731999999999999886e+02
1.250000000000000000e+02 7.000000000000000666e-02 4.568829103917203954e-02 1.083661308367088481e+02 2.919681995052231969e+02 1.731999999999999886e+02
1.250000000000000000e+02 7.000000000000000666e-02 1.579849694694683837e-01 4.634685898760345708e+02 5.499732479316267018e+02 1.731999999999999886e+02
1.250000000000000000e+02 7.000000000000000666e-02 1.342718217994287866e-01 3.650170907748367881e+02 1.987450908717220273e+02 1.731999999999999886e+02
1.250000000000000000e+02 7.000000000000000666e-02 1.511920497701673416e-01 4.714019013474099324e+02 6.624612985624776229e+02 1.731999999999999886e+02
1.250000000000000000e+02 7.000000000000000666e-02 1.523846464857659122e-01 4.780441791593095786e+02 6.994145164366639165e+02 1.731999999999999886e+02
1.250000000000000000e+02 7.000000000000000666e-02 4.115988608817002653e-02 3.017147782227693824e+02 9.067452145555650986e+02 1.731999999999999886e+02
1.250000000000000000e+02 7.000000000000000666e-02 9.670924728084911992e-02 3.651129274779564753e+02 5.341749686933281964e+02 1.731999999999999886e+02
1.250000000000000000e+02 7.000000000000000666e-02 2.037287921819355418e-01 4.852278577070449614e+02 1.894056805347454713e+02 1.731999999999999886e+02
1.250000000000000000e+02 7.000000000000000666e-02 1.196406194973978765e-01 4.754032566427354141e+02 9.765263031861692298e+02 1.731999999999999886e+02
1.250000000000000000e+02 7.000000000000000666e-02 1.501729896989336399e-01 3.551289803342970117e+02 2.167083344276504420e+01 1.731999999999999886e+02
1.250000000000000000e+02 7.000000000000000666e-02 1.074517128023693702e-01 4.193555962059863873e+02 7.529595392227163302e+02 1.731999999999999886e+02
1.250000000000000000e+02 7.000000000000000666e-02 8.930906886681695689e-02 2.671063405491688627e+02 1.546428742956247788e+02 1.731999999999999886e+02
1.250000000000000000e+02 7.000000000000000666e-02 3.497725310762860723e-02 1.938219958859342569e+02 2.469521762155297040e+02 1.731999999999999886e+02
1.250000000000000000e+02 7.000000000000000666e-02 1.778870945000749215e-01 4.657386361312475174e+02 3.043548487009892369e+02 1.731999999999999886e+02
1.250000000000000000e+02 7.000000000000000666e-02 1.824739070930964935e-01 4.451602030191980930e+02 1.779262493012336961e+02 1.731999999999999886e+02
1.250000000000000000e+02 7.000000000000000666e-02 1.513207430298392497e-01 3.992080640715616369e+02 1.916744744358746289e+02 1.731999999999999886e+02
1.250000000000000000e+02 7.000000000000000666e-02 1.460602447628131240e-01 4.893037753940718630e+02 8.008226535833223352e+02 1.731999999999999886e+02
1.250000000000000000e+02 7.000000000000000666e-02 1.900185830694681166e-01 4.999165742121015228e+02 4.088000224359519734e+02 1.731999999999999886e+02
1.250000000000000000e+02 7.000000000000000666e-02 7.279734776247387407e-02 2.376320861032238554e+02 1.760530385867091638e+02 1.731999999999999886e+02
1.250000000000000000e+02 7.000000000000000666e-02 1.230632865463982123e-01 3.884100019108157085e+02 4.290390777806081246e+02 1.731999999999999886e+02
1.250000000000000000e+02 7.000000000000000666e-02 8.907582914172916533e-02 3.058495226332408947e+02 3.285075502417731172e+02 1.731999999999999886e+02
1.250000000000000000e+02 7.000000000000000666e-02 3.972831808492732070e-02 2.686520414831464905e+02 6.281285504625988096e+02 1.731999999999999886e+02
1.250000000000000000e+02 7.000000000000000666e-02 1.885099423256045570e-01 4.644313854552210046e+02 5.440022490343343264e+01 1.731999999999999886e+02
1.250000000000000000e+02 7.000000000000000666e-02 2.014075722807691371e-01 4.914650846463269431e+02 6.654870215861862448e+01 1.731999999999999886e+02
1.250000000000000000e+02 7.000000000000000666e-02 8.295909576382294592e-02 1.988623503858241293e+02 1.771204912677314169e+01 1.731999999999999886e+02
1.250000000000000000e+02 7.000000000000000666e-02 1.448707165286676202e-01 4.781038334624253139e+02 7.593099841226423905e+02 1.731999999999999886e+02
1.250000000000000000e+02 7.000000000000000666e-02 1.233274391372334300e-01 4.597485490922848044e+02 8.866303038989685774e+02 1.731999999999999886e+02
1.250000000000000000e+02 7.000000000000000666e-02 1.890202316610619937e-01 4.979851556554327772e+02 4.003693296529972940e+02 1.731999999999999886e+02
1.250000000000000000e+02 7.000000000000000666e-02 2.008306168307167905e-01 4.879703362958216530e+02 1.045814615764523552e+02 1.731999999999999886e+02
1.250000000000000000e+02 7.000000000000000666e-02 1.373844485599928500e-01 4.618660285869847257e+02 7.071574478604034084e+02 1.731999999999999886e+02
1.250000000000000000e+02 7.000000000000000666e-02 4.608409872860438211e-02 2.849165329555903554e+02 6.029122384424193797e+02 1.731999999999999886e+02
1.250000000000000000e+02 7.000000000000000666e-02 1.214487997454777035e-01 4.368820863404480974e+02 7.262399220219645031e+02 1.731999999999999886e+02
1.250000000000000000e+02 7.000000000000000666e-02 1.385662883780817700e-01 4.742233610438919982e+02 8.384874642460098357e+02 1.731999999999999886e+02
1.250000000000000000e+02 7.000000000000000666e-02 1.377921821872820918e-01 4.719128654078857039e+02 8.025953784125182437e+02 1.731999999999999886e+02
1.250000000000000000e+02 7.000000000000000666e-02 1.701361917327945117e-01 4.045588736343068490e+02 5.916530154228333771e+01 1.731999999999999886e+02
1.250000000000000000e+02 7.000000000000000666e-02 9.888808046229549675e-02 4.425032067293226987e+02 9.988289754132837288e+02 1.731999999999999886e+02
1.250000000000000000e+02 7.000000000000000666e-02 1.505145527717070830e-01 4.595744782796166419e+02 6.129586962097137075e+02 1.731999999999999886e+02
1.250000000000000000e+02 7.000000000000000666e-02 1.604231700232514879e-01 4.024197977975622393e+02 2.017428583819492189e+02 1.731999999999999886e+02
1.250000000000000000e+02 7.000000000000000666e-02 2.275419526596843267e-02 1.114489411473914799e+02 7.419780896924995659e+02 1.731999999999999886e+02
1.250000000000000000e+02 7.000000000000000666e-02 9.787604195976021271e-02 4.098597075125776996e+02 8.142456679444210295e+02 1.731999999999999886e+02
1.250000000000000000e+02 7.000000000000000666e-02 2.129050649973194265e-01 4.881578015307030682e+02 4.947222076524993639e+01 1.731999999999999886e+02
1.250000000000000000e+02 7.000000000000000666e-02 7.484202952516878782e-02 3.549147567832557115e+02 7.053560368412153139e+02 1.731999999999999886e+02
1.250000000000000000e+02 7.000000000000000666e-02 3.171366078951638745e-02 1.777232299748804394e+02 2.057190772177878557e+02 1.731999999999999886e+02
1.250000000000000000e+02 7.000000000000000666e-02 1.602102434688450761e-01 4.809348426181340983e+02 6.292421496260059257e+02 1.731999999999999886e+02
1.250000000000000000e+02 7.000000000000000666e-02 7.475691124906197471e-02 3.849880748896360956e+02 9.064868491936008468e+02 1.731999999999999886e+02
1.250000000000000000e+02 7.000000000000000666e-02 1.748889667279894811e-01 4.348512256215828984e+02 1.700907032178818952e+02 1.731999999999999886e+02
1.250000000000000000e+02 7.000000000000000666e-02 4.810985480542395720e-02 2.682779514558684468e+02 4.884642480915383658e+02 1.731999999999999886e+02
1.250000000000000000e+02 7.000000000000000666e-02 1.082533889758455214e-01 4.203768245856600743e+02 7.529072574246229124e+02 1.731999999999999886e+02
1.250000000000000000e+02 7.000000000000000666e-02 2.657482974150751284e-02 2.219530938711470185e+02 5.175117831635120638e+02 1.731999999999999886e+02
1.250000000000000000e+02 7.000000000000000666e-02 1.013785621517832441e-01 3.184907844117269633e+02 2.921940863907751691e+02 1.731999999999999886e+02
1.250000000000000000e+02 7.000000000000000666e-02 6.189380352805872593e-02 3.241520741373561236e+02 7.011906439517028957e+02 1.731999999999999886e+02
1.250000000000000000e+02 7.000000000000000666e-02 1.305836711403239037e-01 3.543483236082255985e+02 2.082373829276021127e+02 1.731999999999999886e+02
1.250000000000000000e+02 7.000000000000000666e-02 2.124048047474622058e-02 2.538354625897978849e+02 9.914213292181054840e+02 1.731999999999999886e+02
1.250000000000000000e+02 7.000000000000000666e-02 1.230671936318711718e-01 3.363568434247818573e+02 2.072302261598887583e+02 1.731999999999999886e+02
1.250000000000000000e+02 7.000000000000000666e-02 9.407619247796235318e-02 2.978784886853001126e+02 2.524159493967861465e+02 1.731999999999999886e+02
1.250000000000000000e+02 7.000000000000000666e-02 1.668616720086801009e-01 4.676965442519277190e+02 4.842162826666886417e+02 1.731999999999999886e+02
1.250000000000000000e+02 7.000000000000000666e-02 1.845954163102390133e-01 4.589370584569792868e+02 2.650535670008525813e+02 1.731999999999999886e+02
1.250000000000000000e+02 7.000000000000000666e-02 6.456792819004851525e-02 2.595334513085412027e+02 3.064318796612894857e+02 1.731999999999999886e+02
1.250000000000000000e+02 7.000000000000000666e-02 1.422684987273232782e-01 4.684440600450016063e+02 7.397661964584461884e+02 1.731999999999999886e+02
1.250000000000000000e+02 7.000000000000000666e-02 8.091951392831465972e-02 3.758070234182257536e+02 7.603183013913542254e+02 1.731999999999999886e+02
1.250000000000000000e+02 7.000000000000000666e-02 1.771449101953028460e-01 4.694504241157771958e+02 3.439019459328590642e+02 1.731999999999999886e+02
1.250000000000000000e+02 7.000000000000000666e-02 8.693871084677018413e-02 3.486204306183045674e+02 5.060990566065470944e+02 1.731999999999999886e+02
1.250000000000000000e+02 7.000000000000000666e-02 1.965273415160739834e-01 4.948173240252885421e+02 2.738324454632268612e+02 1.731999999999999886e+02
1.250000000000000000e+02 7.000000000000000666e-02 7.751007076868004879e-03 1.589254173336836402e+02 6.971005999073315706e+02 1.731999999999999886e+02
1.250000000000000000e+02 7.000000000000000666e-02 2.011120831782849672e-01 4.874938083282261800e+02 1.202768181192370989e+01 1.731999999999999886e+02
1.250000000000000000e+02 7.000000000000000666e-02 1.113032722049036860e-01 3.953486549534647452e+02 5.870576033276464614e+02 1.731999999999999886e+02
1.250000000000000000e+02 7.000000000000000666e-02 1.058363178852044645e-01 3.729564303423809974e+02 4.804708686770637200e+02 1.731999999999999886e+02
1.250000000000000000e+02 7.000000000000000666e-02 1.476121446665035197e-01 3.709997552864579689e+02 1.820595513278045132e+02 1.731999999999999886e+02
1.250000000000000000e+02 7.000000000000000666e-02 2.022332005270008337e-01 4.786743724881961271e+02 1.241118681304843250e+02 1.731999999999999886e+02
1.250000000000000000e+02 7.000000000000000666e-02 1.316348618436214979e-01 4.010561234956979888e+02 3.858387216570438341e+02 1.731999999999999886e+02
1.250000000000000000e+02 7.000000000000000666e-02 1.576103958463750121e-01 4.152565152714415149e+02 2.868498268169076368e+02 1.731999999999999886e+02
1.250000000000000000e+02 7.000000000000000666e-02 1.794238285439951064e-01 4.362660176685974989e+02 1.980011971928197170e+02 1.731999999999999886e+02
1.250000000000000000e+02 7.000000000000000666e-02 7.735302356017689784e-02 3.902739171139413088e+02 9.812521691259055387e+02 1.731999999999999886e+02
1.250000000000000000e+02 7.000000000000000666e-02 1.762337902372159704e-01 4.838566634988546298e+02 4.022925406833729767e+02 1.731999999999999886e+02
1.250000000000000000e+02 7.000000000000000666e-02 9.369250498994809162e-02 4.076297188486694836e+02 8.398444947232032973e+02 1.731999999999999886e+02
1.250000000000000000e+02 7.000000000000000666e-02 4.177472036790282756e-02 1.051997575640548206e+02 6.037760532064349945e+02 1.731999999999999886e+02
1.250000000000000000e+02 7.000000000000000666e-02 4.088921802254276427e-02 1.032312321157792070e+02 6.541799583914122422e+02 1.731999999999999886e+02
1.250000000000000000e+02 7.000000000000000666e-02 2.213085023145061267e-02 1.441607546396519979e+02 1.825075630752776874e+02 1.731999999999999886e+02
1.250000000000000000e+02 7.000000000000000666e-02 3.815471875196782547e-02 2.039392704133919096e+02 2.676483334784330168e+02 1.731999999999999886e+02
1.250000000000000000e+02 7.000000000000000666e-02 1.946009866987225556e-01 4.649695334303034429e+02 4.885817444183128089e+01 1.731999999999999886e+02
1.250000000000000000e+02 7.000000000000000666e-02 1.180572584843825462e-01 4.337796189664560416e+02 7.740607820739925273e+02 1.731999999999999886e+02
1.250000000000000000e+02 7.000000000000000666e-02 1.161506181309076846e-01 4.432134784954077418e+02 8.304079422914701354e+02 1.731999999999999886e+02
1.250000000000000000e+02 7.000000000000000666e-02 1.485442671378960910e-01 4.497508489511374137e+02 5.665722144465714791e+02 1.731999999999999886e+02
1.250000000000000000e+02 7.000000000000000666e-02 1.505676877086167265e-01 3.881569652539491813e+02 2.373840452149672160e+02 1.731999999999999886e+02
1.250000000000000000e+02 7.000000000000000666e-02 2.021424415541819841e-01 4.933931017842025994e+02 2.662956533066277416e+02 1.731999999999999886e+02
1.250000000000000000e+02 7.000000000000000666e-02 8.189432254678742640e-02 2.288157893801546550e+02 1.116719092334512169e+02 1.731999999999999886e+02
1.250000000000000000e+02 7.000000000000000666e-02 3.073751300274193618e-02 1.305155762487677009e+02 9.206773783733144967e+01 1.731999999999999886e+02
1.250000000000000000e+02 7.000000000000000666e-02 8.743922001611124928e-02 3.541064691028219613e+02 5.522218210486865928e+02 1.731999999999999886e+02
1.250000000000000000e+02 7.000000000000000666e-02 1.416608167463374868e-01 3.549400458428494289e+02 3.058585148443259527e+01 1.731999999999999886e+02
1.250000000000000000e+02 7.000000000000000666e-02 1.307872352471526056e-01 3.422963151533845121e+02 1.203583314060230691e+02 1.731999999999999886e+02
1.250000000000000000e+02 7.000000000000000666e-02 1.379110440196571752e-01 3.811958352465774738e+02 2.540424009909299912e+02 1.731999999999999886e+02
1.250000000000000000e+02 7.000000000000000666e-02 1.555977489142593428e-01 4.093908811608221185e+02 2.054486444871219248e+02 1.731999999999999886e+02
1.250000000000000000e+02 7.000000000000000666e-02 1.891913364799211739e-01 4.473280511263748167e+02 1.120458147463268688e+02 1.731999999999999886e+02
1.250000000000000000e+02 7.000000000000000666e-02 1.071742591471532280e-01 4.262917136446883433e+02 7.694280700817780598e+02 1.731999999999999886e+02
1.250000000000000000e+02 7.000000000000000666e-02 1.516751083979934189e-01 3.583905106591786307e+02 8.931131515003990273e+01 1.731999999999999886e+02
1.250000000000000000e+02 7.000000000000000666e-02 1.528257534893169844e-01 4.317911531113364845e+02 4.399989517116903812e+02 1.731999999999999886e+02
1.250000000000000000e+02 7.000000000000000666e-02 1.846887803354076985e-01 4.511265489135180360e+02 1.076683280627326980e+02 1.731999999999999886e+02
1.250000000000000000e+02 7.000000000000000666e-02 1.254817981306551866e-01 4.643726469292201386e+02 8.287718975244285957e+02 1.731999999999999886e+02
1.250000000000000000e+02 7.000000000000000666e-02 1.592985822276084817e-01 4.193130481139587573e+02 2.503185579544584698e+02 1.731999999999999886e+02
1.250000000000000000e+02 7.000000000000000666e-02 1.848090219156331149e-01 4.591935417265260639e+02 2.665407223354598614e+02 1.731999999999999886e+02
1.250000000000000000e+02 7.000000000000000666e-02 1.655959513576507058e-01 4.443342472463673971e+02 4.075529547686386991e+02 1.731999999999999886e+02
1.250000000000000000e+02 7.000000000000000666e-02 1.381312453288650599e-01 4.957676904502173443e+02 9.934203889257346418e+02 1.731999999999999886e+02
1.250000000000000000e+02 7.000000000000000666e-02 9.478646669054308083e-02 2.753557618301027787e+02 1.552486876748858435e+02 1.731999999999999886e+02
1.250000000000000000e+02 7.000000000000000666e-02 9.299128525207076001e-02 3.668052987948750570e+02 6.192870577534248469e+02 1.731999999999999886e+02
1.250000000000000000e+02 7.000000000000000666e-02 9.439794495441614086e-02 3.962424000282179577e+02 7.665964359312245051e+02 1.731999999999999886e+02
1.250000000000000000e+02 7.000000000000000666e-02 4.220840662494015211e-02 2.679454821450101463e+02 5.981410809028200219e+02 1.731999999999999886e+02
1.250000000000000000e+02 7.000000000000000666e-02 7.568866766974925719e-02 3.490153482480678804e+02 6.986985438294850610e+02 1.731999999999999886e+02
1.250000000000000000e+02 7.000000000000000666e-02 9.142478756402808160e-02 3.574360786729352526e+02 5.761251512570888735e+02 1.731999999999999886e+02
1.250000000000000000e+02 7.000000000000000666e-02 1.582899938940782736e-01 3.757044862274571528e+02 1.051503433469646183e+02 1.731999999999999886e+02
1.250000000000000000e+02 7.000000000000000666e-02 1.091207848911914108e-01 3.654337316535971922e+02 4.087402042808371903e+02 1.731999999999999886e+02
1.250000000000000000e+02 7.000000000000000666e-02 9.927852737713564746e-02 3.999183390062365788e+02 6.770811448020209582e+02 1.731999999999999886e+02
1.250000000000000000e+02 7.000000000000000666e-02 9.737636101639798175e-03 1.607294831579576737e+02 5.523153321705852932e+02 1.731999999999999886e+02
1.250000000000000000e+02 7.000000000000000666e-02 4.808516721211299194e-02 1.023077966829233816e+02 3.513206686042903470e+02 1.731999999999999886e+02
1.250000000000000000e+02 7.000000000000000666e-02 1.320009569719652123e-02 2.142326617734290153e+02 9.864903715090482592e+02 1.731999999999999886e+02
1.250000000000000000e+02 7.000000000000000666e-02 8.083560858761569545e-02 3.671674276878966907e+02 7.577782621830442622e+02 1.731999999999999886e+02
1.250000000000000000e+02 7.000000000000000666e-02 1.076487041041054027e-01 3.279062833056431145e+02 3.025706119478030587e+02 1.731999999999999886e+02
1.250000000000000000e+02 7.000000000000000666e-02 5.144371932114388812e-02 2.435556877083433847e+02 3.371290146167436319e+02 1.731999999999999886e+02
1.250000000000000000e+02 7.000000000000000666e-02 1.436760427029909470e-01 4.435145938978737945e+02 5.182862627364110040e+02 1.731999999999999886e+02
1.250000000000000000e+02 7.000000000000000666e-02 2.163554535402008316e-01 4.916126129897530745e+02 3.453757503485847735e+01 1.731999999999999886e+02
1.250000000000000000e+02 7.000000000000000666e-02 2.921471035381381989e-02 2.618217103292038814e+02 7.949504488023477506e+02 1.731999999999999886e+02
1.250000000000000000e+02 7.000000000000000666e-02 9.598338946460253582e-03 1.635204701442659427e+02 6.024527920624808530e+02 1.731999999999999886e+02
1.250000000000000000e+02 7.000000000000000666e-02 2.714942109813085064e-02 1.126291473914817374e+02 5.076318663787994865e+02 1.731999999999999886e+02
1.250000000000000000e+02 7.000000000000000666e-02 1.693687887840698569e-01 4.190807651480590152e+02 1.863212309766596775e+02 1.731999999999999886e+02
1.250000000000000000e+02 7.000000000000000666e-02 1.393786768579217961e-01 4.369856342486633025e+02 5.224365663275023053e+02 1.731999999999999886e+02
1.250000000000000000e+02 7.000000000000000666e-02 2.917860361374796999e-02 2.396213767428981214e+02 6.048051188744915407e+02 1.731999999999999886e+02
1.250000000000000000e+02 7.000000000000000666e-02 1.230558905423985265e-02 1.786422481611090802e+02 5.970930410276992006e+02 1.731999999999999886e+02
1.250000000000000000e+02 7.000000000000000666e-02 9.771941410423089225e-02 3.128389717119477496e+02 2.715737577885033716e+02 1.731999999999999886e+02
