1.250000000000000000e+02 7.000000000000000666e-02 1.886107902857427077e-01 4.645640429859991514e+02 2.731981874550266411e+02 1.731999999999999886e+02
1.250000000000000000e+02 7.000000000000000666e-02 1.186780515944055453e-01 3.798640730694980903e+02 4.310917174920879233e+02 1.731999999999999886e+02
1.250000000000000000e+02 7.000000000000000666e-02 4.496466660472891314e-02 3.008962913163461508e+02 7.727643861665592340e+02 1.731999999999999886e+02
1.250000000000000000e+02 7.000000000000000666e-02 1.898729685359043518e-01 4.459162258007645505e+02 4.616472824494178440e+01 1.731999999999999886e+02
1.250000000000000000e+02 7.000000000000000666e-02 1.371862801964172929e-01 3.943072033401696217e+02 3.493973848900669168e+02 1.731999999999999886e+02
1.250000000000000000e+02 7.000000000000000666e-02 1.606997263223598205e-01 4.006446061432289980e+02 1.034202851742018510e+02 1.731999999999999886e+02
1.250000000000000000e+02 7.000000000000000666e-02 3.045675539543566193e-02 2.639141302025572600e+02 7.595614086355110430e+02 1.731999999999999886e+02
1.250000000000000000e+02 7.000000000000000666e-02 1.513955296400177342e-01 3.861421843051422229e+02 2.178012974072713348e+02 1.731999999999999886e+02
1.250000000000000000e+02 7.000000000000000666e-02 7.378085239380996474e-02 3.518279549071386327e+02 7.198274515392574813e+02 1.731999999999999886e+02
1.250000000000000000e+02 7.000000000000000666e-02 1.415593613872277723e-01 3.601529698866197577e+02 1.767689849615392461e+02 1.731999999999999886e+02
1.250000000000000000e+02 7.000000000000000666e-02 2.018495938191630645e-01 4.924646607610602587e+02 2.807897749916956514e+02 1.731999999999999886e+02
1.250000000000000000e+02 7.000000000000000666e-02 1.257024259518512155e-01 3.823140987293472790e+02 3.836388573869404013e+02 1.731999999999999886e+02
1.250000000000000000e+02 7.000000000000000666e-02 2.057199094061563094e-01 4.900711181798504299e+02 6.847936715558540755e+01 1.731999999999999886e+02
1.250000000000000000e+02 7.000000000000000666e-02 1.131004455519690616e-01 2.882372593704221799e+02 9.875744889249233438e+01 1.731999999999999886e+02
1.250000000000000000e+02 7.000000000000000666e-02 5.151447067123636481e-02 2.200932073571789260e+02 2.193014441009654831e+02 1.731999999999999886e+02
1.250000000000000000e+02 7.000000000000000666e-02 1.425281249261449723e-01 4.826125909715778448e+02 8.266748127303017100e+02 1.731999999999999886e+02
1.250000000000000000e+02 7.000000000000000666e-02 1.092695990444541021e-01 2.737389979639727926e+02 1.548891368342889763e+01 1.731999999999999886e+02
1.250000000000000000e+02 7.000000000000000666e-02 2.604214872352411669e-02 2.386610986008040527e+02 6.739182174701220447e+02 1.731999999999999886e+02
1.250000000000000000e+02 7.000000000000000666e-02 1.915203485478899348e-01 4.920256865114170068e+02 2.564940036898476592e+02 1.731999999999999886e+02
1.250000000000000000e+02 7.000000000000000666e-02 8.857344131759581352e-02 2.799011002428363781e+02 2.322343725420186900e+02 1.731999999999999886e+02
1.250000000000000000e+02 7.000000000000000666e-02 2.083030942305661437e-01 4.982732990265089938e+02 1.301661899795520867e+02 1.731999999999999886e+02
1.250000000000000000e+02 7.000000000000000666e-02 1.732140967333638260e-01 4.751324839470063921e+02 4.292061268193110095e+02 1.731999999999999886e+02
1.250000000000000000e+02 7.000000000000000666e-02 1.977505735864447667e-01 4.619699348233137357e+02 1.020609603363152331e+02 1.731999999999999886e+02
1.250000000000000000e+02 7.000000000000000666e-02 4.554806411056604859e-02 2.605027046123227592e+02 4.598097183557173366e+02 1.731999999999999886e+02
1.250000000000000000e+02 7.000000000000000666e-02 1.310152691302523265e-01 3.590243536683616981e+02 2.019909254296743200e+02 1.731999999999999886e+02
1.250000000000000000e+02 7.000000000000000666e-02 3.118278561199579885e-02 2.575563209415307711e+02 7.022266542567273291e+02 1.731999999999999886e+02
1.250000000000000000e+02 7.000000000000000666e-02 1.866155422781028139e-01 4.867440753035431271e+02 4.202127687421875635e+02 1.731999999999999886e+02
1.250000000000000000e+02 7.000000000000000666e-02 1.474406210556540309e-01 4.339693338197976118e+02 4.763691186745712116e+02 1.731999999999999886e+02
1.250000000000000000e+02 7.000000000000000666e-02 3.906420326852394487e-02 2.880214236322555053e+02 7.751132849953836512e+02 1.731999999999999886e+02
1.250000000000000000e+02 7.000000000000000666e-02 6.108709079202499781e-02 2.555559550151017447e+02 3.002217334175089150e+02 1.731999999999999886e+02
1.250000000000000000e+02 7.000000000000000666e-02 6.311974663319824819e-02 3.441097006652402115e+02 8.213031051402462026e+02 1.731999999999999886e+02
1.250000000000000000e+02 7.000000000000000666e-02 1.167660408142468936e-01 4.525104333277236037e+02 8.868290885560851393e+02 1.731999999999999886e+02
1.250000000000000000e+02 7.000000000000000666e-02 1.572621011628893006e-01 3.849324233431603943e+02 4.440978650158026397e+01 1.731999999999999886e+02
1.250000000000000000e+02 7.000000000000000666e-02 1.542408707065213436e-01 4.068582815042729521e+02 2.246493701116936563e+02 1.731999999999999886e+02
1.250000000000000000e+02 7.000000000000000666e-02 1.081369253739096759e-01 2.930823189230843013e+02 1.304691124118282914e+02 1.731999999999999886e+02
1.250000000000000000e+02 7.000000000000000666e-02 1.297653491768539502e-01 4.645231812640097928e+02 8.407975772806788655e+02 1.731999999999999886e+02
1.250000000000000000e+02 7.000000000000000666e-02 1.300748260076303731e-01 3.235969205436236962e+02 1.650680335370872243e+01 1.731999999999999886e+02
1.250000000000000000e+02 7.000000000000000666e-02 1.802298306771778491e-01 4.798662515095711569e+02 4.671162423650136475e+02 1.731999999999999886e+02
1.250000000000000000e+02 7.000000000000000666e-02 9.038961578229183502e-02 2.529168920678570203e+02 1.190085342404435949e+02 1.731999999999999886e+02
1.250000000000000000e+02 7.000000000000000666e-02 2.923869374712507671e-02 2.513560599395372037e+02 7.096709166732734957e+02 1.731999999999999886e+02
1.250000000000000000e+02 7.000000000000000666e-02 1.480263926685387310e-01 4.493709390930883956e+02 5.375399766018495029e+02 1.731999999999999886e+02
1.250000000000000000e+02 7.000000000000000666e-02 1.143768381081841090e-01 4.101012307371338466e+02 6.692951850222951862e+02 1.731999999999999886e+02
1.250000000000000000e+02 7.000000000000000666e-02 1.636845561794621762e-01 4.830806878008310719e+02 5.881359463115104518e+02 1.731999999999999886e+02
1.250000000000000000e+02 7.000000000000000666e-02 1.813050506575532017e-01 4.703995304765738297e+02 2.803100973321726883e+02 1.731999999999999886e+02
1.250000000000000000e+02 7.000000000000000666e-02 2.055551628031317968e-01 4.845846409862237465e+02 2.081624956398275970e+02 1.731999999999999886e+02
1.250000000000000000e+02 7.000000000000000666e-02 1.974182186683081930e-01 4.836362580988701438e+02 2.816233335856504709e+02 1.731999999999999886e+02
1.250000000000000000e+02 7.000000000000000666e-02 7.949952245809317752e-02 2.448184269303272345e+02 1.562058642264902346e+02 1.731999999999999886e+02
1.250000000000000000e+02 7.000000000000000666e-02 1.176731772622511552e-01 3.300930269896089158e+02 2.406971067428082733e+02 1.731999999999999886e+02
1.250000000000000000e+02 7.000000000000000666e-02 1.364586587247510752e-01 3.462745373490706697e+02 1.282292815975052633e+02 1.731999999999999886e+02
1.250000000000000000e+02 7.000000000000000666e-02 4.857839912071141436e-02 2.651242809137589234e+02 4.729045150387493095e+02 1.731999999999999886e+02
1.250000000000000000e+02 7.000000000000000666e-02 1.891223694124957999e-01 4.672817287638778794e+02 1.390103677516761422e+02 1.731999999999999886e+02
1.250000000000000000e+02 7.000000000000000666e-02 1.787818061362883015e-01 4.667695597411326958e+02 3.570626357687519317e+02 1.731999999999999886e+02
1.250000000000000000e+02 7.000000000000000666e-02 1.702495829232805458e-01 4.997253140298017229e+02 5.662259021006361763e+02 1.731999999999999886e+02
1.250000000000000000e+02 7.000000000000000666e-02 1.484948985268421950e-01 4.211239683508464964e+02 3.330977055343422535e+02 1.731999999999999886e+02
1.250000000000000000e+02 7.000000000000000666e-02 1.293320843429407729e-01 3.559380668399308547e+02 2.216504550491865189e+02 1.731999999999999886e+02
1.250000000000000000e+02 7.000000000000000666e-02 1.490481300197225578e-01 3.733622152227445667e+02 1.454453393837961528e+02 1.731999999999999886e+02
1.250000000000000000e+02 7.000000000000000666e-02 1.004401275705053137e-01 4.057366880027703928e+02 7.835189973126864516e+02 1.731999999999999886e+02
1.250000000000000000e+02 7.000000000000000666e-02 9.154422642886235473e-02 3.465099909142717820e+02 5.092126075365709426e+02 1.731999999999999886e+02
1.250000000000000000e+02 7.000000000000000666e-02 1.664244654301740844e-01 4.554158950573051925e+02 3.977413405162968161e+02 1.731999999999999886e+02
1.250000000000000000e+02 7.000000000000000666e-02 9.961287795383602650e-02 3.233740650792460087e+02 2.906328737450933772e+02 1.731999999999999886e+02
1.250000000000000000e+02 7.000000000000000666e-02 1.129835744493971617e-01 3.982450201142151514e+02 5.841146434470871327e+02 1.731999999999999886e+02
1.250000000000000000e+02 7.000000000000000666e-02 1.351387942086776373e-01 4.084464323331703781e+02 4.138456690041068669e+02 1.731999999999999886e+02
1.250000000000000000e+02 7.000000000000000666e-02 1.806822447004974574e-01 4.813249965381559718e+02 3.797883554477925827e+02 1.731999999999999886e+02
1.250000000000000000e+02 7.000000000000000666e-02 1.568924751188780498e-01 4.136248233189035091e+02 2.176186640815403166e+02 1.731999999999999886e+02
1.250000000000000000e+02 7.000000000000000666e-02 1.937452528699996068e-01 4.543537752736393713e+02 1.557153519266744865e+02 1.731999999999999886e+02
1.250000000000000000e+02 7.000000000000000666e-02 1.345635617693300423e-01 3.325905216427345863e+02 3.685277594864251682e+01 1.731999999999999886e+02
1.250000000000000000e+02 7.000000000000000666e-02 1.133793308302709080e-01 2.889253984697967894e+02 1.208620105212844607e+02 1.731999999999999886e+02
1.250000000000000000e+02 7.000000000000000666e-02 1.457858143002890294e-01 3.497212458358251297e+02 5.915908870983323453e+01 1.731999999999999886e+02
1.250000000000000000e+02 7.000000000000000666e-02 6.867438509719023254e-02 2.799127415931667429e+02 3.450042115355377064e+02 1.731999999999999886e+02
1.250000000000000000e+02 7.000000000000000666e-02 1.891582611018110816e-01 4.627801619289200517e+02 1.717019894021103710e+02 1.731999999999999886e+02
1.250000000000000000e+02 7.000000000000000666e-02 2.061516316286067796e-01 4.731158129982222249e+02 3.113941421716343427e+01 1.731999999999999886e+02
1.250000000000000000e+02 7.000000000000000666e-02 1.688546176318343472e-01 4.268440925648970961e+02 1.991659888906796141e+02 1.731999999999999886e+02
1.250000000000000000e+02 7.000000000000000666e-02 1.443099454136504145e-01 3.979769866211329372e+02 3.411681829636873431e+02 1.731999999999999886e+02
1.250000000000000000e+02 7.000000000000000666e-02 8.514442566169290461e-02 3.561407069904932428e+02 6.164053751468026121e+02 1.731999999999999886e+02
1.250000000000000000e+02 7.000000000000000666e-02 8.360504108129340750e-02 2.244261234343135811e+02 9.291202399912950227e+01 1.731999999999999886e+02
1.250000000000000000e+02 7.000000000000000666e-02 7.182365887785513436e-02 3.679471325498292344e+02 8.720275328279593623e+02 1.731999999999999886e+02
1.250000000000000000e+02 7.000000000000000666e-02 8.720869270805794993e-02 2.118749783250330267e+02 2.071485624854425112e+01 1.731999999999999886e+02
1.250000000000000000e+02 7.000000000000000666e-02 3.006717400400599552e-02 2.489715683590534923e+02 6.927932311080014642e+02 1.731999999999999886e+02
1.250000000000000000e+02 7.000000000000000666e-02 9.087579116948463209e-02 4.151619377895134448e+02 9.094151843474232919e+02 1.731999999999999886e+02
1.250000000000000000e+02 7.000000000000000666e-02 1.981156749257194649e-01 4.632122858760483837e+02 1.278600457227241662e+02 1.731999999999999886e+02
1.250000000000000000e+02 7.000000000000000666e-02 1.885552083843966553e-01 4.595516220536381411e+02 2.837777682666780876e+01 1.731999999999999886e+02
1.250000000000000000e+02 7.000000000000000666e-02 9.246225507911057240e-02 3.793800448648332804e+02 6.879186676468161750e+02 1.731999999999999886e+02
1.250000000000000000e+02 7.000000000000000666e-02 1.033646257721093364e-01 2.716948117327313525e+02 1.025253949675006737e+02 1.731999999999999886e+02
1.250000000000000000e+02 7.000000000000000666e-02 1.352142496351680517e-02 2.045959268679694105e+02 8.482407045226084392e+02 1.731999999999999886e+02
1.250000000000000000e+02 7.000000000000000666e-02 1.195083933814689026e-01 4.365961045267175678e+02 7.117222688177859027e+02 1.731999999999999886e+02
1.250000000000000000e+02 7.000000000000000666e-02 1.032607753631757108e-01 3.624171194632199331e+02 4.597152623450172655e+02 1.731999999999999886e+02
1.250000000000000000e+02 7.000000000000000666e-02 1.985294288139517749e-01 4.619555660550250309e+02 6.408761308611289564e+01 1.731999999999999886e+02
1.250000000000000000e+02 7.000000000000000666e-02 1.421232696819178243e-01 4.027057495595256569e+02 3.221023249080587334e+02 1.731999999999999886e+02
1.250000000000000000e+02 7.000000000000000666e-02 1.358856626685108204e-01 4.326312707027839224e+02 5.959597024717824070e+02 1.731999999999999886e+02
1.250000000000000000e+02 7.000000000000000666e-02 1.793395384181872831e-01 4.589356713612319254e+02 2.352949762297399161e+02 1.731999999999999886e+02
1.250000000000000000e+02 7.000000000000000666e-02 1.761850419005109303e-01 4.685955288996765944e+02 3.835076854139223883e+02 1.731999999999999886e+02
1.250000000000000000e+02 7.000000000000000666e-02 6.735256156104317549e-02 3.586253395928414420e+02 8.347765214085007983e+02 1.731999999999999886e+02
1.250000000000000000e+02 7.000000000000000666e-02 1.465380095429590912e-01 3.582046550876680158e+02 1.162779352167692224e+02 1.731999999999999886e+02
1.250000000000000000e+02 7.000000000000000666e-02 1.475626992352025157e-01 4.134223145345196144e+02 3.155157909983562377e+02 1.731999999999999886e+02
1.250000000000000000e+02 7.000000000000000666e-02 1.068892719995448715e-01 3.147636017107935800e+02 2.279000226320737852e+02 1.731999999999999886e+02
1.250000000000000000e+02 7.000000000000000666e-02 1.850660330265788411e-01 4.950900225384104374e+02 4.068377803516752920e+02 1.731999999999999886e+02
1.250000000000000000e+02 7.000000000000000666e-02 2.916803353596124013e-02 2.385616567979794240e+02 6.238530861576083453e+02 1.731999999999999886e+02
1.250000000000000000e+02 7.000000000000000666e-02 8.622401672368447401e-02 2.435982012433520651e+02 1.257025650591965018e+02 1.731999999999999886e+02
1.250000000000000000e+02 7.000000000000000666e-02 3.863691143440643738e-02 2.173273498817834195e+02 3.296786998219629936e+02 1.731999999999999886e+02
1.250000000000000000e+02 7.000000000000000666e-02 1.432895354060992055e-01 4.356254788480021034e+02 5.239232428119756833e+02 1.731999999999999886e+02
1.250000000000000000e+02 7.000000000000000666e-02 1.125383016980083251e-01 4.472990429060089355e+02 8.529949884207429704e+02 1.731999999999999886e+02
1.250000000000000000e+02 7.000000000000000666e-02 8.392552827156986306e-02 3.759097255913563345e+02 7.184345651317696593e+02 1.731999999999999886e+02
1.250000000000000000e+02 7.000000000000000666e-02 1.180449013799619723e-01 4.423042746925621032e+02 8.456311901826959456e+02 1.731999999999999886e+02
1.250000000000000000e+02 7.000000000000000666e-02 1.913517053989687577e-01 4.897945274100552524e+02 3.990277199006714568e+02 1.731999999999999886e+02
1.250000000000000000e+02 7.000000000000000666e-02 3.589102533321020250e-02 2.565129600094761031e+02 6.077866353834763231e+02 1.731999999999999886e+02
1.250000000000000000e+02 7.000000000000000666e-02 1.325892285568139872e-01 3.277004329885492098e+02 1.260244601503058988e+02 1.731999999999999886e+02
1.250000000000000000e+02 7.000000000000000666e-02 1.159580609452487282e-01 3.739313904024600106e+02 4.044034726212286728e+02 1.731999999999999886e+02
1.250000000000000000e+02 7.000000000000000666e-02 1.426569814267135694e-01 3.960562049207325117e+02 2.977227099900422331e+02 1.731999999999999886e+02
1.250000000000000000e+02 7.000000000000000666e-02 6.061441352093838164e-02 2.773639539288735705e+02 4.017407732152363451e+02 1.731999999999999886e+02
1.250000000000000000e+02 7.000000000000000666e-02 1.708350972197615336e-01 4.401182553916045777e+02 3.418211513420794176e+02 1.731999999999999886e+02
1.250000000000000000e+02 7.000000000000000666e-02 1.354643146055881375e-01 3.501578260866650680e+02 1.479829387389033855e+02 1.731999999999999886e+02
1.250000000000000000e+02 7.000000000000000666e-02 2.227994604769847897e-02 2.108238099978026128e+02 5.242836139249733378e+02 1.731999999999999886e+02
1.250000000000000000e+02 7.000000000000000666e-02 1.932991393363803767e-01 4.949680259284746739e+02 4.263569623948117737e+02 1.731999999999999886e+02
1.250000000000000000e+02 7.000000000000000666e-02 1.668346651868737873e-01 4.016049529945209997e+02 3.850716760397330063e+01 1.731999999999999886e+02
1.250000000000000000e+02 7.000000000000000666e-02 7.184235856518900176e-02 2.517667795627066312e+02 2.264191648516535906e+02 1.731999999999999886e+02
1.250000000000000000e+02 7.000000000000000666e-02 2.300921358053834367e-02 2.021563822231003655e+02 4.692686558846055505e+02 1.731999999999999886e+02
1.250000000000000000e+02 7.000000000000000666e-02 1.475590461306009182e-01 3.544911048043155688e+02 1.238381941730601881e+02 1.731999999999999886e+02
1.250000000000000000e+02 7.000000000000000666e-02 1.261486980454244455e-01 4.565427469018088686e+02 8.477381917367534925e+02 1.731999999999999886e+02
1.250000000000000000e+02 7.000000000000000666e-02 1.770901124179896369e-01 4.831716219389656999e+02 4.824593380440823580e+02 1.731999999999999886e+02
1.250000000000000000e+02 7.000000000000000666e-02 2.789421498609262473e-02 2.557527733907625134e+02 7.958657674497790140e+02 1.731999999999999886e+02
1.250000000000000000e+02 7.000000000000000666e-02 8.277550578518516611e-02 2.816925978981685148e+02 2.539167486244926977e+02 1.731999999999999886e+02
1.250000000000000000e+02 7.000000000000000666e-02 1.844423826039612857e-01 4.838161656805622783e+02 4.189169317183375938e+02 1.731999999999999886e+02
1.250000000000000000e+02 7.000000000000000666e-02 1.710402722524799191e-01 4.265260098500432946e+02 1.318354725297213008e+02 1.731999999999999886e+02
1.250000000000000000e+02 7.000000000000000666e-02 1.528650469007866441e-01 4.276091008173879118e+02 3.762504506275199674e+02 1.731999999999999886e+02
1.250000000000000000e+02 7.000000000000000666e-02 1.944427357517693189e-01 4.831628741068022919e+02 2.018707239242720277e+02 1.731999999999999886e+02
1.250000000000000000e+02 7.000000000000000666e-02 1.250555644856259085e-01 4.091193453529650697e+02 5.266432835071017280e+02 1.731999999999999886e+02
1.250000000000000000e+02 7.000000000000000666e-02 1.655799073349990824e-01 4.282982082028470359e+02 2.160725023020134188e+02 1.731999999999999886e+02
1.250000000000000000e+02 7.000000000000000666e-02 1.618413371280614244e-01 4.437326068901070357e+02 3.386605471750384595e+02 1.731999999999999886e+02
1.250000000000000000e+02 7.000000000000000666e-02 1.433672624299446863e-01 3.785360646418051260e+02 2.561318152112787629e+02 1.731999999999999886e+02
1.250000000000000000e+02 7.000000000000000666e-02 1.111439923304157196e-01 2.859803634025997212e+02 5.939896891912353993e+01 1.731999999999999886e+02
1.250000000000000000e+02 7.000000000000000666e-02 9.144382841792314531e-02 3.954909505054404235e+02 8.193976983250281592e+02 1.731999999999999886e+02
1.250000000000000000e+02 7.000000000000000666e-02 1.601594565755636024e-01 3.952728995434449644e+02 2.835307146364586117e+01 1.731999999999999886e+02
1.250000000000000000e+02 7.000000000000000666e-02 8.105365604278770564e-02 3.664359954036575573e+02 7.152550674961051982e+02 1.731999999999999886e+02
1.250000000000000000e+02 7.000000000000000666e-02 9.604417941092144306e-02 2.583591937964009162e+02 1.010120132393938661e+02 1.731999999999999886e+02
1.250000000000000000e+02 7.000000000000000666e-02 1.491128001854918894e-01 4.876414978648498391e+02 8.030465366694672866e+02 1.731999999999999886e+02
1.250000000000000000e+02 7.000000000000000666e-02 1.656173770705384185e-01 4.678821420236959057e+02 4.476921987654152417e+02 1.731999999999999886e+02
1.250000000000000000e+02 7.000000000000000666e-02 8.314660338580331933e-02 2.855405095074380597e+02 2.829071720025100944e+02 1.731999999999999886e+02
1.250000000000000000e+02 7.000000000000000666e-02 1.190610829309162039e-01 3.739661756413790954e+02 3.831808705661618433e+02 1.731999999999999886e+02
1.250000000000000000e+02 7.000000000000000666e-02 1.115095534737010757e-01 4.429454456903121695e+02 8.528260083632479791e+02 1.731999999999999886e+02
1.250000000000000000e+02 7.000000000000000666e-02 1.807836191654944302e-01 4.560802915059303473e+02 2.741261836848490816e+02 1.731999999999999886e+02
1.250000000000000000e+02 7.000000000000000666e-02 1.787270156994609505e-01 4.388599480277139264e+02 1.022528683028621970e+02 1.731999999999999886e+02
1.250000000000000000e+02 7.000000000000000666e-02 1.404590505478443829e-01 4.560544872845703708e+02 5.934273240834249918e+02 1.731999999999999886e+02
1.250000000000000000e+02 7.000000000000000666e-02 1.977982838690007794e-01 4.667794867159376508e+02 2.424721841100050312e+01 1.731999999999999886e+02
1.250000000000000000e+02 7.000000000000000666e-02 1.989258100997764733e-01 4.694222842807417351e+02 6.342312848391834024e+01 1.731999999999999886e+02
1.250000000000000000e+02 7.000000000000000666e-02 1.291709921931133154e-01 4.821273107395306852e+02 9.309432631230171182e+02 1.731999999999999886e+02
1.250000000000000000e+02 7.000000000000000666e-02 1.214715962229776097e-01 3.756385634673952723e+02 3.548915693369432915e+02 1.731999999999999886e+02
1.250000000000000000e+02 7.000000000000000666e-02 1.951208307286534660e-01 4.617376814721632741e+02 6.256921580099760405e+01 1.731999999999999886e+02
1.250000000000000000e+02 7.000000000000000666e-02 9.316227227708269443e-02 2.693600970726650985e+02 1.623246744826193151e+02 1.731999999999999886e+02
1.250000000000000000e+02 7.000000000000000666e-02 1.627914182198134663e-01 4.652762976933187815e+02 4.543095598534558235e+02 1.731999999999999886e+02
1.250000000000000000e+02 7.000000000000000666e-02 1.808884002910967903e-01 4.277837339225339974e+02 2.133611166844247720e+01 1.731999999999999886e+02
1.250000000000000000e+02 7.000000000000000666e-02 9.408614196463620238e-02 4.008978247025969495e+02 8.078007760779885302e+02 1.731999999999999886e+02
1.250000000000000000e+02 7.000000000000000666e-02 1.228314233070571249e-01 4.602876237969435351e+02 8.621849622478918036e+02 1.731999999999999886e+02
1.250000000000000000e+02 7.000000000000000666e-02 2.994396634193378925e-02 2.332125681551692935e+02 5.560066403608304881e+02 1.731999999999999886e+02
1.250000000000000000e+02 7.000000000000000666e-02 1.816952199363209286e-01 4.854863156089317044e+02 3.545564505780913009e+02 1.731999999999999886e+02
1.250000000000000000e+02 7.000000000000000666e-02 1.703488370704453747e-01 4.801084145903748777e+02 4.330867469189373082e+02 1.731999999999999886e+02
1.250000000000000000e+02 7.000000000000000666e-02 1.944811977187642094e-01 4.921763586106646926e+02 2.894578629508982317e+02 1.731999999999999886e+02
1.250000000000000000e+02 7.000000000000000666e-02 8.565702076712589097e-02 4.007277272720499468e+02 8.887121740177468610e+02 1.731999999999999886e+02
1.250000000000000000e+02 7.000000000000000666e-02 1.695636478957619209e-01 4.102889219890162167e+02 1.827616171025000540e+02 1.731999999999999886e+02
1.250000000000000000e+02 7.000000000000000666e-02 2.049159893889977435e-01 4.844891469387708867e+02 8.394934159571491250e+01 1.731999999999999886e+02
