1.250000000000000000e+02 7.000000000000000666e-02 8.083281715777402843e-01 1.839694790729039823e+03 2.008738431986485296e+02 1.731999999999999886e+02
1.250000000000000000e+02 7.000000000000000666e-02 6.113902394388874839e-01 1.361634174981271826e+03 8.292691495786462497e+01 1.731999999999999886e+02
1.250000000000000000e+02 7.000000000000000666e-02 9.404392984572036429e-01 2.198287767489099679e+03 9.205729516830230068e+02 1.731999999999999886e+02
1.250000000000000000e+02 7.000000000000000666e-02 7.367890855534067196e-01 1.743331123282716362e+03 3.730796816398148508e+02 1.731999999999999886e+02
1.250000000000000000e+02 7.000000000000000666e-02 4.963578577042852547e-01 1.170155224623216554e+03 5.057539039530019664e+01 1.731999999999999886e+02
1.250000000000000000e+02 7.000000000000000666e-02 6.088842325779625364e-01 1.405694338271430979e+03 1.865205397221463954e+02 1.731999999999999886e+02
1.250000000000000000e+02 7.000000000000000666e-02 6.497514773082888606e-01 1.478248884406586967e+03 6.083146667668922873e+02 1.731999999999999886e+02
1.250000000000000000e+02 7.000000000000000666e-02 7.508606302438604052e-01 1.718767465775885967e+03 5.085478037430280551e+02 1.731999999999999886e+02
1.250000000000000000e+02 7.000000000000000666e-02 7.822760576781978559e-01 1.878182229990999531e+03 3.461896506026998850e+02 1.731999999999999886e+02
1.250000000000000000e+02 7.000000000000000666e-02 9.332677001537681427e-01 2.203586229751319934e+03 4.586280000727397237e+02 1.731999999999999886e+02
1.250000000000000000e+02 7.000000000000000666e-02 9.150511647923018632e-01 2.139023564249078845e+03 4.634616182592540099e+02 1.731999999999999886e+02
1.250000000000000000e+02 7.000000000000000666e-02 7.958010601529138528e-01 1.901885537264724007e+03 2.311897493156214693e+02 1.731999999999999886e+02
1.250000000000000000e+02 7.000000000000000666e-02 5.346368134040273556e-01 1.194344608853995624e+03 4.529629817481066425e+02 1.731999999999999886e+02
1.250000000000000000e+02 7.000000000000000666e-02 9.196701653764383089e-01 2.139986956323020877e+03 5.785119773345357999e+02 1.731999999999999886e+02
1.250000000000000000e+02 7.000000000000000666e-02 8.002194521350483036e-01 1.778032517545357223e+03 6.262843558959799566e+02 1.731999999999999886e+02
1.250000000000000000e+02 7.000000000000000666e-02 9.024381130419765196e-01 2.049996296538477509e+03 3.522413587715986978e+02 1.731999999999999886e+02
1.250000000000000000e+02 7.000000000000000666e-02 7.387127597151852409e-01 1.736893070845011607e+03 1.554442336993014067e+02 1.731999999999999886e+02
1.250000000000000000e+02 7.000000000000000666e-02 7.384481192261993510e-01 1.755803273273398645e+03 4.140622491476991627e+02 1.731999999999999886e+02
1.250000000000000000e+02 7.000000000000000666e-02 9.882010163590960738e-01 2.251957684165764931e+03 2.697975313105967530e+02 1.731999999999999886e+02
1.250000000000000000e+02 7.000000000000000666e-02 6.881060027582726057e-01 1.581301257979745515e+03 6.239611368381459897e+02 1.731999999999999886e+02
1.250000000000000000e+02 7.000000000000000666e-02 8.782453656270777786e-01 2.049053643480023766e+03 9.204293308899412978e+02 1.731999999999999886e+02
1.250000000000000000e+02 7.000000000000000666e-02 6.177107556948756573e-01 1.483260620164081502e+03 1.082784793696640335e+01 1.731999999999999886e+02
1.250000000000000000e+02 7.000000000000000666e-02 9.534651378843271852e-01 2.251017393293982423e+03 1.543671066737813362e+02 1.731999999999999886e+02
1.250000000000000000e+02 7.000000000000000666e-02 8.552075379605469374e-01 1.923656055499950298e+03 7.745842540323453704e+02 1.731999999999999886e+02
1.250000000000000000e+02 7.000000000000000666e-02 9.933860949728021694e-01 2.277209757806600464e+03 3.540692103593294178e+02 1.731999999999999886e+02
1.250000000000000000e+02 7.000000000000000666e-02 9.292487148465560232e-01 2.092835309982933722e+03 1.307612135558285331e+02 1.731999999999999886e+02
1.250000000000000000e+02 7.000000000000000666e-02 9.920985157748726246e-01 2.359484438675756337e+03 6.861914911606022542e+02 1.731999999999999886e+02
1.250000000000000000e+02 7.000000000000000666e-02 9.593721092412418328e-01 2.279865694195865217e+03 5.930513685468964695e+02 1.731999999999999886e+02
1.250000000000000000e+02 7.000000000000000666e-02 9.706950786850532253e-01 2.212541746678307845e+03 6.055306827908225387e+02 1.731999999999999886e+02
1.250000000000000000e+02 7.000000000000000666e-02 9.246436808826672404e-01 2.192031997010437408e+03 6.031616440056496913e+02 1.731999999999999886e+02
1.250000000000000000e+02 7.000000000000000666e-02 9.174645543851365215e-01 2.100280284381819001e+03 9.667241519272644155e+02 1.731999999999999886e+02
1.250000000000000000e+02 7.000000000000000666e-02 5.961376797758992652e-01 1.404227401670644667e+03 4.033248251682874752e+02 1.731999999999999886e+02
1.250000000000000000e+02 7.000000000000000666e-02 8.824976852135152372e-01 2.080012628933078304e+03 3.985327267318951954e+02 1.731999999999999886e+02
1.250000000000000000e+02 7.000000000000000666e-02 5.942003307611563034e-01 1.330937230669646851e+03 5.174160784192430356e+02 1.731999999999999886e+02
1.250000000000000000e+02 7.000000000000000666e-02 6.014369681798872325e-01 1.416663886164033329e+03 1.792874723916270341e+02 1.731999999999999886e+02
1.250000000000000000e+02 7.000000000000000666e-02 4.496431419522642359e-01 1.082907885135990682e+03 4.624629475049073903e+02 1.731999999999999886e+02
1.250000000000000000e+02 7.000000000000000666e-02 5.145470351497565265e-01 1.241489968797365918e+03 5.423949942010756331e+02 1.731999999999999886e+02
1.250000000000000000e+02 7.000000000000000666e-02 4.936667712995941315e-01 1.122343857445753883e+03 8.157815375867459124e+02 1.731999999999999886e+02
1.250000000000000000e+02 7.000000000000000666e-02 7.510227766657212589e-01 1.744424854539916851e+03 2.971734331887198550e+02 1.731999999999999886e+02
1.250000000000000000e+02 7.000000000000000666e-02 7.351323954379085368e-01 1.761697326715482177e+03 9.397909992700004977e+02 1.731999999999999886e+02
1.250000000000000000e+02 7.000000000000000666e-02 9.700846222141626951e-01 2.267939967904704645e+03 1.994200510191918454e+02 1.731999999999999886e+02
1.250000000000000000e+02 7.000000000000000666e-02 9.446682220469739821e-01 2.087284355301633695e+03 5.181781902671622220e+02 1.731999999999999886e+02
1.250000000000000000e+02 7.000000000000000666e-02 9.575879745901689777e-01 2.294757117687502614e+03 6.828789030939284430e+02 1.731999999999999886e+02
1.250000000000000000e+02 7.000000000000000666e-02 6.334085619433520442e-01 1.454356930133382093e+03 8.209944207272118319e+02 1.731999999999999886e+02
1.250000000000000000e+02 7.000000000000000666e-02 9.424946817639562324e-01 2.243153673998368504e+03 8.024507690395213331e+02 1.731999999999999886e+02
1.250000000000000000e+02 7.000000000000000666e-02 9.930147179509909439e-01 2.331807282353872779e+03 8.651960998729342691e+02 1.731999999999999886e+02
1.250000000000000000e+02 7.000000000000000666e-02 8.964763445312881052e-01 1.987399561125592982e+03 2.811747114974629085e+02 1.731999999999999886e+02
1.250000000000000000e+02 7.000000000000000666e-02 4.840211042681911158e-01 1.117374054320560845e+03 9.452409489053011384e+02 1.731999999999999886e+02
1.250000000000000000e+02 7.000000000000000666e-02 9.998746671607756653e-01 2.288188224473771697e+03 8.418887008271750574e+02 1.731999999999999886e+02
1.250000000000000000e+02 7.000000000000000666e-02 6.377512725586568232e-01 1.501151229933298055e+03 9.094754777097754186e+02 1.731999999999999886e+02
1.250000000000000000e+02 7.000000000000000666e-02 7.344902906521325603e-01 1.701286744063349715e+03 9.681249784506042033e+02 1.731999999999999886e+02
1.250000000000000000e+02 7.000000000000000666e-02 7.079553331498644742e-01 1.604855572356841549e+03 8.929091469134679073e+02 1.731999999999999886e+02
1.250000000000000000e+02 7.000000000000000666e-02 9.828687899552804863e-01 2.298470002249395293e+03 3.136943292336426339e+02 1.731999999999999886e+02
1.250000000000000000e+02 7.000000000000000666e-02 9.072969396470649261e-01 2.121226653968084065e+03 2.918791733201288139e+02 1.731999999999999886e+02
1.250000000000000000e+02 7.000000000000000666e-02 9.326736515930964533e-01 2.232318675681317018e+03 4.646097335391873457e+02 1.731999999999999886e+02
1.250000000000000000e+02 7.000000000000000666e-02 5.896862885473416194e-01 1.390166663111214802e+03 2.877413990407052324e+02 1.731999999999999886e+02
1.250000000000000000e+02 7.000000000000000666e-02 7.655932592125400671e-01 1.794338382316740535e+03 2.166222865509438407e+02 1.731999999999999886e+02
1.250000000000000000e+02 7.000000000000000666e-02 5.568432140050836310e-01 1.338647038337333242e+03 5.428713189668156929e+02 1.731999999999999886e+02
1.250000000000000000e+02 7.000000000000000666e-02 7.216756988169616971e-01 1.715100546700329687e+03 4.755643938622375799e+02 1.731999999999999886e+02
1.250000000000000000e+02 7.000000000000000666e-02 8.701848276080073052e-01 2.014225858466587397e+03 3.520955547249516826e+01 1.731999999999999886e+02
1.250000000000000000e+02 7.000000000000000666e-02 9.707647554052056815e-01 2.302538463057624540e+03 2.080943450512081370e+02 1.731999999999999886e+02
1.250000000000000000e+02 7.000000000000000666e-02 6.019531731171280375e-01 1.360214189684670828e+03 7.460153471174078277e+01 1.731999999999999886e+02
1.250000000000000000e+02 7.000000000000000666e-02 4.580943249597839162e-01 1.062843525038134430e+03 2.148587685665980871e+02 1.731999999999999886e+02
1.250000000000000000e+02 7.000000000000000666e-02 8.159596267319904062e-01 1.911291061280894155e+03 9.233420918153294679e+02 1.731999999999999886e+02
1.250000000000000000e+02 7.000000000000000666e-02 5.241566539795373680e-01 1.276624350643791786e+03 9.505135131369241890e+02 1.731999999999999886e+02
1.250000000000000000e+02 7.000000000000000666e-02 8.465147813928387555e-01 1.962533941142309232e+03 6.788380076343603378e+02 1.731999999999999886e+02
1.250000000000000000e+02 7.000000000000000666e-02 4.426627241070462682e-01 1.029934419853402460e+03 5.377694442153164118e+02 1.731999999999999886e+02
1.250000000000000000e+02 7.000000000000000666e-02 8.031904030667853522e-01 1.807122816716157104e+03 2.990042012284870339e+02 1.731999999999999886e+02
1.250000000000000000e+02 7.000000000000000666e-02 6.314854107510730064e-01 1.506429311093691467e+03 6.891337346265657970e+01 1.731999999999999886e+02
1.250000000000000000e+02 7.000000000000000666e-02 7.981632730799895770e-01 1.837023667474994454e+03 4.655897440867368573e+02 1.731999999999999886e+02
1.250000000000000000e+02 7.000000000000000666e-02 5.259152548448234876e-01 1.264074220200993068e+03 5.220484882164311102e+02 1.731999999999999886e+02
1.250000000000000000e+02 7.000000000000000666e-02 8.221578010727835784e-01 1.871415031445785417e+03 2.920411881786945401e+02 1.731999999999999886e+02
1.250000000000000000e+02 7.000000000000000666e-02 8.310473955260769818e-01 1.840309970727726977e+03 5.409546174883193999e+02 1.731999999999999886e+02
1.250000000000000000e+02 7.000000000000000666e-02 8.341910562445435939e-01 1.963952384198686559e+03 5.853562283598708973e+02 1.731999999999999886e+02
1.250000000000000000e+02 7.000000000000000666e-02 8.853877090832029673e-01 2.042998535269848162e+03 8.438125738164138738e+02 1.731999999999999886e+02
1.250000000000000000e+02 7.000000000000000666e-02 6.321385634329834691e-01 1.516068021632540876e+03 7.835136217961994589e+02 1.731999999999999886e+02
1.250000000000000000e+02 7.000000000000000666e-02 8.522107026897730586e-01 1.904585591112750535e+03 3.802537655308377111e+02 1.731999999999999886e+02
1.250000000000000000e+02 7.000000000000000666e-02 9.011563223617582441e-01 2.028255917672647456e+03 2.128015395922698474e+02 1.731999999999999886e+02
1.250000000000000000e+02 7.000000000000000666e-02 5.252123433968881594e-01 1.257510649952752829e+03 2.933488373921769039e+02 1.731999999999999886e+02
1.250000000000000000e+02 7.000000000000000666e-02 9.105298655376958816e-01 2.057883807228806290e+03 4.909008975153940355e+02 1.731999999999999886e+02
1.250000000000000000e+02 7.000000000000000666e-02 9.758583416905317609e-01 2.287998155975232748e+03 8.475559209368809661e+02 1.731999999999999886e+02
1.250000000000000000e+02 7.000000000000000666e-02 8.618062195755943344e-01 1.923086919748704076e+03 5.818330531715907910e+02 1.731999999999999886e+02
1.250000000000000000e+02 7.000000000000000666e-02 6.980240328131807059e-01 1.592749940170504942e+03 9.680978492545702920e+02 1.731999999999999886e+02
1.250000000000000000e+02 7.000000000000000666e-02 7.964871312770899214e-01 1.845179666645934049e+03 7.654530386842556027e+02 1.731999999999999886e+02
1.250000000000000000e+02 7.000000000000000666e-02 8.809363555629762255e-01 2.003040096788358824e+03 3.996663409709912003e+02 1.731999999999999886e+02
1.250000000000000000e+02 7.000000000000000666e-02 9.804267310099273880e-01 2.196679640497414312e+03 5.311841884861212293e+02 1.731999999999999886e+02
1.250000000000000000e+02 7.000000000000000666e-02 8.385331171634602399e-01 1.994453394041219099e+03 4.915357542957929837e+01 1.731999999999999886e+02
1.250000000000000000e+02 7.000000000000000666e-02 8.047048818665809566e-01 1.920792915433784401e+03 2.590773525073409473e+02 1.731999999999999886e+02
1.250000000000000000e+02 7.000000000000000666e-02 8.426560445949567990e-01 1.996919805276702846e+03 4.637750967108735267e+02 1.731999999999999886e+02
1.250000000000000000e+02 7.000000000000000666e-02 9.561294745806508955e-01 2.140210859268116110e+03 7.640807147346370130e+02 1.731999999999999886e+02
1.250000000000000000e+02 7.000000000000000666e-02 4.851538729449794696e-01 1.098816056564864539e+03 3.236394273952774938e+02 1.731999999999999886e+02
1.250000000000000000e+02 7.000000000000000666e-02 9.457863020190251380e-01 2.118950406206299704e+03 9.953687533242174368e+02 1.731999999999999886e+02
1.250000000000000000e+02 7.000000000000000666e-02 5.457317095754743441e-01 1.266221292045739801e+03 3.155946285678043068e+02 1.731999999999999886e+02
1.250000000000000000e+02 7.000000000000000666e-02 8.588248286289122957e-01 2.030363108509556241e+03 7.115054134901407679e+02 1.731999999999999886e+02
1.250000000000000000e+02 7.000000000000000666e-02 7.680316806796703144e-01 1.802586414977308323e+03 9.419641525937944380e+02 1.731999999999999886e+02
1.250000000000000000e+02 7.000000000000000666e-02 7.425120303308920811e-01 1.748080005201270069e+03 2.382660641601339933e+02 1.731999999999999886e+02
1.250000000000000000e+02 7.000000000000000666e-02 4.677955650798324982e-01 1.084410207612375643e+03 7.970779698719176167e+02 1.731999999999999886e+02
1.250000000000000000e+02 7.000000000000000666e-02 5.828246265184743313e-01 1.293367007375687081e+03 1.023184337344889485e+02 1.731999999999999886e+02
1.250000000000000000e+02 7.000000000000000666e-02 6.023347344871108344e-01 1.380783330402243564e+03 7.843615181331059603e+02 1.731999999999999886e+02
1.250000000000000000e+02 7.000000000000000666e-02 6.873045099351096088e-01 1.554095186055494878e+03 6.532038789116526232e+02 1.731999999999999886e+02
1.250000000000000000e+02 7.000000000000000666e-02 5.343732069495262804e-01 1.294105232993742447e+03 7.941494841801560369e+02 1.731999999999999886e+02
1.250000000000000000e+02 7.000000000000000666e-02 8.787880919041657357e-01 1.988564725879605248e+03 7.396893074673655519e+02 1.731999999999999886e+02
1.250000000000000000e+02 7.000000000000000666e-02 9.989676220909762261e-01 2.215926289132286911e+03 7.565815082098773701e+02 1.731999999999999886e+02
1.250000000000000000e+02 7.000000000000000666e-02 5.473390669220172811e-01 1.256092801625098900e+03 1.040701052745262984e+02 1.731999999999999886e+02
1.250000000000000000e+02 7.000000000000000666e-02 8.944128864190379335e-01 2.001756756738983313e+03 5.805567495809451657e+02 1.731999999999999886e+02
1.250000000000000000e+02 7.000000000000000666e-02 7.259366400289635202e-01 1.678986617825596113e+03 4.842556131191890927e+02 1.731999999999999886e+02
1.250000000000000000e+02 7.000000000000000666e-02 8.276246243030513927e-01 1.853924161206119379e+03 1.409745583992597346e+02 1.731999999999999886e+02
1.250000000000000000e+02 7.000000000000000666e-02 9.612610953656524071e-01 2.253168599248395367e+03 1.016871588672593560e+02 1.731999999999999886e+02
1.250000000000000000e+02 7.000000000000000666e-02 4.433660709151930890e-01 1.013063863501092669e+03 6.926800010192266654e+02 1.731999999999999886e+02
1.250000000000000000e+02 7.000000000000000666e-02 8.101799705961028053e-01 1.842448041824596658e+03 8.392429251137502888e+02 1.731999999999999886e+02
1.250000000000000000e+02 7.000000000000000666e-02 4.862239772035301666e-01 1.107310719550552676e+03 5.255547809150292551e+02 1.731999999999999886e+02
1.250000000000000000e+02 7.000000000000000666e-02 7.305082625936979435e-01 1.753148700213001121e+03 8.293595659609182746e+01 1.731999999999999886e+02
1.250000000000000000e+02 7.000000000000000666e-02 9.721357645800614566e-01 2.202354916514094839e+03 5.340505871926064856e+02 1.731999999999999886e+02
1.250000000000000000e+02 7.000000000000000666e-02 7.490164973904356316e-01 1.673065431957435749e+03 2.091294618842037210e+02 1.731999999999999886e+02
1.250000000000000000e+02 7.000000000000000666e-02 5.708639217401658694e-01 1.275071701798442518e+03 7.123528057733708465e+02 1.731999999999999886e+02
1.250000000000000000e+02 7.000000000000000666e-02 9.594656413157062191e-01 2.211506055089918846e+03 6.169262093598980528e+02 1.731999999999999886e+02
1.250000000000000000e+02 7.000000000000000666e-02 7.611375451954217608e-01 1.829643178835392519e+03 8.177800501302569955e+02 1.731999999999999886e+02
1.250000000000000000e+02 7.000000000000000666e-02 8.102733989112193003e-01 1.791953307538649369e+03 1.474047229115861910e+02 1.731999999999999886e+02
1.250000000000000000e+02 7.000000000000000666e-02 7.390992600181450767e-01 1.739243793048121461e+03 1.497077472178719120e+02 1.731999999999999886e+02
1.250000000000000000e+02 7.000000000000000666e-02 8.593924367037711898e-01 2.039299321268711992e+03 8.607013043178407088e+02 1.731999999999999886e+02
1.250000000000000000e+02 7.000000000000000666e-02 7.026964363961667459e-01 1.635566997730188177e+03 1.818708513124579156e+02 1.731999999999999886e+02
1.250000000000000000e+02 7.000000000000000666e-02 8.908801326162067991e-01 2.045372736068692575e+03 5.803367647226839381e+02 1.731999999999999886e+02
1.250000000000000000e+02 7.000000000000000666e-02 6.686154017530502314e-01 1.517686283092280519e+03 9.480370388174172547e+01 1.731999999999999886e+02
1.250000000000000000e+02 7.000000000000000666e-02 5.203173914860728111e-01 1.209554094761435863e+03 2.694017049376444106e+02 1.731999999999999886e+02
1.250000000000000000e+02 7.000000000000000666e-02 4.831952444442559336e-01 1.144419922307922207e+03 8.406855956430473498e+02 1.731999999999999886e+02
1.250000000000000000e+02 7.000000000000000666e-02 9.674690310525053683e-01 2.266498578293227183e+03 2.504120723626501501e+02 1.731999999999999886e+02
1.250000000000000000e+02 7.000000000000000666e-02 5.632523293226626704e-01 1.347243679460741760e+03 9.854113474131796693e+02 1.731999999999999886e+02
1.250000000000000000e+02 7.000000000000000666e-02 9.417471709834430715e-01 2.226576389462990846e+03 3.510692866054224623e+02 1.731999999999999886e+02
1.250000000000000000e+02 7.000000000000000666e-02 9.919223562574979169e-01 2.352957545347622272e+03 1.424993559970325236e+02 1.731999999999999886e+02
1.250000000000000000e+02 7.000000000000000666e-02 6.252484661200776728e-01 1.470355028391123369e+03 1.904320566513808899e+02 1.731999999999999886e+02
1.250000000000000000e+02 7.000000000000000666e-02 7.746137046420989991e-01 1.745380467849408205e+03 7.724753813660588548e+02 1.731999999999999886e+02
1.250000000000000000e+02 7.000000000000000666e-02 9.384558330559694683e-01 2.164930557428405336e+03 4.549669928447982556e+02 1.731999999999999886e+02
1.250000000000000000e+02 7.000000000000000666e-02 7.873018574470855846e-01 1.849437718871160541e+03 5.469673354590703411e+02 1.731999999999999886e+02
1.250000000000000000e+02 7.000000000000000666e-02 7.871769109204901360e-01 1.850906808339210329e+03 1.088893807157324858e+02 1.731999999999999886e+02
1.250000000000000000e+02 7.000000000000000666e-02 5.567473570435953478e-01 1.279805528891757831e+03 9.470032684733021142e+02 1.731999999999999886e+02
1.250000000000000000e+02 7.000000000000000666e-02 9.971199413628024644e-01 2.302061745021976094e+03 2.765906952993083223e+02 1.731999999999999886e+02
1.250000000000000000e+02 7.000000000000000666e-02 6.043336161063909140e-01 1.450257049719479255e+03 5.119257444146553553e+02 1.731999999999999886e+02
1.250000000000000000e+02 7.000000000000000666e-02 5.159320016099089301e-01 1.212806617709374677e+03 5.355249250032363761e+02 1.731999999999999886e+02
1.250000000000000000e+02 7.000000000000000666e-02 8.627902855025242346e-01 1.929536561408058333e+03 8.951405277452819291e+02 1.731999999999999886e+02
1.250000000000000000e+02 7.000000000000000666e-02 5.029653643547624675e-01 1.142680716684266372e+03 8.740291326677054258e+02 1.731999999999999886e+02
1.250000000000000000e+02 7.000000000000000666e-02 6.210883035630342386e-01 1.455299941798732334e+03 9.949820495868532362e+02 1.731999999999999886e+02
1.250000000000000000e+02 7.000000000000000666e-02 9.829297032054121752e-01 2.280487138008436887e+03 7.653045279917430435e+02 1.731999999999999886e+02
1.250000000000000000e+02 7.000000000000000666e-02 8.386628491158072407e-01 1.999974054003080482e+03 2.787727906976056147e+02 1.731999999999999886e+02
1.250000000000000000e+02 7.000000000000000666e-02 8.228849895523792091e-01 1.972612605448353861e+03 7.210708314558982011e+02 1.731999999999999886e+02
1.250000000000000000e+02 7.000000000000000666e-02 9.653909446903643499e-01 2.142758667925932059e+03 8.205177346417975741e+02 1.731999999999999886e+02
1.250000000000000000e+02 7.000000000000000666e-02 9.283771129747605544e-01 2.081660295304088322e+03 8.468419901888170216e+02 1.731999999999999886e+02
1.250000000000000000e+02 7.000000000000000666e-02 8.348108260357395283e-01 1.920174240409395679e+03 3.790209692119556735e+02 1.731999999999999886e+02
1.250000000000000000e+02 7.000000000000000666e-02 8.060282124835825845e-01 1.911098170809976182e+03 1.055795880537868499e+02 1.731999999999999886e+02
1.250000000000000000e+02 7.000000000000000666e-02 7.742774764556855649e-01 1.746994290232944422e+03 9.130832635000587061e+01 1.731999999999999886e+02
1.250000000000000000e+02 7.000000000000000666e-02 9.165756827450145527e-01 2.091224688221003817e+03 3.741163524793329884e+02 1.731999999999999886e+02
1.250000000000000000e+02 7.000000000000000666e-02 9.755433836225858579e-01 2.268440695375355062e+03 6.897843155494038001e+02 1.731999999999999886e+02
1.250000000000000000e+02 7.000000000000000666e-02 8.440522008635249485e-01 1.958111319653152577e+03 2.291088751916510375e+02 1.731999999999999886e+02
1.250000000000000000e+02 7.000000000000000666e-02 7.498103957121321494e-01 1.753577185079732772e+03 3.528170517563872295e+02 1.731999999999999886e+02
1.250000000000000000e+02 7.000000000000000666e-02 8.887900646820751094e-01 2.101897427857738421e+03 6.184659612995425277e+02 1.731999999999999886e+02
1.250000000000000000e+02 7.000000000000000666e-02 9.268086843793720275e-01 2.148935737150977275e+03 4.284717946048841668e+02 1.731999999999999886e+02
1.250000000000000000e+02 7.000000000000000666e-02 8.035036390904861658e-01 1.920484147301366420e+03 5.051775917716769300e+02 1.731999999999999886e+02
1.250000000000000000e+02 7.000000000000000666e-02 5.701383774998085574e-01 1.337231719652672382e+03 4.780299332443083671e+01 1.731999999999999886e+02
1.250000000000000000e+02 7.000000000000000666e-02 6.948411003836003630e-01 1.650396329504102141e+03 8.776826414357961994e+02 1.731999999999999886e+02
1.250000000000000000e+02 7.000000000000000666e-02 8.557864638040614258e-01 1.913417789554324372e+03 2.457090185297860430e+01 1.731999999999999886e+02
1.250000000000000000e+02 7.000000000000000666e-02 8.130373467854845604e-01 1.868627077243634176e+03 3.808156318300767680e+02 1.731999999999999886e+02
1.250000000000000000e+02 7.000000000000000666e-02 6.372664981341197299e-01 1.441269711586593985e+03 9.498066500745322855e+02 1.731999999999999886e+02
1.250000000000000000e+02 7.000000000000000666e-02 9.443421653250656522e-01 2.126651380435334886e+03 3.483472317984279130e+02 1.731999999999999886e+02
1.250000000000000000e+02 7.000000000000000666e-02 8.250925566118870735e-01 1.915704280925786634e+03 3.618850983345766394e+02 1.731999999999999886e+02
1.250000000000000000e+02 7.000000000000000666e-02 5.093624657010754619e-01 1.174161343289695424e+03 1.757978591246927920e+02 1.731999999999999886e+02
1.250000000000000000e+02 7.000000000000000666e-02 6.681509575441204607e-01 1.575094165892383444e+03 8.409066604782757395e+02 1.731999999999999886e+02
1.250000000000000000e+02 7.000000000000000666e-02 6.653963675134307865e-01 1.504687595782144172e+03 7.130985407062694321e+02 1.731999999999999886e+02
1.250000000000000000e+02 7.000000000000000666e-02 9.954699242960073358e-01 2.243229725281439187e+03 3.858835093436931061e+02 1.731999999999999886e+02
1.250000000000000000e+02 7.000000000000000666e-02 4.545898632950174378e-01 1.014231019966355689e+03 3.029894464288416884e+02 1.731999999999999886e+02
1.250000000000000000e+02 7.000000000000000666e-02 6.730958023792685818e-01 1.613160051231964871e+03 7.560930226084136621e+02 1.731999999999999886e+02
1.250000000000000000e+02 7.000000000000000666e-02 5.233217658656132976e-01 1.221981850179659887e+03 2.041210725539247619e+02 1.731999999999999886e+02
1.250000000000000000e+02 7.000000000000000666e-02 4.278711494387013592e-01 1.036223806724893848e+03 8.495769636437473764e+02 1.731999999999999886e+02
1.250000000000000000e+02 7.000000000000000666e-02 9.538382948876565903e-01 2.171064188542068223e+03 2.785696618730289629e+02 1.731999999999999886e+02
1.250000000000000000e+02 7.000000000000000666e-02 5.725635934092133672e-01 1.356090511938214604e+03 6.866069589816684129e+02 1.731999999999999886e+02
1.250000000000000000e+02 7.000000000000000666e-02 9.996546646950689174e-01 2.379217101307966459e+03 2.038970475952959021e+02 1.731999999999999886e+02
1.250000000000000000e+02 7.000000000000000666e-02 9.639965147041720250e-01 2.280797017826628235e+03 4.891576517229309502e+02 1.731999999999999886e+02
1.250000000000000000e+02 7.000000000000000666e-02 5.091101818683676505e-01 1.147075104833439127e+03 1.880447032789830359e+02 1.731999999999999886e+02
1.250000000000000000e+02 7.000000000000000666e-02 8.973003116235970245e-01 2.119992489634390040e+03 9.859373893365973345e+02 1.731999999999999886e+02
1.250000000000000000e+02 7.000000000000000666e-02 6.524695192261330545e-01 1.509023341338229329e+03 4.434224161268937792e+02 1.731999999999999886e+02
1.250000000000000000e+02 7.000000000000000666e-02 6.775753206597078249e-01 1.573425541312820314e+03 7.640237869912251654e+02 1.731999999999999886e+02
1.250000000000000000e+02 7.000000000000000666e-02 6.677647957149699387e-01 1.496513864343172827e+03 6.296886474549614832e+02 1.731999999999999886e+02
1.250000000000000000e+02 7.000000000000000666e-02 9.756512596903238466e-01 2.307665363705973959e+03 7.863112019369689278e+02 1.731999999999999886e+02
1.250000000000000000e+02 7.000000000000000666e-02 8.498968854338911916e-01 1.952775244732093370e+03 8.184392308179078555e+02 1.731999999999999886e+02
1.250000000000000000e+02 7.000000000000000666e-02 4.495102272044160241e-01 1.055766886816918259e+03 1.361508578538036431e+02 1.731999999999999886e+02
1.250000000000000000e+02 7.000000000000000666e-02 5.352856068593685457e-01 1.269962052872168215e+03 7.284362506655411380e+02 1.731999999999999886e+02
1.250000000000000000e+02 7.000000000000000666e-02 5.501083352042891450e-01 1.263513051559534688e+03 6.122107638889166310e+02 1.731999999999999886e+02
1.250000000000000000e+02 7.000000000000000666e-02 9.470095710521860832e-01 2.170756112395366472e+03 8.817245668085040506e+02 1.731999999999999886e+02
1.250000000000000000e+02 7.000000000000000666e-02 8.513192268954988817e-01 1.929159452799467090e+03 3.520252302096835706e+02 1.731999999999999886e+02
1.250000000000000000e+02 7.000000000000000666e-02 8.372367425691723541e-01 1.934104407502626145e+03 7.483828996529590540e+02 1.731999999999999886e+02
1.250000000000000000e+02 7.000000000000000666e-02 8.629478081534756040e-01 1.955785093017467261e+03 9.243907492677819846e+02 1.731999999999999886e+02
1.250000000000000000e+02 7.000000000000000666e-02 7.724069410100379285e-01 1.796823432827147826e+03 4.288950858262347765e+02 1.731999999999999886e+02
1.250000000000000000e+02 7.000000000000000666e-02 8.645923746209031036e-01 2.062474740027831103e+03 1.571238415025724464e+02 1.731999999999999886e+02
1.250000000000000000e+02 7.000000000000000666e-02 6.621272413227798914e-01 1.541857750627510541e+03 3.716819482830206312e+02 1.731999999999999886e+02
1.250000000000000000e+02 7.000000000000000666e-02 7.888093762091267225e-01 1.883343731451239591e+03 6.933596215629225412e+01 1.731999999999999886e+02
1.250000000000000000e+02 7.000000000000000666e-02 9.250317868059755311e-01 2.053335309761725512e+03 9.230307821495566714e+02 1.731999999999999886e+02
1.250000000000000000e+02 7.000000000000000666e-02 6.759385020724127946e-01 1.537129585037589095e+03 6.263380399969124710e+02 1.731999999999999886e+02
1.250000000000000000e+02 7.000000000000000666e-02 9.054734673599315053e-01 2.143768645469765033e+03 7.718953927578739922e+02 1.731999999999999886e+02
1.250000000000000000e+02 7.000000000000000666e-02 8.968245864598285433e-01 2.004261026953108967e+03 6.843659364591031817e+02 1.731999999999999886e+02
1.250000000000000000e+02 7.000000000000000666e-02 8.045384619965481043e-01 1.857847355788904224e+03 1.976985809487353833e+02 1.731999999999999886e+02
1.250000000000000000e+02 7.000000000000000666e-02 5.487228003970272550e-01 1.230273167862029368e+03 5.853934313354627648e+02 1.731999999999999886e+02
1.250000000000000000e+02 7.000000000000000666e-02 6.648246803047433984e-01 1.502894861002145944e+03 3.327736610996003606e+02 1.731999999999999886e+02
1.250000000000000000e+02 7.000000000000000666e-02 9.702761220258083741e-01 2.203917762498886077e+03 9.555378373695887149e+02 1.731999999999999886e+02
1.250000000000000000e+02 7.000000000000000666e-02 4.711927738851848235e-01 1.148399184017279595e+03 8.643807294841814155e+02 1.731999999999999886e+02
1.250000000000000000e+02 7.000000000000000666e-02 7.271557679105642436e-01 1.724091359152118457e+03 8.888056191044138359e+02 1.731999999999999886e+02
1.250000000000000000e+02 7.000000000000000666e-02 9.770881419273568236e-01 2.279186338329436239e+03 1.987077801211372616e+02 1.731999999999999886e+02
1.250000000000000000e+02 7.000000000000000666e-02 6.619109049237824616e-01 1.587856018919256258e+03 4.097268468087629003e+02 1.731999999999999886e+02
1.250000000000000000e+02 7.000000000000000666e-02 6.954285960547601508e-01 1.632721022457959862e+03 4.066431465876203788e+02 1.731999999999999886e+02
1.250000000000000000e+02 7.000000000000000666e-02 6.664982789084157311e-01 1.543065876623764098e+03 4.843291372618689365e+02 1.731999999999999886e+02
1.250000000000000000e+02 7.000000000000000666e-02 5.287026747059911935e-01 1.211642430077210975e+03 8.380042768557134423e+02 1.731999999999999886e+02
1.250000000000000000e+02 7.000000000000000666e-02 7.945509496672662486e-01 1.873310440551095326e+03 8.320805417324758082e+02 1.731999999999999886e+02
1.250000000000000000e+02 7.000000000000000666e-02 7.672951990872883821e-01 1.728416490007533184e+03 7.508620860395341197e+02 1.731999999999999886e+02
1.250000000000000000e+02 7.000000000000000666e-02 7.011908700882967249e-01 1.600209257711687314e+03 8.771856077729819390e+02 1.731999999999999886e+02
1.250000000000000000e+02 7.000000000000000666e-02 7.233194268798743831e-01 1.651943248370966558e+03 8.679104829361954216e+02 1.731999999999999886e+02
1.250000000000000000e+02 7.000000000000000666e-02 8.263141625346263064e-01 1.893586196994379407e+03 7.326216449906539765e+02 1.731999999999999886e+02
1.250000000000000000e+02 7.000000000000000666e-02 9.028975348127064038e-01 2.114453593133438517e+03 7.397914576590383149e+02 1.731999999999999886e+02
1.250000000000000000e+02 7.000000000000000666e-02 9.959873973208698272e-01 2.258629481143550038e+03 2.853156604511563046e+02 1.731999999999999886e+02
1.250000000000000000e+02 7.000000000000000666e-02 5.494104137562755286e-01 1.299870159628025931e+03 2.440298458679596365e+02 1.731999999999999886e+02
1.250000000000000000e+02 7.000000000000000666e-02 6.568101845434733965e-01 1.523315366014278879e+03 3.342931265890803729e+02 1.731999999999999886e+02
1.250000000000000000e+02 7.000000000000000666e-02 5.758255568754048204e-01 1.368974577739248843e+03 1.871620999896898923e+02 1.731999999999999886e+02
1.250000000000000000e+02 7.000000000000000666e-02 6.288268440849004159e-01 1.426941785737070404e+03 2.957560335572939039e+02 1.731999999999999886e+02
1.250000000000000000e+02 7.000000000000000666e-02 6.426112621704239691e-01 1.545936327717291533e+03 7.615933253622423535e+02 1.731999999999999886e+02
1.250000000000000000e+02 7.000000000000000666e-02 5.756067169081885426e-01 1.331533664089056856e+03 1.746035443284990549e+02 1.731999999999999886e+02
1.250000000000000000e+02 7.000000000000000666e-02 4.674708763923237642e-01 1.053912209567942000e+03 5.007348667027523561e+02 1.731999999999999886e+02
1.250000000000000000e+02 7.000000000000000666e-02 6.644668347529878449e-01 1.549695794457872580e+03 2.079006278269138761e+02 1.731999999999999886e+02
1.250000000000000000e+02 7.000000000000000666e-02 5.484374961420848127e-01 1.240006791844611143e+03 8.086960659439380379e+02 1.731999999999999886e+02
1.250000000000000000e+02 7.000000000000000666e-02 9.676991003391214319e-01 2.257709466519396301e+03 8.743131127576984909e+02 1.731999999999999886e+02
1.250000000000000000e+02 7.000000000000000666e-02 9.086698743569048276e-01 2.071774256810829684e+03 6.922813325208695687e+02 1.731999999999999886e+02
1.250000000000000000e+02 7.000000000000000666e-02 9.798946966591436381e-01 2.288806438084585352e+03 9.492901497884133732e+02 1.731999999999999886e+02
1.250000000000000000e+02 7.000000000000000666e-02 9.433771777410869808e-01 2.107971150362338449e+03 6.132656338515095058e+02 1.731999999999999886e+02
1.250000000000000000e+02 7.000000000000000666e-02 9.212879830975414519e-01 2.150887260257440175e+03 3.288491427644401597e+02 1.731999999999999886e+02
1.250000000000000000e+02 7.000000000000000666e-02 5.922602776367482669e-01 1.324580723141920316e+03 4.240673799540669506e+02 1.731999999999999886e+02
1.250000000000000000e+02 7.000000000000000666e-02 8.586179444154663498e-01 1.942723715272999016e+03 3.567587925890734937e+02 1.731999999999999886e+02
1.250000000000000000e+02 7.000000000000000666e-02 6.906698025048815248e-01 1.646846523800129944e+03 7.170283528776067783e+01 1.731999999999999886e+02
1.250000000000000000e+02 7.000000000000000666e-02 8.123084101164764759e-01 1.849764251077663175e+03 6.150510381343077597e+02 1.731999999999999886e+02
1.250000000000000000e+02 7.000000000000000666e-02 4.974248365245964032e-01 1.179512258019617320e+03 9.925313020939009903e+02 1.731999999999999886e+02
1.250000000000000000e+02 7.000000000000000666e-02 8.312525109490160879e-01 1.916729193636360606e+03 8.300729877783543316e+02 1.731999999999999886e+02
1.250000000000000000e+02 7.000000000000000666e-02 5.935740067801683617e-01 1.361340787821541198e+03 7.799499601770882009e+02 1.731999999999999886e+02
1.250000000000000000e+02 7.000000000000000666e-02 6.755610405840232202e-01 1.605490990915544444e+03 8.087927989396049497e+02 1.731999999999999886e+02
1.250000000000000000e+02 7.000000000000000666e-02 6.529912929414068978e-01 1.563752536913477343e+03 3.363823850331016843e+02 1.731999999999999886e+02
1.250000000000000000e+02 7.000000000000000666e-02 4.770860551467593913e-01 1.087134755042603047e+03 6.794760197424003536e+02 1.731999999999999886e+02
1.250000000000000000e+02 7.000000000000000666e-02 7.827538138501365372e-01 1.773022383542722309e+03 8.818866988462661993e+02 1.731999999999999886e+02
1.250000000000000000e+02 7.000000000000000666e-02 8.638320049173499049e-01 2.042956233968696324e+03 8.391610960460753859e+02 1.731999999999999886e+02
1.250000000000000000e+02 7.000000000000000666e-02 4.823512423397257609e-01 1.150175509013132341e+03 1.879520231465074005e+02 1.731999999999999886e+02
1.250000000000000000e+02 7.000000000000000666e-02 8.833690773497382409e-01 2.022283577374472316e+03 7.707726892237227503e+02 1.731999999999999886e+02
1.250000000000000000e+02 7.000000000000000666e-02 7.281964022051543584e-01 1.613654241864818687e+03 4.018093209652892597e+02 1.731999999999999886e+02
1.250000000000000000e+02 7.000000000000000666e-02 8.894574049507576463e-01 2.050735887834269306e+03 1.601130730557352422e+02 1.731999999999999886e+02
1.250000000000000000e+02 7.000000000000000666e-02 8.623640498176206037e-01 2.034880761616593873e+03 2.136363090666693267e+02 1.731999999999999886e+02
1.250000000000000000e+02 7.000000000000000666e-02 7.814692138049627035e-01 1.864378042152439320e+03 2.602147649405814036e+02 1.731999999999999886e+02
1.250000000000000000e+02 7.000000000000000666e-02 9.697067357013812172e-01 2.214290758882861155e+03 5.121256645379180554e+02 1.731999999999999886e+02
1.250000000000000000e+02 7.000000000000000666e-02 8.668606708392888605e-01 2.037837990856276065e+03 1.979123870249089805e+02 1.731999999999999886e+02
1.250000000000000000e+02 7.000000000000000666e-02 9.527976331753109651e-01 2.251599361405359559e+03 7.015737491646633543e+02 1.731999999999999886e+02
1.250000000000000000e+02 7.000000000000000666e-02 9.685778076403963599e-01 2.307589252521754133e+03 3.989595648333093436e+02 1.731999999999999886e+02
1.250000000000000000e+02 7.000000000000000666e-02 6.184206662766663642e-01 1.450742431122380594e+03 7.537137955120684865e+02 1.731999999999999886e+02
1.250000000000000000e+02 7.000000000000000666e-02 7.395743339568711106e-01 1.655442869955019887e+03 5.667824890193209058e+02 1.731999999999999886e+02
1.250000000000000000e+02 7.000000000000000666e-02 9.701053202578160395e-01 2.176367725619169050e+03 1.207750983665949178e+02 1.731999999999999886e+02
1.250000000000000000e+02 7.000000000000000666e-02 6.771186457346982657e-01 1.579037439968624540e+03 3.263364525880325004e+02 1.731999999999999886e+02
1.250000000000000000e+02 7.000000000000000666e-02 7.618034103714056426e-01 1.688359628113164945e+03 2.480238439363938312e+02 1.731999999999999886e+02
1.250000000000000000e+02 7.000000000000000666e-02 8.367871477242529998e-01 1.996786820932953788e+03 7.912768244087832272e+02 1.731999999999999886e+02
1.250000000000000000e+02 7.000000000000000666e-02 5.026435083581777263e-01 1.183058012743795643e+03 7.322209335604114813e+02 1.731999999999999886e+02
1.250000000000000000e+02 7.000000000000000666e-02 9.076661652639758104e-01 2.147710312701432485e+03 5.196766198701029680e+02 1.731999999999999886e+02
1.250000000000000000e+02 7.000000000000000666e-02 5.941220929259386496e-01 1.387503066984847692e+03 3.679893262297983370e+02 1.731999999999999886e+02
1.250000000000000000e+02 7.000000000000000666e-02 7.364525800880025175e-01 1.729223335976990711e+03 3.242580504002821158e+02 1.731999999999999886e+02
1.250000000000000000e+02 7.000000000000000666e-02 6.514270933200799751e-01 1.510918548683554718e+03 1.711684246305295858e+02 1.731999999999999886e+02
1.250000000000000000e+02 7.000000000000000666e-02 6.809224523796564288e-01 1.520236917660829022e+03 2.808457694190996676e+02 1.731999999999999886e+02
1.250000000000000000e+02 7.000000000000000666e-02 8.230929788594971708e-01 1.853989818451359952e+03 8.048995266726736872e+02 1.731999999999999886e+02
1.250000000000000000e+02 7.000000000000000666e-02 9.850199232647465220e-01 2.321095594964123848e+03 5.243232411891584661e+02 1.731999999999999886e+02
1.250000000000000000e+02 7.000000000000000666e-02 9.409815772171372661e-01 2.244901936025665236e+03 4.132069737871311190e+02 1.731999999999999886e+02
1.250000000000000000e+02 7.000000000000000666e-02 9.661111989139619105e-01 2.224890599013539031e+03 5.817251717363220678e+02 1.731999999999999886e+02
1.250000000000000000e+02 7.000000000000000666e-02 9.394787395283327180e-01 2.206852731826554646e+03 1.642079737126108512e+02 1.731999999999999886e+02
1.250000000000000000e+02 7.000000000000000666e-02 8.620886521576990313e-01 1.924299255002090831e+03 6.726213596252804336e+02 1.731999999999999886e+02
1.250000000000000000e+02 7.000000000000000666e-02 8.939724149981457257e-01 2.060799236774282690e+03 6.563979101576255744e+02 1.731999999999999886e+02
1.250000000000000000e+02 7.000000000000000666e-02 6.160228294611954647e-01 1.366346935056642906e+03 3.724448592798594291e+02 1.731999999999999886e+02
1.250000000000000000e+02 7.000000000000000666e-02 5.722397638686872456e-01 1.363062313965517660e+03 3.692737848164261294e+01 1.731999999999999886e+02
1.250000000000000000e+02 7.000000000000000666e-02 7.535369451185331968e-01 1.708304343039967534e+03 2.713395784181671502e+02 1.731999999999999886e+02
1.250000000000000000e+02 7.000000000000000666e-02 9.145742436879993331e-01 2.076903225856924109e+03 3.525792005466333876e+02 1.731999999999999886e+02
1.250000000000000000e+02 7.000000000000000666e-02 4.406224943863101262e-01 1.054963299671944014e+03 7.557438037027587825e+02 1.731999999999999886e+02
1.250000000000000000e+02 7.000000000000000666e-02 8.814502968671382721e-01 2.046512801503148921e+03 4.159103826909847612e+02 1.731999999999999886e+02
1.250000000000000000e+02 7.000000000000000666e-02 7.408839781973606264e-01 1.645105733862055786e+03 7.267701658343170266e+02 1.731999999999999886e+02
1.250000000000000000e+02 7.000000000000000666e-02 7.338048840194764111e-01 1.756884089423842852e+03 2.493805504001867916e+02 1.731999999999999886e+02
1.250000000000000000e+02 7.000000000000000666e-02 6.738300631078446568e-01 1.616805517240928111e+03 6.792641174280362293e+02 1.731999999999999886e+02
1.250000000000000000e+02 7.000000000000000666e-02 6.623388926384942144e-01 1.485463946896341668e+03 2.928241832198253647e+01 1.731999999999999886e+02
1.250000000000000000e+02 7.000000000000000666e-02 9.753554410686374743e-01 2.203474191818728286e+03 9.593494542291346079e+02 1.731999999999999886e+02
1.250000000000000000e+02 7.000000000000000666e-02 9.086279088759278144e-01 2.150811855074804953e+03 4.700989759638007399e+02 1.731999999999999886e+02
1.250000000000000000e+02 7.000000000000000666e-02 4.434846803180405583e-01 1.040154036946890074e+03 6.776435004823093777e+02 1.731999999999999886e+02
1.250000000000000000e+02 7.000000000000000666e-02 9.181639112295785221e-01 2.174323749166785092e+03 5.811585266527171143e+02 1.731999999999999886e+02
1.250000000000000000e+02 7.000000000000000666e-02 6.914526048770363031e-01 1.629298100860519298e+03 6.628138779437379071e+02 1.731999999999999886e+02
1.250000000000000000e+02 7.000000000000000666e-02 8.642411243622029060e-01 1.989818065762438437e+03 8.748381042198091961e+01 1.731999999999999886e+02
1.250000000000000000e+02 7.000000000000000666e-02 8.308726225997953296e-01 1.949710298648165917e+03 6.189525637418806809e+02 1.731999999999999886e+02
1.250000000000000000e+02 7.000000000000000666e-02 7.415807611861465753e-01 1.712699370062934122e+03 1.133421188236711430e+02 1.731999999999999886e+02
1.250000000000000000e+02 7.000000000000000666e-02 8.184179320577408268e-01 1.897870846791721533e+03 8.452202194855693733e+02 1.731999999999999886e+02
1.250000000000000000e+02 7.000000000000000666e-02 9.381168771636101411e-01 2.219418236792520020e+03 6.747817056330098922e+02 1.731999999999999886e+02
1.250000000000000000e+02 7.000000000000000666e-02 8.005079305916141807e-01 1.810028467059112700e+03 4.913860626781598171e+02 1.731999999999999886e+02
1.250000000000000000e+02 7.000000000000000666e-02 5.470140454963591248e-01 1.321177858643457739e+03 7.411504253356634990e+02 1.731999999999999886e+02
1.250000000000000000e+02 7.000000000000000666e-02 6.115832014683596496e-01 1.445593799715793466e+03 7.607112924946081876e+02 1.731999999999999886e+02
1.250000000000000000e+02 7.000000000000000666e-02 8.389679037676440743e-01 1.891723132612153222e+03 6.565966210255459146e+02 1.731999999999999886e+02
1.250000000000000000e+02 7.000000000000000666e-02 9.443715765421621944e-01 2.089932451826814940e+03 9.473842167935642919e+02 1.731999999999999886e+02
1.250000000000000000e+02 7.000000000000000666e-02 6.351322944095780798e-01 1.490783204840413873e+03 7.051154558615587575e+02 1.731999999999999886e+02
1.250000000000000000e+02 7.000000000000000666e-02 7.274086177514259566e-01 1.700962675769558700e+03 4.999729350380916344e+02 1.731999999999999886e+02
1.250000000000000000e+02 7.000000000000000666e-02 7.469331801501770673e-01 1.752337775829147176e+03 6.851408535923430918e+02 1.731999999999999886e+02
1.250000000000000000e+02 7.000000000000000666e-02 6.945649393624212520e-01 1.622679959152454103e+03 1.877389941770256030e+02 1.731999999999999886e+02
1.250000000000000000e+02 7.000000000000000666e-02 8.799018118693792134e-01 2.062915789345090161e+03 4.198946417070682742e+02 1.731999999999999886e+02
1.250000000000000000e+02 7.000000000000000666e-02 8.341140372270321457e-01 1.943106419449730311e+03 3.459765148815736069e+01 1.731999999999999886e+02
1.250000000000000000e+02 7.000000000000000666e-02 9.016038859668138450e-01 2.003577539448363495e+03 5.999857836357621181e+02 1.731999999999999886e+02
1.250000000000000000e+02 7.000000000000000666e-02 9.621444349130079399e-01 2.197466303463905206e+03 4.466170190699579052e+02 1.731999999999999886e+02
1.250000000000000000e+02 7.000000000000000666e-02 5.275686232027803069e-01 1.265394043249334345e+03 6.407167739453074091e+02 1.731999999999999886e+02
1.250000000000000000e+02 7.000000000000000666e-02 4.689120831057492778e-01 1.119783586446903882e+03 5.094320023753417672e+02 1.731999999999999886e+02
1.250000000000000000e+02 7.000000000000000666e-02 6.857427800412662089e-01 1.531299489867968987e+03 8.261816600443027028e+02 1.731999999999999886e+02
1.250000000000000000e+02 7.000000000000000666e-02 6.683136973041424733e-01 1.508105053313975532e+03 6.917397571663829012e+02 1.731999999999999886e+02
1.250000000000000000e+02 7.000000000000000666e-02 8.528437568594503526e-01 1.885334081171634352e+03 3.975336372121997215e+02 1.731999999999999886e+02
1.250000000000000000e+02 7.000000000000000666e-02 7.437796652129587960e-01 1.731120267897711528e+03 5.072517894050539411e+01 1.731999999999999886e+02
1.250000000000000000e+02 7.000000000000000666e-02 6.831584681193108022e-01 1.588956123419921596e+03 1.032088387014747752e+02 1.731999999999999886e+02
1.250000000000000000e+02 7.000000000000000666e-02 6.450500900337785559e-01 1.530558404544091218e+03 1.482568690650244321e+02 1.731999999999999886e+02
1.250000000000000000e+02 7.000000000000000666e-02 6.775146459044771863e-01 1.601929839639403781e+03 9.456637262309270682e+02 1.731999999999999886e+02
1.250000000000000000e+02 7.000000000000000666e-02 5.351820949446580711e-01 1.237819759382557322e+03 9.662828071932510738e+02 1.731999999999999886e+02
1.250000000000000000e+02 7.000000000000000666e-02 8.511612133630949151e-01 1.999910479722896298e+03 2.195096288154150841e+02 1.731999999999999886e+02
1.250000000000000000e+02 7.000000000000000666e-02 9.872065897993947958e-01 2.253839957814431727e+03 7.137842007237976532e+02 1.731999999999999886e+02
1.250000000000000000e+02 7.000000000000000666e-02 9.666051871374111704e-01 2.176915601967607472e+03 7.437855401137470608e+02 1.731999999999999886e+02
1.250000000000000000e+02 7.000000000000000666e-02 8.916265078584739712e-01 2.130115642404765822e+03 6.509970174498513416e+02 1.731999999999999886e+02
1.250000000000000000e+02 7.000000000000000666e-02 8.215970535736702995e-01 1.903555435869725443e+03 3.801891158908896955e+02 1.731999999999999886e+02
1.250000000000000000e+02 7.000000000000000666e-02 8.884693235530928268e-01 2.033028776528366052e+03 4.762445976068739242e+02 1.731999999999999886e+02
1.250000000000000000e+02 7.000000000000000666e-02 8.371496148608295051e-01 1.876292598046876947e+03 6.612145342685951164e+02 1.731999999999999886e+02
1.250000000000000000e+02 7.000000000000000666e-02 6.381487400878758098e-01 1.414248129161437873e+03 1.560898025424370985e+02 1.731999999999999886e+02
1.250000000000000000e+02 7.000000000000000666e-02 9.189914411285369233e-01 2.078384856366223175e+03 6.773814031233800392e+01 1.731999999999999886e+02
1.250000000000000000e+02 7.000000000000000666e-02 9.108877912627549867e-01 2.158234004113552601e+03 8.381833986478706038e+02 1.731999999999999886e+02
1.250000000000000000e+02 7.000000000000000666e-02 5.700720223854999213e-01 1.263919131519095117e+03 2.770630264573243835e+02 1.731999999999999886e+02
1.250000000000000000e+02 7.000000000000000666e-02 7.332745606292397911e-01 1.667382402377063954e+03 6.387238893751002706e+02 1.731999999999999886e+02
1.250000000000000000e+02 7.000000000000000666e-02 9.910408217616014648e-01 2.300659115962802389e+03 5.703888667067770939e+02 1.731999999999999886e+02
1.250000000000000000e+02 7.000000000000000666e-02 6.821963503983128341e-01 1.607976656073561571e+03 6.539404240786982427e+02 1.731999999999999886e+02
1.250000000000000000e+02 7.000000000000000666e-02 7.951639081009256316e-01 1.770937208454000256e+03 3.222840882856589815e+02 1.731999999999999886e+02
1.250000000000000000e+02 7.000000000000000666e-02 5.821842811472284218e-01 1.321255812228657760e+03 3.691851254125173796e+02 1.731999999999999886e+02
1.250000000000000000e+02 7.000000000000000666e-02 9.131950128653547605e-01 2.018224120658216634e+03 1.834520909873237997e+02 1.731999999999999886e+02
1.250000000000000000e+02 7.000000000000000666e-02 7.498914784469753458e-01 1.799123124103544342e+03 3.401491916393688939e+02 1.731999999999999886e+02
1.250000000000000000e+02 7.000000000000000666e-02 5.708090024685055219e-01 1.340973592130175803e+03 3.602662999578619747e+02 1.731999999999999886e+02
1.250000000000000000e+02 7.000000000000000666e-02 7.904625571237302584e-01 1.896875878456044120e+03 1.395923578815131805e+02 1.731999999999999886e+02
1.250000000000000000e+02 7.000000000000000666e-02 8.118049604060012525e-01 1.811626387489191984e+03 9.259407582212542138e+02 1.731999999999999886e+02
1.250000000000000000e+02 7.000000000000000666e-02 9.042605589291508039e-01 2.056950951086187615e+03 9.006081632239166765e+02 1.731999999999999886e+02
1.250000000000000000e+02 7.000000000000000666e-02 9.825680253161868105e-01 2.209596177828574582e+03 5.829804385313708508e+02 1.731999999999999886e+02
1.250000000000000000e+02 7.000000000000000666e-02 9.740648087697578728e-01 2.260579082505601491e+03 1.468305815906975340e+02 1.731999999999999886e+02
1.250000000000000000e+02 7.000000000000000666e-02 7.622066947151163729e-01 1.766800095582260610e+03 6.884756379382334899e+02 1.731999999999999886e+02
1.250000000000000000e+02 7.000000000000000666e-02 4.586875464840816652e-01 1.039611172277770493e+03 4.315642301894347952e+02 1.731999999999999886e+02
1.250000000000000000e+02 7.000000000000000666e-02 9.046779648259133388e-01 2.014397013974113179e+03 1.675676176662774424e+02 1.731999999999999886e+02
1.250000000000000000e+02 7.000000000000000666e-02 7.427077812495588294e-01 1.718054805017410672e+03 2.449104621256320513e+02 1.731999999999999886e+02
1.250000000000000000e+02 7.000000000000000666e-02 5.992100371425943539e-01 1.370287115037034255e+03 1.505575859857648311e+02 1.731999999999999886e+02
1.250000000000000000e+02 7.000000000000000666e-02 6.865798990047548012e-01 1.554962084531603978e+03 5.292953794626174613e+02 1.731999999999999886e+02
1.250000000000000000e+02 7.000000000000000666e-02 5.969160376930737755e-01 1.413922794691968647e+03 3.126099726293534076e+01 1.731999999999999886e+02
1.250000000000000000e+02 7.000000000000000666e-02 9.110440657905606310e-01 2.087618203392021314e+03 8.940641099083999279e+02 1.731999999999999886e+02
1.250000000000000000e+02 7.000000000000000666e-02 5.693506060495132637e-01 1.319464755457294359e+03 9.431042647908957122e+01 1.731999999999999886e+02
1.250000000000000000e+02 7.000000000000000666e-02 8.992961817677889158e-01 2.143791876596856127e+03 9.040530095575774112e+02 1.731999999999999886e+02
1.250000000000000000e+02 7.000000000000000666e-02 6.921501394794062900e-01 1.581254810333768091e+03 8.989097817674712587e+02 1.731999999999999886e+02
1.250000000000000000e+02 7.000000000000000666e-02 6.345625306214106587e-01 1.497584542729733812e+03 8.822424463119513121e+02 1.731999999999999886e+02
1.250000000000000000e+02 7.000000000000000666e-02 5.553988721413879448e-01 1.277668919766978433e+03 6.914345392938437840e+01 1.731999999999999886e+02
1.250000000000000000e+02 7.000000000000000666e-02 4.680137002900451870e-01 1.068519101116581624e+03 8.714393610164352140e+02 1.731999999999999886e+02
1.250000000000000000e+02 7.000000000000000666e-02 7.918224803008460100e-01 1.754077277569648913e+03 4.338516492035479928e+02 1.731999999999999886e+02
1.250000000000000000e+02 7.000000000000000666e-02 8.402152974362192550e-01 1.858575369914117573e+03 3.145726471474058030e+02 1.731999999999999886e+02
1.250000000000000000e+02 7.000000000000000666e-02 4.658826411336823292e-01 1.096623295172543294e+03 5.758504326173687105e+02 1.731999999999999886e+02
1.250000000000000000e+02 7.000000000000000666e-02 6.693397701649071996e-01 1.536387553979849372e+03 3.718360315337817497e+02 1.731999999999999886e+02
1.250000000000000000e+02 7.000000000000000666e-02 6.422868719779060154e-01 1.448783994836869624e+03 1.366040394073208972e+02 1.731999999999999886e+02
1.250000000000000000e+02 7.000000000000000666e-02 7.742756020374353954e-01 1.755769502552554059e+03 8.446052644790210024e+02 1.731999999999999886e+02
1.250000000000000000e+02 7.000000000000000666e-02 6.424594446451901142e-01 1.465141873336615390e+03 3.032023993935869726e+02 1.731999999999999886e+02
1.250000000000000000e+02 7.000000000000000666e-02 8.748387203553872338e-01 2.020613849791505118e+03 5.541884131202858725e+02 1.731999999999999886e+02
1.250000000000000000e+02 7.000000000000000666e-02 9.080962571335040590e-01 2.073075718141607467e+03 8.918845055651244138e+02 1.731999999999999886e+02
1.250000000000000000e+02 7.000000000000000666e-02 8.086968296186821670e-01 1.890323695056060387e+03 4.101414802833389786e+02 1.731999999999999886e+02
1.250000000000000000e+02 7.000000000000000666e-02 5.340251469750927349e-01 1.249664659883401100e+03 4.445673266656083342e+02 1.731999999999999886e+02
1.250000000000000000e+02 7.000000000000000666e-02 6.643810269072990549e-01 1.514325473185088413e+03 3.377449254012016127e+02 1.731999999999999886e+02
1.250000000000000000e+02 7.000000000000000666e-02 9.579925194707344938e-01 2.273076062784969963e+03 1.535807269308646141e+02 1.731999999999999886e+02
1.250000000000000000e+02 7.000000000000000666e-02 6.002931029601293877e-01 1.375838739524427183e+03 9.508482640974848437e+02 1.731999999999999886e+02
1.250000000000000000e+02 7.000000000000000666e-02 6.936850325707241138e-01 1.583983612340324726e+03 4.694576879003972749e+02 1.731999999999999886e+02
1.250000000000000000e+02 7.000000000000000666e-02 7.769543000017850032e-01 1.830504339648332916e+03 1.093416893529132921e+02 1.731999999999999886e+02
1.250000000000000000e+02 7.000000000000000666e-02 6.402527233643297011e-01 1.464722343312746716e+03 4.526241361235074692e+02 1.731999999999999886e+02
1.250000000000000000e+02 7.000000000000000666e-02 5.573301184243614204e-01 1.251823228238999036e+03 8.426327487829421443e+02 1.731999999999999886e+02
1.250000000000000000e+02 7.000000000000000666e-02 8.783916846262224132e-01 1.965750996572346594e+03 1.912065911870049035e+02 1.731999999999999886e+02
1.250000000000000000e+02 7.000000000000000666e-02 8.005109071734957116e-01 1.827689995774325780e+03 3.857677435564873463e+02 1.731999999999999886e+02
1.250000000000000000e+02 7.000000000000000666e-02 7.507280667782485484e-01 1.790064338780903654e+03 7.101869906435308621e+02 1.731999999999999886e+02
1.250000000000000000e+02 7.000000000000000666e-02 8.586331149180976841e-01 1.951325990885883584e+03 5.256257587117730878e+01 1.731999999999999886e+02
1.250000000000000000e+02 7.000000000000000666e-02 4.922019705066399964e-01 1.152419306131937446e+03 1.988928677297480263e+01 1.731999999999999886e+02
1.250000000000000000e+02 7.000000000000000666e-02 5.162321197923753768e-01 1.197253787528472003e+03 7.046582719270269308e+02 1.731999999999999886e+02
1.250000000000000000e+02 7.000000000000000666e-02 8.315255220392898661e-01 1.865692000539299897e+03 5.605434098758163373e+02 1.731999999999999886e+02
1.250000000000000000e+02 7.000000000000000666e-02 4.566373777361843467e-01 1.051882197548604154e+03 3.599015420429567484e+02 1.731999999999999886e+02
1.250000000000000000e+02 7.000000000000000666e-02 7.014448115519181792e-01 1.571172539155741561e+03 8.008641225175473721e+01 1.731999999999999886e+02
1.250000000000000000e+02 7.000000000000000666e-02 8.360434713355225922e-01 1.985150793793359071e+03 3.998689232682346528e+02 1.731999999999999886e+02
1.250000000000000000e+02 7.000000000000000666e-02 9.002191813326188008e-01 2.112776096963415057e+03 2.868611322562419446e+02 1.731999999999999886e+02
1.250000000000000000e+02 7.000000000000000666e-02 8.286027985333931367e-01 1.927110834151662402e+03 5.126360405871035937e+02 1.731999999999999886e+02
1.250000000000000000e+02 7.000000000000000666e-02 9.610846597076254660e-01 2.274371131719246478e+03 1.519257460225596787e+02 1.731999999999999886e+02
1.250000000000000000e+02 7.000000000000000666e-02 7.357091605647492205e-01 1.705912309269078378e+03 7.591447440473359620e+02 1.731999999999999886e+02
1.250000000000000000e+02 7.000000000000000666e-02 9.615085077316931628e-01 2.263674250504057909e+03 4.649391715917707870e+02 1.731999999999999886e+02
1.250000000000000000e+02 7.000000000000000666e-02 8.349635452229517973e-01 1.925301751741322732e+03 5.921362979821969930e+02 1.731999999999999886e+02
1.250000000000000000e+02 7.000000000000000666e-02 5.116432233472932856e-01 1.226319427359296924e+03 2.271642694036710566e+02 1.731999999999999886e+02
1.250000000000000000e+02 7.000000000000000666e-02 5.805470764381560622e-01 1.298558638971011078e+03 2.694944224095050913e+02 1.731999999999999886e+02
1.250000000000000000e+02 7.000000000000000666e-02 9.980425397435260804e-01 2.385386736968747755e+03 9.955911442339146333e+02 1.731999999999999886e+02
1.250000000000000000e+02 7.000000000000000666e-02 7.059446299464252617e-01 1.676023834394208279e+03 3.197430523734229268e+02 1.731999999999999886e+02
1.250000000000000000e+02 7.000000000000000666e-02 9.069708005168464204e-01 2.067313916206962404e+03 5.516648466137237392e+02 1.731999999999999886e+02
1.250000000000000000e+02 7.000000000000000666e-02 8.281013537391210821e-01 1.979362054140398868e+03 3.580586669606958594e+02 1.731999999999999886e+02
1.250000000000000000e+02 7.000000000000000666e-02 8.082428773889412943e-01 1.845672005786911996e+03 4.123601297234889103e+02 1.731999999999999886e+02
1.250000000000000000e+02 7.000000000000000666e-02 7.361272123705839832e-01 1.671716415393287662e+03 9.288894769129198039e+02 1.731999999999999886e+02
1.250000000000000000e+02 7.000000000000000666e-02 7.717135501891529969e-01 1.855936653267374822e+03 9.822092968960873804e+02 1.731999999999999886e+02
1.250000000000000000e+02 7.000000000000000666e-02 8.926622081810398068e-01 2.011848592993215107e+03 9.864887669165020725e+02 1.731999999999999886e+02
1.250000000000000000e+02 7.000000000000000666e-02 4.691171803020362518e-01 1.098972130192412351e+03 5.683540271549231448e+01 1.731999999999999886e+02
1.250000000000000000e+02 7.000000000000000666e-02 6.082946258283197238e-01 1.435716212397756863e+03 5.517729514814632239e+02 1.731999999999999886e+02
1.250000000000000000e+02 7.000000000000000666e-02 7.853740536148307028e-01 1.778323815144898163e+03 1.776103034678348251e+02 1.731999999999999886e+02
1.250000000000000000e+02 7.000000000000000666e-02 8.125173855514451482e-01 1.800510125228676770e+03 1.766583015849845424e+02 1.731999999999999886e+02
1.250000000000000000e+02 7.000000000000000666e-02 7.707895570028661103e-01 1.716073197100094603e+03 9.136784097763568298e+02 1.731999999999999886e+02
1.250000000000000000e+02 7.000000000000000666e-02 7.968131571570291616e-01 1.866911908314766151e+03 9.341450776399252618e+02 1.731999999999999886e+02
1.250000000000000000e+02 7.000000000000000666e-02 9.717357631941802021e-01 2.325719730197223726e+03 6.948845134522308626e+02 1.731999999999999886e+02
1.250000000000000000e+02 7.000000000000000666e-02 5.845967636444371340e-01 1.351521805530459915e+03 8.880996387299620665e+02 1.731999999999999886e+02
1.250000000000000000e+02 7.000000000000000666e-02 6.411245365804641994e-01 1.430633634567981971e+03 6.460776961483798004e+02 1.731999999999999886e+02
1.250000000000000000e+02 7.000000000000000666e-02 8.036724031089702569e-01 1.864211324885757222e+03 3.628398499808683368e+02 1.731999999999999886e+02
