245.12304717794086 0.9149832636308554 215.3158397531147
462.7058392076059 0.9480017555444069 751.4865384576639
331.2279426506627 0.555703420520798 436.8038622691114
152.80812215497784 0.11199903973868491 422.3765078985163
394.59797911441666 0.35244960084138954 490.54963583590035
198.4952611100287 0.8188634236415553 451.48016564658843
127.0905528396512 0.18467819897016863 869.0044770766299
381.46304704568433 0.19061831454425648 652.6219524779294
371.0183601966227 0.6853184865517274 262.57625578753647
424.1932356650247 0.05013184570314355 152.17641469247957
316.3294504457988 0.6978860465366381 963.9911464288425
112.39182668391965 0.9717686855950383 721.0074179351127
155.0277901614964 0.5829476254595685 377.63383858522695
386.91954862372035 0.3598249363690095 240.02890884979553
171.3283353451527 0.4903175625501507 419.913996245105
376.425756592031 0.6679872456352878 543.1825919108472
337.1797485777148 0.9025875757061169 364.25186100226847
352.2373281801107 0.021846892793467076 813.4283268803758
271.8571334649066 0.7512905177845884 850.6251698356654
444.13971019494966 0.9373895988795442 637.431731117792
132.2859006149419 0.5988185245937214 94.53648339149788
119.21940886132191 0.6438953647930821 162.4044147912773
191.02030386622886 0.44923234234817966 179.76638553504495
448.23907658388373 0.9266086466068315 352.5912832144355
122.7505468907411 0.7126251752092347 4.158038078026209
174.2288387709853 0.0874660393638883 119.01507644377938
234.35122426394202 0.326309748559936 597.6156160083898
314.1005394363401 0.24230015325170096 345.5871373511683
280.0694582517333 0.663587832209005 766.6611806719852
319.8072530742205 0.34089181069276664 455.5306348841765
442.6578402070493 0.5319381826831729 205.33671529869287
108.54185699414549 0.5119414240321578 501.6510065713106
164.01772088932432 0.16124746201055096 732.4929801898312
297.0261385823194 0.39280105164490775 397.2094650465976
418.21790992500894 0.43761346695659337 955.004090369747
333.05170338129153 0.28766167183388985 719.5308487559255
117.44979611979298 0.2935440744688159 978.5763179776603
362.3257676921078 0.26538797652429336 29.006995034956276
328.09728438319945 0.09518805973289912 586.3253683733024
303.59619178285857 0.8668796125814529 271.63690618837313
491.80853860975924 0.23025872085059457 825.1168627261372
438.00649969690636 0.36448076724803524 577.7623476342909
487.47539653645055 0.6363870033143902 61.57784531374136
125.87437616633756 0.1381279306959129 843.5515309382504
156.3748809747854 0.42799540461443686 479.6061055125587
213.68657640028653 0.7982880096671963 86.07915165525384
241.68212425524592 0.15350830932895926 549.0425745154454
283.3746657599237 0.42366242914305385 103.04494056034878
405.4563787039313 0.1686332123203968 40.93791122751844
484.3350503939258 0.0732480340177829 50.235952867252706
199.0257172191025 0.8033080501670338 606.0768210623094
187.20834126032216 0.46495915170065716 656.3926596304518
286.9939270143518 0.6795291370662572 855.0071781518575
148.85178243473962 0.2722272023198934 226.37320089559307
266.72585842681417 0.31356573758416695 39.96337470159557
460.86363083560025 0.8262460018187381 135.38925809649248
232.20517011645984 0.07708143369859127 777.9729628740206
367.57509554092286 0.40315063387718364 735.665884428668
341.8352602805773 0.4774236029971612 693.2808733968908
347.9688156268383 0.22323661887741808 741.034640026459
373.67355974383725 0.1789988072956642 57.37000920635779
479.1545841428038 0.5460409556549198 278.4057542660147
309.1435561302666 0.7447809071882302 669.1964487396433
256.34833020735 0.8839901100947298 387.7848321014536
439.63461518293974 0.8090774322489871 927.2240498146724
138.03286478483378 0.5154227415634416 664.8919973656807
321.6237668178869 0.8465777664502334 791.6634663876614
268.5691121389296 0.9971270537395345 88.92934628244495
396.1050053839107 0.05498058593781979 433.1628725212905
307.23063709836316 0.10553426624218243 188.44069660478215
421.89330868220617 0.6069369092068826 411.99852665355854
427.64664245959364 0.236140730356101 74.28298864582615
313.0610662654645 0.37372580791163335 624.9461925618806
384.2821681651146 0.8658824621427452 330.08540368772543
477.10070726397095 0.06053815481234448 861.3646366341322
472.3987844980045 0.912512948864221 383.4528762803972
495.41202084343865 0.8277077484938957 142.97758589642643
453.36008431414075 0.009834091920565502 994.480839388161
456.39708271316545 0.5016967403728446 516.1544800690979
159.3061960907195 0.6019207865704641 902.4879044862821
348.2873262867008 0.6594545102051739 440.50201986101166
402.04480330079014 0.08420877906712104 197.9116198679098
379.1795271820479 0.3036182886554797 252.66401832814302
219.41442995128475 0.7333765510292408 555.128724245329
469.1576246225198 0.8876694403346543 303.60415715042336
238.1892574685061 0.38376007975701204 525.4564103495076
185.09837878840867 0.4422568234740841 20.442768308684606
181.13995629467541 0.03739945253499416 938.3646322119189
289.63227567841705 0.7719902390623326 400.9919376943342
326.055008572814 0.8355733366242396 895.6091578815274
107.95886826420812 0.4190075072901852 153.9621395839531
365.20386777229743 0.6197592846014768 128.037938993394
129.55428041478925 0.7865715070983621 982.7486862752262
166.89606217708894 0.8758526940227601 497.52088611428763
473.6337088187294 0.6931837993347945 914.7957167222453
240.89388225343174 0.6476142240445912 803.1233384716633
356.20692722689245 0.7578452413417184 562.0492223237532
392.71225741683315 0.5362285164154956 682.8942605836246
285.64444102114095 0.5648772776017782 181.4043677144203
254.22615483942536 0.9770634124924209 892.457557569904
260.1334975373101 0.8598734721802483 709.8293510960257
482.28049338826 0.12690514540049036 17.27393563385192
101.80788146188954 0.04057403638162038 679.3060392918086
174.74870785537496 0.730888523267712 780.6472595985556
432.23221915974284 0.7734154276773537 296.2684347404769
179.44281918781772 0.5244507650825622 484.0351177775188
433.6246645997128 0.48271966049619175 909.9576742900194
228.54716621884262 0.20060835189755277 339.91599899815793
465.6728357352405 0.575280710601135 642.6353401543236
137.08082231292607 0.7180496140682825 170.5921487874611
293.6309656077164 0.9621147531859312 207.91811516103746
390.07188140060214 0.45585457691791575 756.0414747540676
497.7556114430687 0.27887604933309174 71.40168978980819
146.56392136218605 0.5916062773318247 771.4930185972112
301.5760105393895 0.11536827582185694 698.3678391915928
215.15982827666892 0.9911210390556121 234.41275315069356
208.0356394814072 0.9860309009686209 616.079973666183
144.67066250821637 0.9447332153904775 122.09367501140571
459.06156737217907 0.7632623522690263 807.6319421503287
415.5017774831877 0.25505095338602307 829.3566492523714
115.87344927394875 0.14409813125120613 13.00576577381787
297.87324004709075 0.0035193833758622173 367.2667053687399
222.372855740616 0.9538208891898003 473.2881859423107
493.4758070358699 0.7249143439262128 943.3989422469352
210.2854870935695 0.333494204855411 289.5515999156307
248.9736481714596 0.398802694529305 612.5533986915897
410.90587155361476 0.21775172685187888 308.34406699893873
277.9548888383702 0.49687442184970426 885.2742342972117
203.13531188263485 0.5679952103510363 839.6708408142603
194.47943504075795 0.46847366915152766 990.4763221999424
344.5549266402956 0.24749433139877597 705.2899661432045
250.4195297980664 0.4077069065669491 537.725594950545
407.4839298393621 0.7918668213461404 107.09557531669111
204.4621511201246 0.8989651213284049 794.7372051610619
400.6847354251213 0.7042355447663804 630.6923253528566
412.4489611352907 0.9294260570433988 570.4006303694739
354.6569478440038 0.32828839512120406 952.8652379819744
275.9369529528985 0.2825011858280676 970.0247363598914
226.38278355109537 0.14849482911419287 322.2394961646718
190.16954556362327 0.19667426845745362 529.643395709989
162.98323281613253 0.37031766820240025 317.76306147702394
359.9085505541385 0.8472980376234345 282.512789109748
451.6957042382379 0.30804449325505634 233.2439064918036
103.93904657344737 0.21309760381367182 255.7935606370697
140.15624556829792 0.6240800248566913 355.83691183890085
223.32781635679652 0.6293487967524127 925.7494711289555
258.6807599569947 0.5525002361631339 878.2657596024585
263.9676926143641 0.12469065962242382 511.92268659493203
337.94257262983194 0.03155507381631334 589.8231679712064
430.35238124274645 0.019127580690920465 461.6726634898395
129.55428041478925 0.7131451435415275 982.7486862752262
306.70496178674824 0.9480017555444069 240.39804763480845
331.2279426506627 0.7742673652849942 436.8038622691114
152.80812215497784 0.26886650523916955 422.3765078985163
394.59797911441666 0.5136838078722311 490.54963583590035
131.18091875562175 0.7057394878915615 224.65861344061847
127.0905528396512 0.18467819897016863 502.90226735375785
464.029864267152 0.19061831454425648 652.6219524779294
371.0183601966227 0.46948364576274776 262.57625578753647
352.7255595777299 0.05013184570314355 152.17641469247957
316.3294504457988 0.6978860465366381 167.8785526338802
106.61057576290423 0.9717686855950383 721.0074179351127
155.0277901614964 0.5829476254595685 784.7282826857211
386.91954862372035 0.8307786590561483 240.02890884979553
171.3283353451527 0.4903175625501507 670.1965688376367
376.425756592031 0.7038215131135495 543.1825919108472
337.1797485777148 0.9025875757061169 968.1568843108333
453.5872699571406 0.021846892793467076 813.4283268803758
182.1788385923334 0.7512905177845884 850.6251698356654
445.4558273354255 0.9373895988795442 637.431731117792
132.2859006149419 0.9855142852538861 94.53648339149788
119.21940886132191 0.6438953647930821 645.837584761859
191.02030386622886 0.44923234234817966 851.8103870737692
448.23907658388373 0.9266086466068315 532.7230832044153
486.8841178494564 0.7126251752092347 4.158038078026209
177.23976694492364 0.0874660393638883 119.01507644377938
148.49099322312526 0.326309748559936 597.6156160083898
339.27438829642335 0.904220700751553 191.41814827603167
404.95247842651946 0.663587832209005 766.6611806719852
319.8072530742205 0.11395582368314383 455.5306348841765
442.6578402070493 0.5173278163580087 205.33671529869287
108.54185699414549 0.47971079130081856 501.6510065713106
164.01772088932432 0.16124746201055096 797.8377900323076
297.0261385823194 0.39280105164490775 223.8465243716346
418.21790992500894 0.43761346695659337 56.21968419971881
336.71622325216515 0.28766167183388985 719.5308487559255
115.2188781864536 0.2935440744688159 978.5763179776603
350.26210748743983 0.26538797652429336 472.5335642586826
328.09728438319945 0.09518805973289912 327.8627938472666
303.59619178285857 0.8668796125814529 558.938989902794
328.06393189295693 0.7553942572496091 825.1168627261372
438.00649969690636 0.7592081673363071 577.7623476342909
487.47539653645055 0.6363870033143902 486.55649887643426
250.14186596866028 0.1381279306959129 843.5515309382504
303.5698973745652 0.42799540461443686 896.4459959455148
103.35135448020512 0.7982880096671963 86.07915165525384
241.68212425524592 0.6063505882978704 549.0425745154454
235.62070214772115 0.42366242914305385 103.04494056034878
405.4563787039313 0.1686332123203968 690.0575128832031
484.3350503939258 0.34491027610985237 50.235952867252706
287.34543897930774 0.8033080501670338 606.0768210623094
283.91125911355584 0.5005262884131927 656.3926596304518
286.9939270143518 0.9065336768399102 855.0071781518575
260.9677165602773 0.2722272023198934 226.37320089559307
266.72585842681417 0.4895626678364349 39.96337470159557
450.00750692710744 0.8262460018187381 366.79876130743094
232.20517011645984 0.7483045201982153 777.9729628740206
367.57509554092286 0.40315063387718364 321.33460960400083
341.8352602805773 0.12442640628360135 693.2808733968908
347.9688156268383 0.3388580899926654 741.034640026459
487.3057266521673 0.15841870634457705 57.37000920635779
479.1545841428038 0.5460409556549198 386.6680757410447
309.1435561302666 0.8605901970047884 669.1964487396433
256.34833020735 0.8839901100947298 521.1216829625288
261.3616668469491 0.9823671508443723 927.2240498146724
171.01684241321433 0.5154227415634416 664.8919973656807
390.73350357789207 0.8465777664502334 791.6634663876614
268.5691121389296 0.11959887992692714 13.445197529979055
396.1050053839107 0.5975963540908645 433.1628725212905
425.79824262916395 0.8531981444807587 829.5317715484783
277.282407556825 0.6069369092068826 642.7064329773857
427.64664245959364 0.236140730356101 792.6640420124987
313.0610662654645 0.5436395080053089 624.9461925618806
384.2821681651146 0.8658824621427452 613.8756106353203
284.2363719862421 0.06053815481234448 861.3646366341322
194.2664524316591 0.912512948864221 383.4528762803972
418.5990680152429 0.8277077484938957 142.97758589642643
361.22017582845837 0.009834091920565502 88.54131904076365
456.39708271316545 0.929406213283728 516.1544800690979
159.3061960907195 0.949252759602143 974.7163951507089
186.99443721174435 0.6594545102051739 440.50201986101166
229.5175653828266 0.08420877906712104 197.9116198679098
159.50301112991124 0.32436583205692915 252.66401832814302
168.24161832552025 0.8000634124994283 555.128724245329
256.26067433798926 0.6739980693331155 303.60415715042336
238.1892574685061 0.14558523226303471 525.4564103495076
185.09837878840867 0.6378014019167162 20.442768308684606
420.6407127583409 0.03739945253499416 455.2203226708265
289.63227567841705 0.5654882590687105 400.9919376943342
326.055008572814 0.8355733366242396 495.7156505498487
107.95886826420812 0.5347194770626119 153.9621395839531
365.20386777229743 0.5094147594363547 128.037938993394
245.12304717794086 0.9149832636308554 296.2325147569011
237.59956771777894 0.17690778733343915 497.52088611428763
473.6337088187294 0.6645043143085198 914.7957167222453
156.3781379445574 0.4047049038590644 696.4888068686607
356.20692722689245 0.8253038253982599 562.0492223237532
392.71225741683315 0.24488530752679516 682.8942605836246
449.83712769605864 0.5648772776017782 181.4043677144203
254.22615483942536 0.9770634124924209 310.88766638328303
260.1334975373101 0.2852169146241034 973.9508928148014
482.28049338826 0.4558585430120076 17.27393563385192
487.2609674235266 0.04057403638162038 679.3060392918086
363.44621146692515 0.730888523267712 780.6472595985556
440.52294106761013 0.6222185541368497 296.2684347404769
409.77963219645585 0.5244507650825622 484.0351177775188
198.6816570382116 0.48271966049619175 909.9576742900194
228.54716621884262 0.9421021721461783 339.91599899815793
465.6728357352405 0.9271443693092569 918.1185595988188
209.82502240152297 0.7180496140682825 366.0450837226679
293.6309656077164 0.9621147531859312 200.29080614835158
390.07188140060214 0.45585457691791575 489.90533140405614
497.7556114430687 0.12359710996953793 855.1929203976617
146.56392136218605 0.6437161507299032 771.4930185972112
271.83049845511755 0.11536827582185694 850.5221728368645
445.98685170288906 0.9471323119898838 234.41275315069356
208.0356394814072 0.9860309009686209 471.8796076804994
282.47960155596115 0.9447332153904775 122.09367501140571
223.00220620349097 0.7632623522690263 807.6319421503287
415.5017774831877 0.25505095338602307 669.2184367759227
413.2156074382019 0.4534361756420109 691.6763211291948
270.0580260774844 0.0035193833758622173 367.2667053687399
148.1927560469441 0.9538208891898003 473.2881859423107
473.60306392238084 0.4362493450464491 943.3989422469352
210.2854870935695 0.333494204855411 166.92121991835631
360.17968930327504 0.398802694529305 612.5533986915897
410.90587155361476 0.32427943742816273 29.59306629062064
277.9548888383702 0.5423750651190449 726.7342564149428
203.13531188263485 0.22584615127784624 839.6708408142603
199.72180331625145 0.46847366915152766 990.4763221999424
344.5549266402956 0.24749433139877597 504.2927061811825
250.4195297980664 0.7996141412483093 537.725594950545
407.4839298393621 0.7918668213461404 874.5974616737524
204.4621511201246 0.8989651213284049 692.3850254290412
463.3065985477708 0.7042355447663804 769.3904806865582
412.4489611352907 0.9294260570433988 307.87782355852664
309.3238487781098 0.32828839512120406 952.8652379819744
275.9369529528985 0.33806231599691194 998.9269620313374
226.38278355109537 0.43215827770756193 413.60386594450426
190.16954556362327 0.19667426845745362 278.4744698197101
162.98323281613253 0.794344522209484 317.76306147702394
419.0406672978196 0.8472980376234345 282.512789109748
451.6957042382379 0.30804449325505634 418.34950079587264
103.93904657344737 0.035781115531804075 553.6411625503214
174.38892273788107 0.6240800248566913 355.83691183890085
223.32781635679652 0.6293487967524127 718.7162438663181
258.6807599569947 0.5431787213709566 878.2657596024585
365.71530241658456 0.12469065962242382 511.92268659493203
366.19019424076413 0.03155507381631334 589.8231679712064
296.7841102221553 0.019127580690920465 461.6726634898395
129.55428041478925 0.7865715070983621 936.4515670420685
306.70496178674824 0.9480017555444069 392.91018987397706
203.6493846906357 0.7742673652849942 436.8038622691114
366.79768467513577 0.26886650523916955 422.3765078985163
282.6850947230449 0.07140721710283615 490.54963583590035
131.18091875562175 0.4861127162631832 435.05589559574423
127.0905528396512 0.7444197761985594 869.0044770766299
381.46304704568433 0.19061831454425648 70.51071776854513
371.0183601966227 0.6853184865517274 716.2361529906049
352.7255595777299 0.4850494428091497 152.17641469247957
118.27972130584533 0.6978860465366381 963.9911464288425
250.6048269570814 0.9717686855950383 389.1438660566413
155.0277901614964 0.27531831193636225 455.6968288393005
344.8783452507281 0.8307786590561483 240.02890884979553
171.3283353451527 0.4903175625501507 122.29437400980811
142.20491926540046 0.7038215131135495 543.1825919108472
337.1797485777148 0.44728687618890006 870.4784566325121
137.33638588829342 0.29022203568211 813.4283268803758
149.236961722795 0.7512905177845884 850.6251698356654
444.13971019494966 0.5577362426538972 637.431731117792
467.7585519744667 0.9855142852538861 94.53648339149788
119.21940886132191 0.7233369473146193 645.837584761859
354.960686209622 0.44923234234817966 851.8103870737692
210.64784868671862 0.9266086466068315 532.7230832044153
122.7505468907411 0.8394745654823247 4.158038078026209
484.7657106023762 0.022515996787594084 119.01507644377938
146.7973419700191 0.326309748559936 597.6156160083898
273.25361035403114 0.904220700751553 913.2424931484379
412.42994269572245 0.663587832209005 766.6611806719852
355.53933057719115 0.34089181069276664 436.92294383592747
442.6578402070493 0.5319381826831729 773.8098003407179
497.9333048142173 0.5119414240321578 501.6510065713106
377.3919262673129 0.16124746201055096 824.7440997896117
297.0261385823194 0.39280105164490775 885.206951580034
418.21790992500894 0.43761346695659337 104.03344977846746
333.05170338129153 0.8036133277574922 719.5308487559255
191.26855938614545 0.2935440744688159 978.5763179776603
350.26210748743983 0.10724003751776595 472.5335642586826
360.81369722939047 0.09518805973289912 586.3253683733024
190.86480618238357 0.8668796125814529 864.1411561224843
395.1904423830373 0.7553942572496091 825.1168627261372
191.7491638092493 0.7592081673363071 493.5893886325674
263.5182572300021 0.6363870033143902 491.00810434943327
125.87437616633756 0.1381279306959129 216.47969858938097
284.06387397068147 0.8628569650863809 479.6061055125587
103.35135448020512 0.7982880096671963 227.55303434802642
241.68212425524592 0.9081661000517592 549.0425745154454
235.62070214772115 0.42366242914305385 789.1710170208635
303.8075877454332 0.1686332123203968 690.0575128832031
484.3350503939258 0.21321580807100599 50.235952867252706
105.87688582692851 0.8033080501670338 606.0768210623094
242.80255297715323 0.3409962473917062 656.3926596304518
286.9939270143518 0.550500139470314 855.0071781518575
148.85178243473962 0.4494014797650401 226.37320089559307
266.72585842681417 0.4895626678364349 540.0094392368261
252.95328457088465 0.8262460018187381 366.79876130743094
232.20517011645984 0.6787366424081623 777.9729628740206
367.57509554092286 0.40315063387718364 722.9154976598622
345.6682614916245 0.4774236029971612 693.2808733968908
426.30390930246796 0.5535594710476143 741.034640026459
253.95638938826832 0.7877283688068584 450.3111462275414
479.1545841428038 0.5460409556549198 639.6520594313968
309.1435561302666 0.5159866211109406 669.1964487396433
165.02556888309329 0.8839901100947298 416.03497561248173
261.3616668469491 0.7658612503798508 927.2240498146724
190.87415880430711 0.5154227415634416 664.8919973656807
301.99548266034833 0.8465777664502334 952.3231836074248
417.35547209352916 0.9971270537395345 88.92934628244495
396.1050053839107 0.36451864615252405 433.1628725212905
425.79824262916395 0.8531981444807587 756.9099788693266
277.282407556825 0.15216468816705775 642.7064329773857
427.64664245959364 0.7274529404290944 792.6640420124987
270.2416545861182 0.5436395080053089 624.9461925618806
384.2821681651146 0.7576820592714653 613.8756106353203
284.2363719862421 0.7454619801854537 861.3646366341322
187.98967247446137 0.912512948864221 383.4528762803972
303.2362059485754 0.2704588247325115 142.97758589642643
453.36008431414075 0.18395557359645515 994.480839388161
456.39708271316545 0.13933309744946332 516.1544800690979
185.81299192329178 0.949252759602143 974.7163951507089
337.34932473154674 0.6594545102051739 440.50201986101166
416.54513366287927 0.08420877906712104 197.9116198679098
159.50301112991124 0.4191363384329404 252.66401832814302
168.24161832552025 0.8000634124994283 383.4706730790899
378.36731274566057 0.6739980693331155 303.60415715042336
238.1892574685061 0.10083552826320141 525.4564103495076
185.09837878840867 0.1894124611860481 20.442768308684606
181.13995629467541 0.9988354977253697 938.3646322119189
289.63227567841705 0.7719902390623326 764.119248700106
288.4349663537881 0.009348504087224263 895.6091578815274
107.95886826420812 0.5347194770626119 934.8377869573662
365.20386777229743 0.5547933719858552 601.6511290824336
245.12304717794086 0.9149832636308554 300.98467557167953
166.89606217708894 0.4646638781247749 779.0723054281987
254.34988066754607 0.6931837993347945 914.7957167222453
156.3781379445574 0.7604766604464496 696.4888068686607
356.20692722689245 0.30267016354800036 562.0492223237532
289.6053448248819 0.5362285164154956 739.4198972964037
193.86260184140946 0.5648772776017782 951.4360762697767
160.95758870376187 0.9770634124924209 892.457557569904
488.13547322399785 0.8598734721802483 709.8293510960257
482.28049338826 0.41294918081477905 658.1782588179086
101.80788146188954 0.546450768697497 679.3060392918086
174.74870785537496 0.7620142243114673 780.6472595985556
432.23221915974284 0.7734154276773537 639.6055759469405
179.44281918781772 0.8115560908411859 624.1180285109687
187.0203547730143 0.48271966049619175 390.8178244507885
228.54716621884262 0.25191097694606235 339.91599899815793
175.03655127198346 0.18371817771747895 918.1185595988188
137.08082231292607 0.7180496140682825 719.5969147356193
293.6309656077164 0.8066070486104902 207.91811516103746
390.07188140060214 0.6184609657100913 756.0414747540676
497.7556114430687 0.26774896026638656 71.40168978980819
287.4639305606465 0.8402029024923903 714.9107232125696
271.83049845511755 0.7250979752837319 850.5221728368645
215.15982827666892 0.59200617802091 234.41275315069356
208.0356394814072 0.9860309009686209 753.1290056748363
144.67066250821637 0.9447332153904775 328.65809741257203
245.45450883001757 0.7632623522690263 807.6319421503287
415.5017774831877 0.25505095338602307 501.53235993648735
166.83934157907237 0.4534361756420109 905.0658244088636
363.9680798753341 0.24346062854727113 790.2011563528015
148.1927560469441 0.5051775305932056 476.87698832801584
295.1663501236992 0.7249143439262128 943.3989422469352
210.2854870935695 0.6465107394676431 289.5515999156307
248.9736481714596 0.398802694529305 946.3968777366279
410.90587155361476 0.2698205571363407 29.59306629062064
258.3210955085493 0.49687442184970426 85.7974064212637
239.9627418355245 0.07835065316698986 733.4756657353731
194.47943504075795 0.43238101343435514 990.4763221999424
344.5549266402956 0.7907400379275475 46.27297972734118
250.4195297980664 0.7758694898867753 537.725594950545
407.4839298393621 0.7918668213461404 863.8688658253858
204.4621511201246 0.8989651213284049 405.3100934525147
196.78608318469597 0.7364377844435049 630.6923253528566
412.4489611352907 0.9229920136702954 570.4006303694739
422.6962517537278 0.32828839512120406 952.8652379819744
275.9369529528985 0.4407009719626562 998.9269620313374
451.43292152388796 0.43215827770756193 413.60386594450426
190.16954556362327 0.7824411232881503 595.7791859187794
162.98323281613253 0.612874893376455 317.76306147702394
217.13461946784722 0.8472980376234345 282.512789109748
451.6957042382379 0.30804449325505634 603.7592569001245
432.05946398583364 0.39744352895287693 456.2496102490551
197.26868114868495 0.6240800248566913 410.5139842190204
336.2671876897295 0.5855993595782788 925.7494711289555
298.27585704596135 0.5525002361631339 878.2657596024585
263.9676926143641 0.8156620777953847 511.92268659493203
337.94257262983194 0.8937036648188075 762.8473824735756
259.25362271370864 0.019127580690920465 461.6726634898395
129.55428041478925 0.6127648984632148 982.7486862752262
394.4245976532726 0.9480017555444069 392.91018987397706
341.4750704783064 0.5942148796317698 436.8038622691114
152.80812215497784 0.26886650523916955 541.2919003020379
278.88820705590183 0.5136838078722311 717.8658260601903
131.18091875562175 0.38096119807472734 435.05589559574423
127.0905528396512 0.7884552579137512 869.0044770766299
381.46304704568433 0.19061831454425648 630.7224618799155
371.0183601966227 0.28940639143348856 538.7365245989866
265.89904376170574 0.4850494428091497 152.17641469247957
223.35082257591398 0.6978860465366381 963.9911464288425
248.13980901768818 0.642075808778076 721.0074179351127
155.0277901614964 0.5829476254595685 534.080128838979
210.3273524372012 0.8307786590561483 385.54347232227013
352.31029933326477 0.4903175625501507 670.1965688376367
142.20491926540046 0.7038215131135495 791.8144982331852
181.9754181149241 0.9025875757061169 968.1568843108333
476.87548730574895 0.29022203568211 813.4283268803758
319.3607027485266 0.7512905177845884 850.6251698356654
444.13971019494966 0.7595212788365782 637.431731117792
132.2859006149419 0.6604556172153466 553.1473951564179
119.21940886132191 0.7233369473146193 42.12916021597954
395.91681831299496 0.44923234234817966 851.8103870737692
172.9312200917583 0.9266086466068315 532.7230832044153
280.79819791183604 0.8394745654823247 4.158038078026209
174.2288387709853 0.9245080122179938 119.01507644377938
146.7973419700191 0.326309748559936 758.6880311710208
273.25361035403114 0.7189344521252441 763.0559856122636
280.0694582517333 0.663587832209005 983.4044827537742
319.17417482655327 0.24113489377505826 455.5306348841765
442.6578402070493 0.5319381826831729 296.95227120160996
108.54185699414549 0.5119414240321578 716.8758313878054
164.01772088932432 0.34983031396776154 449.46856559364676
320.59791172547057 0.39280105164490775 235.85880771079206
418.21790992500894 0.43761346695659337 631.3223377699892
333.05170338129153 0.8059254033694718 719.5308487559255
191.26855938614545 0.755351442445047 978.5763179776603
215.89372146226594 0.26538797652429336 472.5335642586826
328.09728438319945 0.20484918347267972 586.3253683733024
190.86480618238357 0.025419140576108112 786.0496600815945
328.06393189295693 0.7553942572496091 365.86834827195713
154.86191408859335 0.7592081673363071 493.5893886325674
160.40826727795695 0.6363870033143902 491.00810434943327
125.87437616633756 0.8242741083942484 336.3574539923309
156.3748809747854 0.8713836563118653 479.6061055125587
103.35135448020512 0.7982880096671963 976.4140370371034
240.50692106801245 0.003853563031168461 549.0425745154454
235.62070214772115 0.282281006772931 789.1710170208635
228.72491274896834 0.1686332123203968 690.0575128832031
151.41681475513263 0.34491027610985237 50.235952867252706
199.0257172191025 0.8033080501670338 898.0514458216917
371.2705031990253 0.46495915170065716 832.5532118507359
286.9939270143518 0.9065336768399102 742.0617526137958
180.52174972416196 0.4494014797650401 226.37320089559307
408.0623481822747 0.4895626678364349 540.0094392368261
471.19988945580417 0.24865569612072153 366.79876130743094
179.00500395354126 0.7483045201982153 777.9729628740206
367.57509554092286 0.40315063387718364 498.5679509476807
360.9216989723721 0.4774236029971612 213.6507831234374
317.63110138858235 0.3388580899926654 741.034640026459
372.5250236892714 0.6692093754699965 450.3111462275414
420.1489070695193 0.5460409556549198 746.3232953248921
265.9317389469358 0.9873575201140788 669.1964487396433
165.02556888309329 0.19901196092386347 971.0468542861478
292.39651924668874 0.9823671508443723 927.2240498146724
274.68702847955086 0.5154227415634416 664.8919973656807
301.99548266034833 0.5123288730462664 952.3231836074248
268.5691121389296 0.5035622795248961 88.92934628244495
169.0884565354773 0.6687495338812549 346.6182228264998
341.3682635243237 0.1831256067131251 829.5317715484783
456.6630864223039 0.6069369092068826 790.4863015663329
435.63461819472 0.8253993367978201 792.6640420124987
270.2416545861182 0.5727365439765361 624.9461925618806
384.2821681651146 0.9102521041417839 613.8756106353203
284.2363719862421 0.7454619801854537 805.5796491352367
187.98967247446137 0.912512948864221 520.2175960852351
418.5990680152429 0.8646903249199699 142.97758589642643
453.36008431414075 0.05275281854519026 994.480839388161
421.56324516529054 0.929406213283728 516.1544800690979
159.3061960907195 0.949252759602143 814.1511304370536
186.99443721174435 0.6594545102051739 931.8185139653197
396.81366906119933 0.08420877906712104 197.9116198679098
159.50301112991124 0.4191363384329404 369.11239823466303
168.24161832552025 0.027005336039545802 555.128724245329
393.7414821262359 0.6162929789540027 356.09366023043566
448.4790808295214 0.38376007975701204 525.4564103495076
185.09837878840867 0.6592910778215433 565.0314558510393
181.13995629467541 0.2034860742629661 938.3646322119189
425.9470508563952 0.7719902390623326 663.0077681967527
125.10788405013486 0.8355733366242396 895.6091578815274
336.139329095863 0.5347194770626119 934.8377869573662
365.20386777229743 0.025782238471815377 601.6511290824336
184.30202672816625 0.9149832636308554 300.98467557167953
237.1651810136787 0.8758526940227601 497.52088611428763
254.34988066754607 0.6931837993347945 261.1207451097106
156.3781379445574 0.03502217988673051 378.5282710331463
322.1133495679783 0.8253038253982599 983.3516133138664
130.63773744090508 0.5362285164154956 739.4198972964037
467.86503984297906 0.5648772776017782 951.4360762697767
400.7822986138737 0.6600188788366925 892.457557569904
260.1334975373101 0.33702938849018915 926.1033346613788
482.28049338826 0.41294918081477905 375.3042246281224
422.8784582375324 0.546450768697497 469.15216661286973
174.74870785537496 0.9655572426153123 780.6472595985556
432.23221915974284 0.7734154276773537 959.7146204753568
179.44281918781772 0.29366938376151347 624.1180285109687
198.6816570382116 0.48271966049619175 729.839802222227
483.8527562223947 0.9421021721461783 339.91599899815793
175.03655127198346 0.6360379713592936 805.4529961162593
180.7582968402432 0.7180496140682825 669.270524110696
293.6309656077164 0.9621147531859312 443.41541416928555
388.592918871812 0.6184609657100913 756.0414747540676
241.1387798389816 0.27887604933309174 71.40168978980819
146.56392136218605 0.6437161507299032 613.4470826165187
382.7714348728065 0.7250979752837319 860.6622938475676
215.15982827666892 0.7858358461103706 234.41275315069356
208.0356394814072 0.9860309009686209 879.8556895501224
144.67066250821637 0.2572557370181341 645.3489644603013
116.40822038512982 0.7632623522690263 488.43203702151305
415.5017774831877 0.25505095338602307 218.51016367122963
225.1535652878355 0.4534361756420109 905.0658244088636
256.15655300420855 0.24346062854727113 790.2011563528015
354.7244505392633 0.9538208891898003 473.2881859423107
295.1663501236992 0.7249143439262128 851.9066899806849
124.7366036590305 0.6465107394676431 289.5515999156307
248.9736481714596 0.398802694529305 794.1090648892879
410.90587155361476 0.32427943742816273 478.27454111299267
277.9548888383702 0.690146991208405 885.2742342972117
460.4855007679604 0.5679952103510363 839.6708408142603
345.10469109582095 0.46847366915152766 990.4763221999424
344.5549266402956 0.6787854188333675 46.27297972734118
112.51328899102461 0.9644660163893217 537.725594950545
407.4839298393621 0.8638056136615615 874.5974616737524
204.4621511201246 0.8989651213284049 472.0634470944598
196.78608318469597 0.9331092424698757 630.6923253528566
412.4489611352907 0.9294260570433988 379.46579721370887
423.00561238947375 0.7318072043124927 952.8652379819744
275.9369529528985 0.4407009719626562 461.4619779957436
226.38278355109537 0.39866899569010383 413.60386594450426
190.16954556362327 0.47675861505783007 595.7791859187794
162.98323281613253 0.8013063662440958 317.76306147702394
220.7116324749919 0.8472980376234345 282.512789109748
363.7314679607776 0.30804449325505634 603.7592569001245
346.4888982705574 0.21309760381367182 255.7935606370697
140.15624556829792 0.43048397480360573 147.7730656096901
223.32781635679652 0.5086852367872515 925.7494711289555
162.93397142430723 0.5525002361631339 878.2657596024585
263.9676926143641 0.513949327418874 511.92268659493203
337.94257262983194 0.06323279473761267 186.3769744896867
259.25362271370864 0.5259695375518042 461.6726634898395
129.55428041478925 0.08156004356053892 982.7486862752262
436.5002051001313 0.9480017555444069 392.91018987397706
203.6493846906357 0.25455266409645805 436.8038622691114
152.80812215497784 0.09380551162649986 541.2919003020379
278.88820705590183 0.43787628065095274 717.8658260601903
465.5066359425068 0.4861127162631832 435.05589559574423
264.0089185587017 0.544159844199528 453.4386339144496
101.2271641427044 0.9354516711822843 652.6219524779294
371.0183601966227 0.48218209335830237 716.2361529906049
281.3300465867969 0.28908644151479035 152.17641469247957
454.32587491323767 0.6978860465366381 963.9911464288425
112.39182668391965 0.3615888216726956 529.2515347347222
155.0277901614964 0.22597649652092006 784.7282826857211
210.3273524372012 0.8307786590561483 821.6845200083795
292.5631078020151 0.4903175625501507 913.1731495259847
141.366268890817 0.7038215131135495 791.8144982331852
181.9754181149241 0.7625279410989712 518.6173298916206
137.33638588829342 0.29022203568211 120.41399328735105
219.30552835086968 0.7512905177845884 850.6251698356654
444.13971019494966 0.9373895988795442 581.0913717813181
132.2859006149419 0.6604556172153466 847.0183618007006
119.21940886132191 0.7233369473146193 27.66445959294606
341.84370037163524 0.44923234234817966 851.8103870737692
230.93249425989967 0.9266086466068315 532.7230832044153
122.7505468907411 0.5434419466906224 4.158038078026209
303.48375286509895 0.9245080122179938 119.01507644377938
146.7973419700191 0.326309748559936 792.1299851926849
273.25361035403114 0.410404249629153 913.2424931484379
339.6667103709184 0.7835896459952169 983.4044827537742
319.8072530742205 0.4116473347118458 455.5306348841765
442.6578402070493 0.5319381826831729 603.3102212667627
392.35240103490105 0.5119414240321578 716.8758313878054
164.01772088932432 0.9357675758274748 449.46856559364676
297.0261385823194 0.39280105164490775 875.5559850212127
441.31886949601665 0.43761346695659337 955.004090369747
281.43274343023194 0.2728291950171585 719.5308487559255
225.9380073417359 0.755351442445047 978.5763179776603
215.89372146226594 0.605800058703704 770.3901636027023
328.09728438319945 0.20484918347267972 518.7585051269346
190.86480618238357 0.6376512591315785 864.1411561224843
328.06393189295693 0.5649478246786828 825.1168627261372
154.86191408859335 0.43505640060116524 493.5893886325674
389.13155928748813 0.6363870033143902 791.8761735828036
125.87437616633756 0.47712864778333447 336.3574539923309
156.3748809747854 0.3109973844072782 479.6061055125587
162.0281377385216 0.7982880096671963 976.4140370371034
241.68212425524592 0.9081661000517592 696.8794505832076
235.62070214772115 0.42366242914305385 233.94617468785242
228.72491274896834 0.6330694545446012 690.0575128832031
227.88759340229137 0.34491027610985237 50.235952867252706
130.6688228874989 0.8033080501670338 898.0514458216917
187.20834126032216 0.8809912612951659 177.50643374799068
286.9939270143518 0.07656319902283443 855.0071781518575
383.4803296674444 0.4494014797650401 226.37320089559307
208.0538513346748 0.02662697256648089 540.0094392368261
261.1526322176075 0.859123359508075 432.1121088992321
179.00500395354126 0.22008906689145846 777.9729628740206
272.3889964586053 0.40315063387718364 735.665884428668
341.8352602805773 0.7054838695932946 693.2808733968908
317.63110138858235 0.3388580899926654 55.40227704850929
219.51372910384737 0.7877283688068584 450.3111462275414
420.1489070695193 0.5460409556549198 91.14974995487103
265.9317389469358 0.4058258571513311 669.1964487396433
165.02556888309329 0.8839901100947298 298.92733339889014
261.3616668469491 0.9823671508443723 631.887193208616
486.62150266664867 0.5154227415634416 664.8919973656807
301.99548266034833 0.9916575350752054 952.3231836074248
447.30785309258874 0.9252808654890081 403.3468629177996
169.0884565354773 0.6687495338812549 426.3077949603008
103.41796726223387 0.8531981444807587 829.5317715484783
358.78318418297147 0.6069369092068826 642.7064329773857
112.20925337763137 0.8253993367978201 792.6640420124987
270.2416545861182 0.5727365439765361 754.8990093058947
436.21756663091077 0.9102521041417839 613.8756106353203
422.54491178582674 0.062293324371520575 861.3646366341322
187.98967247446137 0.912512948864221 490.7171133718724
114.40762303652986 0.8646903249199699 318.2970393185579
453.36008431414075 0.10183010897204703 994.480839388161
421.56324516529054 0.4943008667526973 524.2881484842994
159.3061960907195 0.949252759602143 270.472596919157
479.6176808355599 0.8772824235191858 931.8185139653197
236.2423010958833 0.08420877906712104 197.9116198679098
238.0620843535753 0.06829483502924394 369.11239823466303
168.24161832552025 0.8000634124994283 245.48382141789537
256.26067433798926 0.6739980693331155 269.1000250282664
294.11918718709325 0.9460527258004426 525.4564103495076
185.09837878840867 0.3482812015109587 565.0314558510393
181.13995629467541 0.3950557236947006 252.07972168281344
169.69353877584297 0.45205154167234085 764.119248700106
451.61040798130523 0.42277315211419725 895.6091578815274
205.18929246142358 0.5347194770626119 737.8958176983881
365.20386777229743 0.6303905083318331 601.6511290824336
459.111631408219 0.8402057705139341 300.98467557167953
499.71044969785424 0.23765749291822502 497.52088611428763
373.7026859724475 0.6931837993347945 914.7957167222453
156.3781379445574 0.6738557773643978 696.4888068686607
322.1133495679783 0.9068474858574458 983.3516133138664
130.63773744090508 0.6851654604126953 739.4198972964037
193.86260184140946 0.5648772776017782 757.957517464764
160.95758870376187 0.9770634124924209 576.0112054773826
260.1334975373101 0.6157630119408259 709.8293510960257
482.28049338826 0.5135119912923758 658.1782588179086
140.95313814528834 0.546450768697497 566.2019601332903
174.74870785537496 0.441597040393434 780.6472595985556
432.23221915974284 0.12434909140839112 959.7146204753568
179.44281918781772 0.07629181864800344 624.1180285109687
267.8169170551071 0.48271966049619175 909.9576742900194
139.25498560085134 0.2400495669223804 647.7639205789596
478.6861544113421 0.6360379713592936 805.4529961162593
137.08082231292607 0.7180496140682825 904.5159708858516
293.6309656077164 0.9621147531859312 441.56988450847854
388.592918871812 0.6184609657100913 88.9201375424251
241.1387798389816 0.9123965845063778 71.40168978980819
343.1764816621353 0.6437161507299032 771.4930185972112
288.0212811971323 0.7250979752837319 850.5221728368645
215.15982827666892 0.9911210390556121 702.0745616423168
208.0356394814072 0.6742313815299403 879.8556895501224
144.67066250821637 0.9447332153904775 996.550084861778
211.45059993100642 0.13887221023097668 807.6319421503287
415.5017774831877 0.8492553743958018 829.3566492523714
309.8853752692639 0.4534361756420109 905.0658244088636
422.00988518864733 0.24346062854727113 790.2011563528015
148.1927560469441 0.4393592596517114 473.2881859423107
137.5045618208795 0.9466524296669268 943.3989422469352
124.7366036590305 0.3369355030957956 709.7077969449876
248.9736481714596 0.10179622681667722 946.3968777366279
331.49371949044433 0.32427943742816273 478.27454111299267
277.9548888383702 0.690146991208405 86.64502016460204
203.13531188263485 0.5679952103510363 122.4165009356056
194.47943504075795 0.46847366915152766 976.1564578314062
344.5549266402956 0.7907400379275475 107.32970422818158
112.51328899102461 0.9644660163893217 339.7788265175572
407.4839298393621 0.6734247253672194 874.5974616737524
343.3828665777076 0.8989651213284049 794.7372051610619
196.78608318469597 0.11030098569178154 630.6923253528566
143.8880238864815 0.0446354071398245 570.4006303694739
309.3238487781098 0.32828839512120406 474.4411980080974
243.74173590989838 0.4607063288452688 998.9269620313374
232.51397812960903 0.43215827770756193 413.60386594450426
190.16954556362327 0.7824411232881503 45.27488074579668
268.2424669862764 0.8013063662440958 317.76306147702394
277.6197242001474 0.8472980376234345 282.512789109748
363.7314679607776 0.7486181693519359 676.4798739417208
103.93904657344737 0.7419304541672318 140.83784591086965
140.15624556829792 0.3254514312351688 380.49565569600816
223.32781635679652 0.6293487967524127 927.0989311014616
439.43296693655105 0.5525002361631339 878.2657596024585
263.9676926143641 0.8156620777953847 972.3817623038683
155.6494989421228 0.8937036648188075 762.8473824735756
485.4280889616126 0.5259695375518042 461.6726634898395
123.17121780874297 0.9466524296669268 573.3576433507351
306.70496178674824 0.9480017555444069 705.5898307565124
147.2013720403348 0.7742673652849942 436.8038622691114
152.80812215497784 0.6474385050914838 541.2919003020379
278.88820705590183 0.12645987225495114 515.7441890099258
131.18091875562175 0.33790137800209774 60.126751060254605
264.93202707613176 0.7884552579137512 869.0044770766299
181.56040542882377 0.9354516711822843 652.6219524779294
371.0183601966227 0.6853184865517274 364.79720443158135
395.96916939309835 0.4850494428091497 152.17641469247957
353.1029736526807 0.6978860465366381 963.9911464288425
199.74479731197323 0.9717686855950383 721.0074179351127
155.0277901614964 0.8645984965524636 784.7282826857211
210.3273524372012 0.8307786590561483 498.1754486326103
409.8097060303528 0.4903175625501507 431.1588844463453
141.366268890817 0.5188474934327534 791.8144982331852
335.46127278934574 0.9025875757061169 968.1568843108333
141.25661384245512 0.29022203568211 813.4283268803758
149.236961722795 0.7907905444486105 862.2052517666464
485.45983402071874 0.9373895988795442 637.431731117792
132.2859006149419 0.09953508902538355 847.0183618007006
119.21940886132191 0.7233369473146193 527.4326412818818
442.1126370784861 0.44923234234817966 966.0792590938419
172.9312200917583 0.21237884176068006 532.7230832044153
148.47336124568864 0.8394745654823247 929.1858933222072
275.0769800037086 0.9245080122179938 119.01507644377938
146.7973419700191 0.8383329531380856 792.1299851926849
273.25361035403114 0.576155702586042 913.2424931484379
280.0694582517333 0.663587832209005 26.869181033544635
403.490385418458 0.4116473347118458 455.5306348841765
442.6578402070493 0.7135503131670308 919.7874098233447
108.54185699414549 0.5119414240321578 544.6549122667146
164.01772088932432 0.7011400087452662 449.46856559364676
297.0261385823194 0.7583110218095821 885.206951580034
179.39319263943264 0.43761346695659337 955.004090369747
333.05170338129153 0.053712547569388924 719.5308487559255
191.26855938614545 0.755351442445047 850.2303401026826
215.89372146226594 0.23308342407485833 770.3901636027023
328.09728438319945 0.20484918347267972 276.7376887339864
190.86480618238357 0.7929410198765627 487.03177108348814
328.06393189295693 0.7857931400516456 321.31748305516584
201.80393450135915 0.7592081673363071 493.5893886325674
490.2200017847673 0.5444958558416748 491.00810434943327
125.87437616633756 0.8242741083942484 741.7270920806703
465.41616705249186 0.8713836563118653 479.6061055125587
157.0716413691457 0.6004140425107789 976.4140370371034
428.9872589316416 0.9081661000517592 696.8794505832076
333.356359511253 0.42366242914305385 789.1710170208635
228.72491274896834 0.6330694545446012 875.6958665624144
339.6763267167429 0.34491027610985237 50.235952867252706
130.6688228874989 0.8033080501670338 536.072285473699
187.20834126032216 0.46495915170065716 639.2127481778908
395.6945527628363 0.6819708804832274 429.66255387158714
398.2629375103491 0.4494014797650401 226.37320089559307
143.0394677412279 0.4895626678364349 203.5631471001933
261.1526322176075 0.8723815221540911 691.4135585780027
179.00500395354126 0.7483045201982153 266.8357421126982
272.3889964586053 0.40315063387718364 124.96141247612081
341.8352602805773 0.8209040788581317 934.8824419319312
436.0347594874521 0.3388580899926654 741.034640026459
219.51372910384737 0.7877283688068584 380.9555968473889
259.22541135343187 0.5460409556549198 746.3232953248921
280.9671586516388 0.13973144664218873 669.1964487396433
165.02556888309329 0.9267086569784013 416.03497561248173
261.3616668469491 0.9823671508443723 20.476736668997887
138.03286478483378 0.2810086977458264 210.9365418689186
301.99548266034833 0.9916575350752054 710.6073446283259
268.5691121389296 0.9377455251467668 805.5545999086814
125.89150323857112 0.6687495338812549 426.3077949603008
158.9597149543818 0.8531981444807587 829.5317715484783
277.282407556825 0.6069369092068826 299.3428846708872
112.20925337763137 0.747022324493667 434.1160290490848
270.2416545861182 0.8029595567414365 754.8990093058947
384.2821681651146 0.9102521041417839 687.7735599065917
284.2363719862421 0.8215774739976014 861.3646366341322
187.98967247446137 0.6814871123814755 520.2175960852351
114.40762303652986 0.8646903249199699 721.9179150399464
453.36008431414075 0.2962353915165458 588.6579795731004
424.241100589929 0.3505916217905571 516.1544800690979
290.6545372125807 0.949252759602143 974.7163951507089
186.99443721174435 0.6594545102051739 679.5985750316686
229.5175653828266 0.08420877906712104 738.0185789816521
159.50301112991124 0.9926203381819863 369.11239823466303
168.24161832552025 0.5152033371360379 555.128724245329
233.72555140159824 0.6739980693331155 824.341101004371
370.50469088604626 0.9460527258004426 525.4564103495076
185.09837878840867 0.7958887274094537 565.0314558510393
181.13995629467541 0.9988354977253697 216.63476047169183
169.69353877584297 0.45205154167234085 279.0931954399267
125.10788405013486 0.8355733366242396 463.46767731713277
148.66745714767183 0.01923041547193538 737.8958176983881
365.20386777229743 0.7540511800230095 601.6511290824336
184.30202672816625 0.9149832636308554 906.8238156110717
166.89606217708894 0.8758526940227601 231.9758811080518
254.34988066754607 0.6931837993347945 169.3294390300337
156.3781379445574 0.9900645248808209 588.8192564668382
322.1133495679783 0.6299186273168795 983.3516133138664
257.4550042064936 0.6851654604126953 739.4198972964037
436.9711618878374 0.547429793743644 553.9287490251593
140.41602850649292 0.9770634124924209 892.457557569904
260.1334975373101 0.8598734721802483 866.7060989295564
482.28049338826 0.5135119912923758 931.3922228285985
140.95313814528834 0.546450768697497 661.0853826932089
174.74870785537496 0.15251720595258156 780.6472595985556
187.71816892737945 0.11669822044822975 959.7146204753568
143.539538248981 0.8115560908411859 269.1250841606162
198.6816570382116 0.48271966049619175 129.11351378855937
139.25498560085134 0.2400495669223804 936.3631492677407
175.03655127198346 0.8517921781383053 805.4529961162593
137.08082231292607 0.7180496140682825 404.19950284663
101.36716934192327 0.9621147531859312 443.41541416928555
388.592918871812 0.6184609657100913 769.6672040111746
241.1387798389816 0.9123965845063778 96.99664249938598
146.56392136218605 0.6437161507299032 761.0020440469254
271.83049845511755 0.3562831370564298 850.5221728368645
215.15982827666892 0.9335507115434295 702.0745616423168
208.0356394814072 0.9860309009686209 350.6617284894058
129.55428041478925 0.7865715070983621 589.9572071729217
223.00220620349097 0.23494087746550352 807.6319421503287
493.1878986833258 0.8492553743958018 829.3566492523714
133.04677436609757 0.4534361756420109 905.0658244088636
256.15655300420855 0.8304988993856828 790.2011563528015
148.1927560469441 0.9538208891898003 657.8374839952937
144.67066250821637 0.621225880744803 996.550084861778
348.7377314603059 0.16984004443107403 709.7077969449876
248.9736481714596 0.398802694529305 637.1827853390243
331.49371949044433 0.6956793900256699 830.461609140031
277.9548888383702 0.690146991208405 928.0814558887832
100.20880302108671 0.5679952103510363 839.6708408142603
194.47943504075795 0.8140627639663474 990.4763221999424
344.5549266402956 0.7907400379275475 657.1536241339622
375.75248899137307 0.19929990989210417 537.725594950545
308.7647999664659 0.8638056136615615 874.5974616737524
204.4621511201246 0.8394016526199386 794.7372051610619
196.78608318469597 0.2615161061803446 630.6923253528566
412.4489611352907 0.5623390784109027 570.4006303694739
309.3238487781098 0.5773069514794114 145.161037352216
243.74173590989838 0.9723603555077605 312.3230395177833
213.13937325100176 0.43215827770756193 413.60386594450426
339.9776652427389 0.7824411232881503 595.7791859187794
162.98323281613253 0.8013063662440958 389.06667055882593
217.13461946784722 0.7053551601635896 282.512789109748
118.7097965539036 0.3851388753483919 118.25758992586879
103.93904657344737 0.4675915930918587 140.83784591086965
140.15624556829792 0.6170133579475435 355.83691183890085
223.32781635679652 0.6293487967524127 308.72363218495093
223.59767936766283 0.5525002361631339 441.78887797170444
148.9510840484934 0.8156620777953847 972.3817623038683
477.7106334521983 0.8937036648188075 762.8473824735756
259.25362271370864 0.3619410660449094 456.5610328567026
457.2904517585655 0.9466524296669268 943.3989422469352
306.70496178674824 0.9480017555444069 429.4814898589258
489.7832975382956 0.7742673652849942 436.8038622691114
152.80812215497784 0.6474385050914838 803.7590512171394
149.73314279982486 0.5136838078722311 717.8658260601903
131.18091875562175 0.8464157444848178 435.05589559574423
444.90417141179444 0.7654998393897534 869.0044770766299
181.56040542882377 0.07902789351804768 502.0504461433003
371.0183601966227 0.7591574916140305 519.7794989068685
265.89904376170574 0.774176110296579 152.17641469247957
118.27972130584533 0.6978860465366381 316.7609172823129
398.30157631410475 0.9717686855950383 721.0074179351127
155.0277901614964 0.8645984965524636 71.4553181024138
155.7814576632623 0.8307786590561483 821.6845200083795
171.3283353451527 0.4186887255293221 670.1965688376367
141.366268890817 0.2349249464708708 775.5430203247133
181.9754181149241 0.76797833091048 968.1568843108333
137.33638588829342 0.4675301318357527 544.5028030972455
127.85416954304509 0.7907905444486105 862.2052517666464
444.13971019494966 0.3986990704657639 637.431731117792
319.02531792825675 0.6604556172153466 631.6031644142147
119.21940886132191 0.7926624801421935 963.3151295621919
188.7213157942926 0.44923234234817966 851.8103870737692
172.9312200917583 0.33617434207945324 755.1954791303928
356.90453909548074 0.8394745654823247 929.1858933222072
108.62206041122678 0.9245080122179938 519.8907500579925
152.26789716717613 0.6472929244962526 897.0918242298847
273.25361035403114 0.5539337176248036 913.2424931484379
280.0694582517333 0.663587832209005 745.5811610643016
319.8072530742205 0.4116473347118458 636.2490843645825
442.6578402070493 0.17293856361583626 32.177823301666876
108.54185699414549 0.5119414240321578 964.4902193390168
224.23467544544127 0.9357675758274748 449.46856559364676
297.0261385823194 0.7583110218095821 861.5238396208395
179.39319263943264 0.2970451113294017 901.1776795108585
333.05170338129153 0.423074799651577 719.5308487559255
281.5487162772511 0.755351442445047 978.5763179776603
215.89372146226594 0.9017969690918786 770.3901636027023
328.09728438319945 0.7635225336456639 586.3253683733024
150.6953344600518 0.8668796125814529 864.1411561224843
184.81014091046046 0.7553942572496091 825.1168627261372
154.86191408859335 0.7592081673363071 557.5081410087523
160.87110349756685 0.6363870033143902 491.00810434943327
125.87437616633756 0.8242741083942484 505.01768910016256
156.3748809747854 0.8713836563118653 366.5383905046499
162.0281377385216 0.4112124972489288 976.4140370371034
241.68212425524592 0.9081661000517592 575.1766729463175
142.47720899753352 0.42366242914305385 700.5057651302047
243.89029977406148 0.6330694545446012 385.3838043581137
151.41681475513263 0.34491027610985237 75.89090754726038
130.6688228874989 0.7167844228378084 898.0514458216917
187.20834126032216 0.46495915170065716 688.7828121468218
286.9939270143518 0.8550071227524352 855.0071781518575
294.72513801952186 0.4494014797650401 273.8931336942711
349.96927738904765 0.8408692655972112 94.0090887435855
265.751932049951 0.8723815221540911 691.4135585780027
179.00500395354126 0.7706534546763806 777.9729628740206
272.3889964586053 0.7368800382098858 735.665884428668
444.27946816664064 0.8209040788581317 823.9066956915108
317.63110138858235 0.3388580899926654 521.7487536843626
377.6178644267969 0.7877283688068584 827.5772022904212
259.22541135343187 0.5460409556549198 704.453188668213
243.21169063257037 0.5727077443864081 937.9522402452733
165.02556888309329 0.9267086569784013 978.9109771011894
261.3616668469491 0.9823671508443723 872.848837669299
209.7290852346883 0.5154227415634416 893.9301207409958
301.99548266034833 0.8426100897163931 952.3231836074248
268.5691121389296 0.9620652887511274 377.38609151036997
469.7237850310296 0.6687495338812549 426.3077949603008
158.9597149543818 0.8531981444807587 573.7689925344729
277.282407556825 0.6069369092068826 392.29188191106647
322.4763790155022 0.8253993367978201 792.6640420124987
319.75491425968085 0.8029595567414365 754.8990093058947
384.2821681651146 0.39642094219628055 687.7735599065917
284.2363719862421 0.1421573630669335 861.3646366341322
325.0840082837552 0.912512948864221 520.2175960852351
114.40762303652986 0.5487058048023733 721.9179150399464
129.99423850066637 0.2962353915165458 588.6579795731004
421.56324516529054 0.929406213283728 218.59765643879723
159.3061960907195 0.9776631907555201 974.7163951507089
186.99443721174435 0.6594545102051739 290.3971401721427
229.5175653828266 0.4849267421647939 738.0185789816521
159.50301112991124 0.9926203381819863 32.21670296055004
155.53771222449183 0.8000634124994283 555.128724245329
233.72555140159824 0.03499895185608376 824.341101004371
189.76958031566375 0.9460527258004426 525.4564103495076
185.09837878840867 0.8559605073375323 565.0314558510393
291.81376317446234 0.9988354977253697 938.3646322119189
169.69353877584297 0.5488344975300367 764.119248700106
125.10788405013486 0.8591602934096396 943.452237567581
299.01493671565777 0.5347194770626119 737.8958176983881
365.20386777229743 0.5469859580047349 827.027671495895
402.53164805772167 0.9149832636308554 906.8238156110717
109.95822624018126 0.8758526940227601 497.52088611428763
334.5013626277531 0.6931837993347945 914.7957167222453
156.3781379445574 0.4506596716556412 588.8192564668382
322.1133495679783 0.8714558160760743 983.3516133138664
130.63773744090508 0.771171897978373 739.4198972964037
193.86260184140946 0.8419727966432369 951.4360762697767
140.41602850649292 0.9770634124924209 239.13425645543072
