1.250000000000000000e+02 7.000000000000000666e-02 4.942557026346214299e-02 2.058491060757261266e+02 1.921427344102248185e+02 1.731999999999999886e+02
1.250000000000000000e+02 7.000000000000000666e-02 5.156189665671357530e-02 2.088469686261016989e+02 1.860548411321730100e+02 1.731999999999999886e+02
1.250000000000000000e+02 7.000000000000000666e-02 3.352891914933661677e-02 2.570990450793796640e+02 6.609719736200481748e+02 1.731999999999999886e+02
1.250000000000000000e+02 7.000000000000000666e-02 3.498227103297547186e-02 2.094165686854181843e+02 3.183180730507651788e+02 1.731999999999999886e+02
1.250000000000000000e+02 7.000000000000000666e-02 2.427503453206689144e-02 1.450978051585771595e+02 1.617057652469309517e+02 1.731999999999999886e+02
1.250000000000000000e+02 7.000000000000000666e-02 5.530658146719782259e-02 2.077027468849071283e+02 1.628043203259408074e+02 1.731999999999999886e+02
1.250000000000000000e+02 7.000000000000000666e-02 6.652432451407958025e-02 2.080162570883870785e+02 1.182023984483473669e+02 1.731999999999999886e+02
1.250000000000000000e+02 7.000000000000000666e-02 1.109481749128085337e-01 2.958580781450979771e+02 1.426019752545353469e+02 1.731999999999999886e+02
1.250000000000000000e+02 7.000000000000000666e-02 5.827221616834286910e-02 1.816710447880809625e+02 9.609389426717613958e+01 1.731999999999999886e+02
1.250000000000000000e+02 7.000000000000000666e-02 3.007736017857038160e-02 1.113529956816012998e+02 5.023845832680294166e+02 1.731999999999999886e+02
1.250000000000000000e+02 7.000000000000000666e-02 1.052634285722963137e-01 2.809630886706036677e+02 1.030185288375788275e+02 1.731999999999999886e+02
1.250000000000000000e+02 7.000000000000000666e-02 1.661155370748922805e-02 1.927089728051090560e+02 5.551008397760265325e+02 1.731999999999999886e+02
1.250000000000000000e+02 7.000000000000000666e-02 5.216329889950403753e-02 2.410084785601729322e+02 3.030280486669502125e+02 1.731999999999999886e+02
1.250000000000000000e+02 7.000000000000000666e-02 4.220984420630524703e-02 2.610828252090534534e+02 5.348237294415558836e+02 1.731999999999999886e+02
1.250000000000000000e+02 7.000000000000000666e-02 4.708861205055965560e-02 1.058928375396534562e+02 3.255574783862539334e+02 1.731999999999999886e+02
1.250000000000000000e+02 7.000000000000000666e-02 3.467600065029058376e-02 2.393401422618118488e+02 5.258426113987728741e+02 1.731999999999999886e+02
1.250000000000000000e+02 7.000000000000000666e-02 5.721232211319022404e-02 1.157489392685603349e+02 1.062128451894847281e+01 1.731999999999999886e+02
1.250000000000000000e+02 7.000000000000000666e-02 6.222114874763235576e-02 2.281061077472201930e+02 1.876660488596203038e+02 1.731999999999999886e+02
1.250000000000000000e+02 7.000000000000000666e-02 3.001344393229607443e-02 1.139388329289864998e+02 3.859979342095631978e+02 1.731999999999999886e+02
1.250000000000000000e+02 7.000000000000000666e-02 5.794624045090790432e-02 1.969938014377907791e+02 1.169208586673416050e+02 1.731999999999999886e+02
1.250000000000000000e+02 7.000000000000000666e-02 9.885656026149830522e-02 2.901283384430062142e+02 1.711805759605819617e+02 1.731999999999999886e+02
1.250000000000000000e+02 7.000000000000000666e-02 5.464952898443833570e-03 1.451556123728260559e+02 7.583927463361352466e+02 1.731999999999999886e+02
1.250000000000000000e+02 7.000000000000000666e-02 6.756033323432766510e-03 1.502496026612956825e+02 7.043721492665684991e+02 1.731999999999999886e+02
1.250000000000000000e+02 7.000000000000000666e-02 8.955509908306001632e-02 2.356389279632287526e+02 9.355818253041124422e+01 1.731999999999999886e+02
1.250000000000000000e+02 7.000000000000000666e-02 8.529229896541740130e-02 2.046026382450116898e+02 3.050876399420022267e+01 1.731999999999999886e+02
1.250000000000000000e+02 7.000000000000000666e-02 3.369248126187875114e-02 2.678106120316398915e+02 7.357443731029375158e+02 1.731999999999999886e+02
1.250000000000000000e+02 7.000000000000000666e-02 6.692498865041554557e-02 1.560142175397621997e+02 2.299106014174452994e+01 1.731999999999999886e+02
1.250000000000000000e+02 7.000000000000000666e-02 9.045402981826483613e-02 2.232908301749743032e+02 2.203431974923365289e+01 1.731999999999999886e+02
1.250000000000000000e+02 7.000000000000000666e-02 5.555405153132265961e-02 2.303358605001749879e+02 2.408046043936805063e+02 1.731999999999999886e+02
1.250000000000000000e+02 7.000000000000000666e-02 7.369884003530328964e-02 2.326136708931872192e+02 1.597284409582184992e+02 1.731999999999999886e+02
1.250000000000000000e+02 7.000000000000000666e-02 8.305804498967826743e-02 2.434207561714496535e+02 1.290496270280699491e+02 1.731999999999999886e+02
1.250000000000000000e+02 7.000000000000000666e-02 3.901567444354455544e-02 2.859045352529901720e+02 7.603117620813455915e+02 1.731999999999999886e+02
1.250000000000000000e+02 7.000000000000000666e-02 1.067749213689737076e-01 2.712396592290676836e+02 8.558301839877157136e+01 1.731999999999999886e+02
1.250000000000000000e+02 7.000000000000000666e-02 1.190056231000560447e-02 1.500279759616954891e+02 3.813480601298604142e+02 1.731999999999999886e+02
1.250000000000000000e+02 7.000000000000000666e-02 9.672941387389741297e-02 2.470159372200274106e+02 6.197081922805144671e+01 1.731999999999999886e+02
1.250000000000000000e+02 7.000000000000000666e-02 8.910746644229350366e-02 2.715866854628228566e+02 1.665998966063431794e+02 1.731999999999999886e+02
1.250000000000000000e+02 7.000000000000000666e-02 1.544543929169710401e-02 1.670845195489619641e+02 3.921509519879641630e+02 1.731999999999999886e+02
1.250000000000000000e+02 7.000000000000000666e-02 3.105161019389234694e-02 2.697870911964203060e+02 8.501345326091561674e+02 1.731999999999999886e+02
1.250000000000000000e+02 7.000000000000000666e-02 7.290583543046010029e-02 2.665545929975735362e+02 2.532589598488613944e+02 1.731999999999999886e+02
1.250000000000000000e+02 7.000000000000000666e-02 4.450824330759958064e-02 1.056008647063985819e+02 4.980103609870590731e+02 1.731999999999999886e+02
1.250000000000000000e+02 7.000000000000000666e-02 4.882168088494417274e-02 2.978421661971204912e+02 7.087171545972594231e+02 1.731999999999999886e+02
1.250000000000000000e+02 7.000000000000000666e-02 1.152663565241538457e-01 2.879448014812380734e+02 8.454029323299052123e+01 1.731999999999999886e+02
1.250000000000000000e+02 7.000000000000000666e-02 7.918944867743236971e-02 2.391589780835649606e+02 1.228304907405481003e+02 1.731999999999999886e+02
1.250000000000000000e+02 7.000000000000000666e-02 9.423370463614348658e-02 2.953449066906267717e+02 2.183242245370302612e+02 1.731999999999999886e+02
1.250000000000000000e+02 7.000000000000000666e-02 7.676445350051575023e-02 1.866058075389829582e+02 1.500919382401955460e+01 1.731999999999999886e+02
1.250000000000000000e+02 7.000000000000000666e-02 1.874470333734646471e-02 2.384440848259785923e+02 9.795323015227252199e+02 1.731999999999999886e+02
1.250000000000000000e+02 7.000000000000000666e-02 3.268434217110938178e-02 1.827176824650264848e+02 2.167856159725581051e+02 1.731999999999999886e+02
1.250000000000000000e+02 7.000000000000000666e-02 2.331424693152477426e-02 1.430137494916693299e+02 1.573644454828942969e+02 1.731999999999999886e+02
1.250000000000000000e+02 7.000000000000000666e-02 6.751726253813357392e-02 1.787781142602269426e+02 4.910946783641792024e+01 1.731999999999999886e+02
1.250000000000000000e+02 7.000000000000000666e-02 5.303956206070630647e-02 2.871769385130619412e+02 5.360833639759893003e+02 1.731999999999999886e+02
1.250000000000000000e+02 7.000000000000000666e-02 4.707967371293760028e-02 2.893643760046029456e+02 6.486788480704951780e+02 1.731999999999999886e+02
1.250000000000000000e+02 7.000000000000000666e-02 1.109468497100231238e-01 2.830847101752417529e+02 4.106663399487076305e+01 1.731999999999999886e+02
1.250000000000000000e+02 7.000000000000000666e-02 4.421862571319598589e-02 1.890050559698624966e+02 1.763447444723332183e+02 1.731999999999999886e+02
1.250000000000000000e+02 7.000000000000000666e-02 1.243205115668197767e-02 1.154556357129246464e+02 8.955406110138246731e+02 1.731999999999999886e+02
1.250000000000000000e+02 7.000000000000000666e-02 1.041645644988929004e-01 2.531521214316173030e+02 5.177282271683578330e+01 1.731999999999999886e+02
1.250000000000000000e+02 7.000000000000000666e-02 8.109528757120174070e-02 2.022590707645487669e+02 1.072437043070453733e+01 1.731999999999999886e+02
1.250000000000000000e+02 7.000000000000000666e-02 3.160162073735159338e-02 1.083205663642156367e+02 6.640648146864940600e+02 1.731999999999999886e+02
1.250000000000000000e+02 7.000000000000000666e-02 1.250408458574782042e-02 2.065429651880194797e+02 9.340045245856302927e+02 1.731999999999999886e+02
1.250000000000000000e+02 7.000000000000000666e-02 3.717313564233372392e-02 2.927360208195452174e+02 8.804282234096323236e+02 1.731999999999999886e+02
