851.6389311708092 0.29644149827990185 1802.8766596849223
207.92379120437772 0.5639149257373721 3337.7581781571616
457.93472832230987 0.8983259021252151 2338.82032970491
814.5569951437647 0.4909904633193261 4399.283262224383
642.4722829264311 0.34046302175173676 4091.6708490751616
123.89081625494998 0.2344217497281692 5746.923423306198
252.82155894920987 0.9480035452678579 5489.618789751234
823.8905481363385 0.11203323019788064 1626.2222340958433
167.97608862286324 0.842683795799408 3766.449166417438
517.9443680917173 0.5818719173076522 4875.66132921822
733.6599700321162 0.7886912005149989 6753.23723158024
965.70765617866 0.9687979547228489 4223.71892610775
652.4785766878018 0.7613555654280766 1245.0235692226465
948.9197391492673 0.7553495979457521 6165.065918645543
941.4465229200425 0.7209112249993002 3274.87600247224
425.2813270811147 0.6460085615733253 7697.041645247828
474.83592916850324 0.6896065442186184 2562.4256835584783
714.8086592040031 0.8499225271084531 5017.2218810232425
608.5983694744683 0.001610165109264039 7010.427523872046
674.1817659658402 0.7749828224491198 2142.272256081956
839.6442523619012 0.15571194653831172 3309.7785554074085
762.2435794801763 0.2301561343656902 7948.567537699839
372.0764019280734 0.21386874496285424 5352.572995186057
925.2879257615093 0.4803791040404312 5272.557805050373
792.8182807000637 0.8124669703582841 5607.074022084037
636.6909078610531 0.946627566327866 1186.0146171987644
286.95306336863047 0.9606455013577357 1693.2096508817108
114.14454208772418 0.14488304728949325 4029.5478504619196
179.59345059852302 0.3231311215483181 5836.512978430494
702.3986442275718 0.046385311252638894 7834.6325526880955
520.8604349685907 0.6308185423481072 6939.478292385336
464.160781275952 0.5795348628610673 3915.624434695879
242.3684374427005 0.3784281023633113 6016.062994422173
234.38264226598244 0.8049182056150211 5925.866088127061
973.6757322929467 0.7463366594550962 7171.4281866706515
223.17199997442765 0.8554967906075348 3850.6637554618414
413.95953159361216 0.6941891266378751 4048.9164499432536
150.70050702546843 0.5406206056181557 6261.832087439119
467.33507733982077 0.5529450430562225 3943.1206919368487
542.8559281460812 0.6001491003931171 5781.381003206763
992.1894796708748 0.057961926425929955 5220.459483363134
649.4025204123849 0.42283500724326234 2982.7497896906743
300.33348414069746 0.08197806547319103 7416.566450295461
157.8423607864671 0.253401748967925 6516.112981284517
231.33901392684794 0.8150186732216051 4291.73174518795
860.3012112768629 0.05258475379837485 7476.316266063466
959.5943068107239 0.2611970623415003 7669.689062595575
565.216387636586 0.16014595462761544 2814.7239083990307
995.5854924876197 0.07181749695096135 5550.458867372317
187.99599340574514 0.33343583741480454 4496.386008731154
881.2670903736722 0.6583131766742698 7575.41669969433
559.977924728154 0.4685167901441635 5479.844200630887
215.85360444838574 0.12349213968291245 1353.657532204917
484.1230744240473 0.17684434350647765 1787.9185907218834
871.4169893199683 0.528727490053623 7080.8248254097125
625.1937132249066 0.27406758264459263 6317.25853102657
877.7699061544246 0.8611204785764296 2678.009549261145
931.9403500532608 0.900374604954788 5882.416798086967
136.57617826092326 0.6253060266480295 5072.84507644148
269.46815679067237 0.3011482214050491 5422.47388071995
805.8922075303178 0.8296902269159305 2533.877129798922
334.6792746037497 0.7523206780224658 7980.079071391614
191.02606785106923 0.18571234430318478 5675.255751555759
244.386498430808 0.9393633781916453 6388.32998827361
752.1909249506504 0.7196776121740711 5180.527835671252
261.58158298713636 0.03866665151910853 4975.545669701788
728.5663893625986 0.7286390785320966 6568.967932028403
782.5907075990627 0.5113721845722556 2752.6178925378326
316.17396266074115 0.3196761534802727 6717.361444821931
893.1357487223408 0.1135290800274476 1424.920258339835
544.1365276836466 0.6720595450794525 1916.761325469306
443.34503942850046 0.9112822212637766 4551.654265652801
600.4321281554348 0.43234527808693424 3218.6763378706355
281.0377220305312 0.20267154341149868 2400.2564174845857
323.9376650239262 0.8206836267530835 3074.2206884378747
315.0343090700151 0.44654882036270444 4728.710588976048
863.8921720659494 0.1669609004593085 3188.6267433287994
422.035671566302 0.7958024550944629 2238.6885062888905
846.8255940063707 0.4569089728651729 2852.9329730362547
574.1345032230809 0.661927727523863 4745.683162706415
746.2429036657982 0.7351390343445666 3647.3274261927077
663.9988908117725 0.15334232626809147 1027.7396067382529
197.39469456389855 0.47346390843362574 7530.9571978078575
693.7758717803879 0.5188809647221693 3556.6358554792973
594.5557987605366 0.22045197743372236 4539.996540772872
453.088348537583 0.3553751782165451 1498.3832855972241
265.3195130656636 0.6389579542342843 2932.3998276387592
754.0361982666564 0.6765231752961398 3475.9210775553674
296.0718276286903 0.8896453456362013 7281.345708516087
628.3640100411293 0.7816472940534254 1226.1514962148194
409.85366848358876 0.2812519269846371 1947.2925225361869
403.4670846565362 0.08800913582052061 4628.838644651679
719.0199165604422 0.1374954084380719 3695.2125452089467
308.91550586703477 0.0287884196308682 7871.830900133036
774.26443422425 0.9859469635131723 4673.8680253276225
433.92565510970303 0.5710028640392728 2047.7827961184157
506.79507917456726 0.5943034868298578 3437.9891418475036
550.9460057149273 0.3939269623580814 1590.2901514057853
490.34043310742925 0.21185417653632543 7251.841459886113
177.83697513819203 0.9746329852849769 6336.149602402313
982.3560874105208 0.9876165270925229 1714.058973771771
708.030513502834 0.9251066921227333 7793.958050074234
899.031617862167 0.10661040466520821 1550.8374846821362
589.7161262430462 0.9303458744128932 4804.066008108871
529.4055683851872 0.7708600324398136 5655.210325191685
105.68579354111006 0.7124181988216376 6095.7731444347955
686.4202299905487 0.2724995561479162 2907.643296291776
909.7008811366558 0.0736023482506678 7586.092492616507
697.802563981898 0.6175117212353587 7353.624750099396
832.0661650475512 0.5871907412234351 3806.2816468113556
394.50124611388117 0.19279240211488285 2024.4692098908185
363.35172268900055 0.464845268748052 2209.2779043889477
891.0503168643354 0.2557099009848154 7344.135952730948
613.8102914764194 0.3728419318543884 4846.046294311975
384.6008245970813 0.5021204892286933 2378.0031719541594
666.2706119531629 0.4494207619693507 6692.9318466968225
800.2545985548027 0.011859761816568115 4129.293012537081
165.79626753421616 0.8730838478075111 6493.953189992271
978.0093303052854 0.8844132850296433 1849.8153416832433
910.5910493200805 0.5259471861364649 4181.394631555923
441.2403166693889 0.9178935720416947 2470.7654133349315
345.6397626619123 0.6837084740366829 3136.293899412504
509.7743061201975 0.5568059172133247 6416.758497352647
533.9805068635126 0.019496026107835573 3417.061084366026
483.5458210749742 0.9599058311637981 2302.807450813287
956.4054129683184 0.49371135179996434 7156.392696952078
676.2663546680321 0.3901223642775661 3711.5809110314735
497.7825832574967 0.43636244809898606 2722.9881880727976
352.00189761251914 0.3310395822837402 3027.9200052055153
787.9954402827759 0.02587980169840781 2116.0872808395156
145.10995080247312 0.09687306706031773 4966.567941759667
811.5629212027097 0.7046776592643896 1114.6171126547183
769.5693822616919 0.876219091809757 6905.294305036188
130.72733181061835 0.19539109475785593 5950.919244231214
369.7617812554497 0.3530936884650956 6825.809275384177
827.2842749013171 0.2907490257974667 3606.2332571598936
331.728263311069 0.409053991285114 5314.461859887787
736.6721874498055 0.36627462934965616 1392.906528994768
583.0168488294265 0.12687136988785502 7037.431456202981
108.56985210957816 0.3836173565835769 6219.382913579795
129.53960023999855 0.65030023862438 1318.5490068692088
572.485833855969 0.24153636497860115 2587.89529220639
211.87335320207353 0.41425169231538406 6085.268605142899
937.5275640227535 0.40224615663590735 4324.182400869823
377.5703357231022 0.6112150674533938 6839.990828602835
921.1255467510337 0.8382941949928793 4439.116074606098
618.5107243690035 0.538997299703792 1046.8001609451107
278.33845880273805 0.06415130284196419 6645.032924148036
393.5945242935214 0.9951960928339709 7731.368623010818
347.0076654534263 0.3096771806478683 5114.558184033551
165.79626753421616 0.8730838478075111 5999.704343965945
207.92379120437772 0.5639149257373721 5169.408313085743
457.93472832230987 0.8983259021252151 5310.337877157601
187.64443606038282 0.4909904633193261 4399.283262224383
642.4722829264311 0.7922540395831089 4091.6708490751616
855.8202263641183 0.2344217497281692 5746.923423306198
674.7188342303377 0.8569425027121961 5489.618789751234
823.8905481363385 0.7953434116659617 1626.2222340958433
195.41137909741673 0.842683795799408 3766.449166417438
517.9443680917173 0.6129717151635542 4028.3871359584155
118.49607905501477 0.7886912005149989 7988.557841343738
451.58805950851706 0.9687979547228489 4223.71892610775
652.4785766878018 0.05392890492619934 1245.0235692226465
948.9197391492673 0.7553495979457521 2058.233052165759
941.4465229200425 0.6942239856972822 3274.87600247224
425.2813270811147 0.7809585051026366 7697.041645247828
120.02502580946708 0.6896065442186184 2562.4256835584783
714.8086592040031 0.3001107176230407 5017.2218810232425
608.5983694744683 0.5026505716314404 7010.427523872046
674.1817659658402 0.7749828224491198 7029.463012508053
839.6442523619012 0.32955475356643016 3309.7785554074085
762.2435794801763 0.8221789743478044 7948.567537699839
248.57329395169182 0.21386874496285424 5352.572995186057
925.2879257615093 0.6359177621347875 5272.557805050373
792.8182807000637 0.07912233641118105 5498.968633525364
636.6909078610531 0.387546796034751 1186.0146171987644
286.95306336863047 0.9606455013577357 5923.666882859773
114.14454208772418 0.14488304728949325 5740.782870517423
319.2741815063604 0.976245858803266 5836.512978430494
702.3986442275718 0.046385311252638894 1249.1120938753406
199.51961345397433 0.6308185423481072 4417.24506938067
524.1391850271793 0.5795348628610673 3915.624434695879
242.3684374427005 0.5562944983522309 6016.062994422173
583.9908709327949 0.8049182056150211 5543.884309680228
973.6757322929467 0.19223718805287882 7171.4281866706515
506.3474484966407 0.8554967906075348 3850.6637554618414
413.95953159361216 0.7815771589267588 4048.9164499432536
150.70050702546843 0.5406206056181557 6264.389395932074
546.4300394699828 0.4384100743661622 3943.1206919368487
573.5618336220784 0.6001491003931171 5781.381003206763
992.1894796708748 0.057961926425929955 2183.4970775485276
649.4025204123849 0.2358579932129224 6648.628992350163
365.67542453681807 0.8683001979505739 7416.566450295461
157.8423607864671 0.253401748967925 1489.8225337863532
231.33901392684794 0.7360414463703704 4291.73174518795
841.4228317727561 0.3947188145352894 7476.316266063466
430.51881246806397 0.07595209256859514 7669.689062595575
578.1052834839401 0.16014595462761544 2814.7239083990307
995.5854924876197 0.07181749695096135 6031.587006640766
952.4177806775393 0.33343583741480454 4496.386008731154
664.3042741503111 0.6583131766742698 7575.41669969433
559.977924728154 0.47563794844826196 5417.10979760915
215.85360444838574 0.2892200608892321 1353.657532204917
484.1230744240473 0.6257127288271822 1787.9185907218834
871.4169893199683 0.528727490053623 7754.881269327882
625.1937132249066 0.27406758264459263 6411.944156630181
600.9357235451079 0.03711045983372424 2678.009549261145
931.9403500532608 0.900374604954788 6465.755939779603
791.8834663323166 0.6253060266480295 5072.84507644148
269.46815679067237 0.9628522970973328 5422.47388071995
761.0715878194404 0.6127293950643902 2533.877129798922
808.5068195284883 0.7523206780224658 7980.079071391614
229.17179125085403 0.18571234430318478 5011.086324304704
244.386498430808 0.22486266156606072 6388.32998827361
752.1909249506504 0.7196776121740711 2604.7491652181106
261.58158298713636 0.03866665151910853 4961.0103758939285
651.6977111875937 0.7286390785320966 6568.967932028403
782.5907075990627 0.5113721845722556 7075.851884043157
316.17396266074115 0.3196761534802727 5252.297863955994
158.57667000781447 0.1135290800274476 1424.920258339835
544.1365276836466 0.7097749366600452 1916.761325469306
443.34503942850046 0.8303612620194933 1097.9662989212443
600.4321281554348 0.6313956727588895 7437.484010490843
281.0377220305312 0.39160793154321283 2400.2564174845857
323.9376650239262 0.982996569495342 3074.2206884378747
315.0343090700151 0.8052347932290516 6262.099889039553
863.8921720659494 0.7683613461650589 3188.6267433287994
744.0839048854334 0.4560555726770898 2238.6885062888905
606.3623956532625 0.4569089728651729 2852.9329730362547
533.7084530830954 0.661927727523863 4745.683162706415
590.2526640517044 0.016116640778549074 3647.3274261927077
683.9147010325333 0.15334232626809147 1027.7396067382529
349.52923560275644 0.0768506271121413 7530.9571978078575
152.77879872793744 0.5188809647221693 3556.6358554792973
594.5557987605366 0.9986076198048912 4539.996540772872
284.34039532991164 0.12646691114807934 1498.3832855972241
796.1424726938892 0.6389579542342843 2932.3998276387592
754.0361982666564 0.9609433469842645 3475.9210775553674
296.0718276286903 0.7190403353143839 1601.585637199173
628.3640100411293 0.7816472940534254 4726.832305337011
409.85366848358876 0.9851464689326392 7014.2560850973605
647.0355683718763 0.6501327017982264 4628.838644651679
903.2681622337045 0.1374954084380719 3695.2125452089467
308.91550586703477 0.8218056835973657 7871.830900133036
972.5229677130891 0.9859469635131723 4673.8680253276225
433.92565510970303 0.305049954438923 1828.3234803094233
506.79507917456726 0.5943034868298578 3790.651256680667
733.3942270505102 0.3939269623580814 4869.05716289898
490.34043310742925 0.3037301627653594 7251.841459886113
177.83697513819203 0.7416728696959062 6336.149602402313
982.3560874105208 0.2928028246418488 1714.058973771771
708.030513502834 0.9251066921227333 2036.6922220535248
899.031617862167 0.3421695682065543 1550.8374846821362
589.7161262430462 0.12724795502545944 4804.066008108871
140.6377059261299 0.7708600324398136 5655.210325191685
105.68579354111006 0.7124181988216376 7984.967565678409
686.4202299905487 0.2724995561479162 7295.425035677539
909.7008811366558 0.0736023482506678 4366.336439394646
697.802563981898 0.7606636730197001 7353.624750099396
832.0661650475512 0.5871907412234351 3840.67895034775
426.580932542443 0.19279240211488285 2024.4692098908185
363.35172268900055 0.4211124163152742 2209.2779043889477
891.0503168643354 0.30170984081330277 7344.135952730948
613.8102914764194 0.6979608704168354 4846.046294311975
384.6008245970813 0.5021204892286933 6538.951543552042
525.1140006248135 0.4494207619693507 6692.9318466968225
800.2545985548027 0.011859761816568115 2708.4588352268215
162.61554792724922 0.29644149827990185 1802.8766596849223
978.0093303052854 0.8844132850296433 7156.094459141991
910.5910493200805 0.5259471861364649 3048.830100211012
218.4561648369965 0.9178935720416947 2470.7654133349315
910.3772848679426 0.3645043072874687 3136.293899412504
509.7743061201975 0.21738079621058864 6416.758497352647
533.9805068635126 0.019496026107835573 7171.368826893362
590.7510067762656 0.9599058311637981 4367.863438665017
956.4054129683184 0.49371135179996434 5638.6508893634955
676.2663546680321 0.23787060627511758 3711.5809110314735
497.7825832574967 0.47400482265043986 2722.9881880727976
352.00189761251914 0.7726884754907121 3027.9200052055153
787.9954402827759 0.02587980169840781 1960.5688229528469
770.5718867558011 0.09687306706031773 4966.567941759667
811.5629212027097 0.7046776592643896 4441.149197098912
917.8583604357902 0.9277791089143186 3228.4553902090197
130.72733181061835 0.9912788294277473 5950.919244231214
369.7617812554497 0.3741665711961245 6825.809275384177
173.83237182214572 0.2907490257974667 3606.2332571598936
257.8894943655909 0.409053991285114 5314.461859887787
736.6721874498055 0.060635878440649715 1392.906528994768
583.0168488294265 0.12687136988785502 3340.794322481503
424.39196906120304 0.3836173565835769 6219.382913579795
587.7045625884161 0.65030023862438 1318.5490068692088
572.485833855969 0.24153636497860115 6521.460433392514
641.4088616710867 0.3523186473714591 6085.268605142899
935.3034749133587 0.6920238855751009 4324.182400869823
272.01222387481505 0.6112150674533938 5882.177909722652
697.5727620149274 0.536417679808477 4439.116074606098
618.5107243690035 0.5026026214263805 1046.8001609451107
278.33845880273805 0.36850990825177854 6645.032924148036
393.5945242935214 0.13372871841867595 7731.368623010818
347.0076654534263 0.3096771806478683 7781.868607126384
130.72733181061835 0.9912788294277473 7147.128717204787
990.573940408069 0.5639149257373721 5169.408313085743
934.9060744888175 0.8983259021252151 4064.0506068155278
187.64443606038282 0.4909904633193261 3366.746780186175
825.4120073611637 0.7922540395831089 4091.6708490751616
123.89081625494998 0.7261332628421354 6785.895415451048
252.82155894920987 0.9480035452678579 4269.104142418725
823.8905481363385 0.9062422938342195 1626.2222340958433
167.97608862286324 0.8941800374401021 3766.449166417438
517.9443680917173 0.5818719173076522 6753.597642617404
118.49607905501477 0.9724078916892505 7988.557841343738
387.2735612441474 0.9687979547228489 4223.71892610775
260.1804807457314 0.7613555654280766 1245.0235692226465
948.9197391492673 0.39361636938691325 4129.186533909277
299.9471149881915 0.3115146747137658 3274.87600247224
425.2813270811147 0.7809585051026366 1110.6934420503412
120.02502580946708 0.6981153060780023 2562.4256835584783
296.1846559052156 0.8499225271084531 5017.2218810232425
494.2559676867804 0.5026505716314404 7010.427523872046
374.31736319284187 0.029056230937691108 2106.610141610809
352.2323252349587 0.32955475356643016 3309.7785554074085
762.2435794801763 0.12503445238934002 1709.1879185402863
248.57329395169182 0.21386874496285424 1130.9420347575178
925.2879257615093 0.22745156237158765 5360.8361342520675
574.3925877385221 0.8124669703582841 5607.074022084037
636.6909078610531 0.8562380230831692 5574.2334205100815
286.95306336863047 0.9606455013577357 6150.8516484701795
114.14454208772418 0.7445287927748374 5740.782870517423
179.59345059852302 0.3231311215483181 2179.006150964933
702.3986442275718 0.8892704384638024 7834.6325526880955
199.51961345397433 0.6308185423481072 1399.1680647134035
767.5328763064105 0.9784700088587539 3915.624434695879
242.3684374427005 0.8857214166931442 6016.062994422173
523.9595346368606 0.8533240147258838 5925.866088127061
973.6757322929467 0.7463366594550962 4750.804616092272
249.75567704474923 0.8554967906075348 3850.6637554618414
413.95953159361216 0.7815771589267588 2200.448546596343
150.70050702546843 0.5406206056181557 3563.0326151849613
876.4640489846904 0.5529450430562225 3943.1206919368487
542.8559281460812 0.6001491003931171 7146.315403216446
817.8606670834308 0.19444101600012725 5220.459483363134
649.4025204123849 0.8142755865485805 6648.628992350163
892.6386682303493 0.8683001979505739 7416.566450295461
157.8423607864671 0.253401748967925 3950.197507427632
594.2236832061488 0.8150186732216051 4291.73174518795
841.4228317727561 0.3947188145352894 6794.708573212484
567.3093770297947 0.07595209256859514 7669.689062595575
565.216387636586 0.6240787125369744 2814.7239083990307
995.5854924876197 0.5182164038072974 6031.587006640766
187.99599340574514 0.2014444413931621 4496.386008731154
664.3042741503111 0.6583131766742698 6246.24890278937
559.977924728154 0.2833428918705684 5417.10979760915
215.85360444838574 0.8106214287230914 1353.657532204917
484.1230744240473 0.6257127288271822 4331.196444742681
871.4169893199683 0.25084922824295164 7754.881269327882
176.89798221444664 0.22736029069061142 3332.2026992230085
528.0322428585533 0.8611204785764296 1835.6350854263287
574.3249218265819 0.900374604954788 6465.755939779603
565.0590844289069 0.6253060266480295 5072.84507644148
338.0748981746343 0.9628522970973328 5422.47388071995
217.74055659423203 0.8296902269159305 4333.416313994689
392.807586446851 0.7523206780224658 7980.079071391614
376.5892580046915 0.8797828633550002 5675.255751555759
244.386498430808 0.9393633781916453 3205.038456477134
752.1909249506504 0.21665250528049407 7232.938553589299
863.7097695490418 0.6772367920005262 4975.545669701788
667.3467553644269 0.7286390785320966 5401.838468097598
782.5907075990627 0.5113721845722556 3881.446261843746
316.17396266074115 0.3196761534802727 2686.328458507629
158.57667000781447 0.7870554491916797 1424.920258339835
544.1365276836466 0.514670938041899 1916.761325469306
154.0736620620977 0.5377270261985849 4551.654265652801
567.5896940493939 0.6313956727588895 7437.484010490843
281.0377220305312 0.6881548574395518 2400.2564174845857
621.8557662416003 0.38913830985795306 3074.2206884378747
315.0343090700151 0.9829507131714168 6262.099889039553
279.46960084015393 0.7683613461650589 4494.053870452679
422.035671566302 0.7958024550944629 3877.347811193782
796.6692052327544 0.4569089728651729 2852.9329730362547
465.98062967975966 0.4260993471732061 4745.683162706415
746.2429036657982 0.7351390343445666 7559.436243381499
406.820067745904 0.15334232626809147 1027.7396067382529
359.3496089116712 0.47346390843362574 5635.423781127298
657.852714582037 0.5188809647221693 3556.6358554792973
754.9125736986978 0.9986076198048912 4539.996540772872
284.34039532991164 0.3835762224285154 1498.3832855972241
265.3195130656636 0.6389579542342843 6123.569772010711
445.5158352978225 0.2729920978931981 3475.9210775553674
486.31860709149885 0.8896453456362013 7281.345708516087
628.3640100411293 0.7816472940534254 3338.7802930967064
409.85366848358876 0.14115051621071728 7014.2560850973605
647.0355683718763 0.6501327017982264 5977.172958074021
231.50005823455496 0.1374954084380719 3695.2125452089467
308.91550586703477 0.8218056835973657 6745.042160258339
194.97917589941034 0.9859469635131723 4673.8680253276225
433.92565510970303 0.6484164292536705 7759.747391763711
506.79507917456726 0.5943034868298578 3880.068673834501
733.3942270505102 0.3939269623580814 3214.5729992749275
490.34043310742925 0.3715460705016803 7251.841459886113
177.83697513819203 0.9746329852849769 1355.549177350094
908.8698019723172 0.5479126723090211 1714.058973771771
219.81147854464513 0.7023812639379198 7793.958050074234
899.031617862167 0.3421695682065543 3943.7862028175446
215.64741703552465 0.9303458744128932 4804.066008108871
165.79626753421616 0.8730838478075111 1852.5902277652895
105.68579354111006 0.650218329472698 7984.967565678409
476.4689547941061 0.2724995561479162 7295.425035677539
909.7008811366558 0.22134487185083035 7586.092492616507
603.143489523479 0.7606636730197001 7353.624750099396
832.0661650475512 0.5871907412234351 3779.115624172265
394.50124611388117 0.19279240211488285 1415.8240921246238
363.35172268900055 0.6443294301997119 2209.2779043889477
891.0503168643354 0.6411072911509652 4633.025438079193
559.9958614262275 0.6979608704168354 7404.199396678316
384.6008245970813 0.759774129752322 6538.951543552042
555.2761615523633 0.10415781318412654 6692.9318466968225
800.2545985548027 0.42745552937554154 4129.293012537081
162.61554792724922 0.31787876039225166 1252.6357682537327
978.0093303052854 0.5587453649615728 7156.094459141991
910.5910493200805 0.1867696151143553 4181.394631555923
218.4561648369965 0.9178935720416947 4929.874097413435
345.6397626619123 0.35068993973916 5528.5619149372405
925.0164497382403 0.5568059172133247 6416.758497352647
700.6449489588574 0.019496026107835573 7171.368826893362
742.5951735866236 0.9211792186065761 4367.863438665017
956.4054129683184 0.2470141270923596 7156.392696952078
599.7312539636005 0.3901223642775661 3711.5809110314735
497.7825832574967 0.17315303770313362 2722.9881880727976
352.00189761251914 0.7726884754907121 6868.7130957046975
787.9954402827759 0.8720057519096928 2116.0872808395156
145.10995080247312 0.09687306706031773 7083.558634245193
811.5629212027097 0.7046776592643896 4095.884274159823
148.90472394296853 0.8242473410376572 6905.294305036188
368.5093479044554 0.7708600324398136 5655.210325191685
369.7617812554497 0.1597650077442947 1533.2317235920523
691.3664949833648 0.2907490257974667 3606.2332571598936
257.8894943655909 0.409053991285114 2218.6006461445595
491.1829866695116 0.36627462934965616 1392.906528994768
583.0168488294265 0.12687136988785502 7406.803222115343
559.7304395911493 0.3836173565835769 6219.382913579795
266.95735998785216 0.65030023862438 1318.5490068692088
572.485833855969 0.15706026982467158 6521.460433392514
211.87335320207353 0.4538206418029912 7515.198344496059
504.3078345217737 0.19482294156945668 4243.487363543964
272.01222387481505 0.4268971818758125 5882.177909722652
717.4619818732626 0.536417679808477 4439.116074606098
180.98444810847002 0.538997299703792 1046.8001609451107
466.1843740321177 0.4317263764020494 6645.032924148036
477.37101288959786 0.9951960928339709 7731.368623010818
347.0076654534263 0.3096771806478683 4639.758341211696
571.1750595009664 0.9912788294277473 7147.128717204787
207.92379120437772 0.8804242139458758 5438.435230400798
375.3550184439768 0.8983259021252151 5310.337877157601
548.1630062800075 0.4909904633193261 4399.283262224383
118.26635088212333 0.7922540395831089 4091.6708490751616
657.3709945965128 0.7261332628421354 6785.895415451048
985.9032732979151 0.5837770482160908 5834.925627490127
823.8905481363385 0.6387018522050645 1626.2222340958433
713.702622605601 0.8941800374401021 3766.449166417438
517.9443680917173 0.5818719173076522 3763.504987411603
118.49607905501477 0.28906313995107236 7988.557841343738
387.2735612441474 0.936836314192365 3328.146983778606
260.1804807457314 0.6605587342721247 1245.0235692226465
948.9197391492673 0.5393595372040187 6165.065918645543
299.9471149881915 0.9278449309212993 4546.046355074392
425.2813270811147 0.3717115627028711 7697.041645247828
120.02502580946708 0.9286717145070664 2562.4256835584783
296.1846559052156 0.8499225271084531 1584.5021707499855
302.93033104602296 0.5026505716314404 3205.386919116518
766.3946635879519 0.7749828224491198 7029.463012508053
314.35377510915373 0.32955475356643016 3309.7785554074085
762.2435794801763 0.20743568336058632 7948.567537699839
689.7870502841901 0.21386874496285424 5352.572995186057
264.1337029998625 0.6006971488491988 5272.557805050373
574.3925877385221 0.8124669703582841 3659.398945292037
636.6909078610531 0.19839868694712592 5574.2334205100815
286.95306336863047 0.6710134258754231 6150.8516484701795
114.14454208772418 0.7204628810010194 5740.782870517423
526.3943568211603 0.9048350429666014 5836.512978430494
702.3986442275718 0.8892704384638024 6195.886549806696
199.51961345397433 0.3554026817846726 4417.24506938067
464.160781275952 0.17694522230036897 3915.624434695879
804.2409792982617 0.8857214166931442 6016.062994422173
234.38264226598244 0.023467822706154995 5925.866088127061
850.0107443123686 0.7463366594550962 7171.4281866706515
393.3037374252084 0.8554967906075348 3850.6637554618414
554.5540610016787 0.7815771589267588 4048.9164499432536
971.7612256625126 0.5406206056181557 6264.389395932074
467.33507733982077 0.5529450430562225 4688.526842865522
978.2776659671449 0.6001491003931171 7146.315403216446
817.8606670834308 0.8459291937613056 5395.873002396889
649.4025204123849 0.06076183551174008 6648.628992350163
479.273324163455 0.8683001979505739 5380.88049148306
157.8423607864671 0.253401748967925 6531.064673048881
181.28314255166237 0.8150186732216051 4291.73174518795
118.61860132898676 0.3947188145352894 7284.708118703553
620.9639523518513 0.07595209256859514 7669.689062595575
434.10403334395374 0.6240787125369744 2814.7239083990307
995.5854924876197 0.5182164038072974 3899.127202958568
187.99599340574514 0.19345143605452958 4985.453564557265
776.5147688860588 0.6583131766742698 7575.41669969433
827.0533988990182 0.47563794844826196 5417.10979760915
215.85360444838574 0.8106214287230914 6843.9088625002405
194.70877200067213 0.6257127288271822 4331.196444742681
450.0481440725918 0.528727490053623 6501.800558009165
176.89798221444664 0.22736029069061142 1890.2121350483048
528.0322428585533 0.8611204785764296 5432.555305416243
574.3249218265819 0.5199833073566882 6465.755939779603
421.0888547059439 0.6253060266480295 5072.84507644148
759.559918803425 0.9933656294611177 5422.47388071995
217.74055659423203 0.6415625473502227 4333.416313994689
334.6792746037497 0.7523206780224658 7972.136725415446
492.65797493649086 0.18571234430318478 5675.255751555759
244.386498430808 0.34375552931060915 6388.32998827361
264.159291174988 0.7196776121740711 4419.181530023513
261.58158298713636 0.5437268477864546 4975.545669701788
651.6977111875937 0.36762546288574427 6568.967932028403
319.717161049829 0.5113721845722556 7075.851884043157
316.17396266074115 0.006594860358581256 6717.361444821931
448.8367216976083 0.7870554491916797 6115.14500688102
969.1671556688232 0.7829389338290905 1916.761325469306
709.823250793577 0.5377270261985849 4551.654265652801
205.35371554803356 0.4651203881253385 7437.484010490843
281.0377220305312 0.2766974776571093 2400.2564174845857
323.9376650239262 0.5708262599414589 3074.2206884378747
369.7803758481324 0.21245626311189425 7043.2019412626905
714.2899340559015 0.7683613461650589 4494.053870452679
422.035671566302 0.3060942979105594 3877.347811193782
606.3623956532625 0.7677375186363288 2852.9329730362547
533.7084530830954 0.661927727523863 4074.979291096689
746.2429036657982 0.7351390343445666 4222.09154571912
406.820067745904 0.3593335935821468 1027.7396067382529
699.0441916023924 0.47346390843362574 7530.9571978078575
152.77879872793744 0.8602807829779666 3556.6358554792973
236.592127329197 0.9986076198048912 4539.996540772872
697.5332972484446 0.994723909608241 1498.3832855972241
265.3195130656636 0.9244458538225488 6123.569772010711
445.5158352978225 0.2729920978931981 4012.6089573575846
458.2986589202241 0.8896453456362013 2402.682932685279
551.4493965764367 0.49041947615443543 4726.832305337011
409.85366848358876 0.9851464689326392 1409.5783227363854
647.0355683718763 0.9726119414390462 5977.172958074021
231.50005823455496 0.9221890488606783 3695.2125452089467
308.91550586703477 0.16135496128497406 4182.617738592829
793.1329937420621 0.9859469635131723 2889.3683548235176
845.8320661664308 0.6484164292536705 7759.747391763711
506.79507917456726 0.5943034868298578 2496.9464531741687
403.58457844327 0.3939269623580814 6988.156028102381
185.14450586813422 0.3715460705016803 4949.692358582346
177.83697513819203 0.9746329852849769 5498.149910589718
638.8708179690758 0.8408579610551865 1714.058973771771
219.81147854464513 0.7023812639379198 4881.564073081846
791.202107872377 0.3421695682065543 3943.7862028175446
502.18167669567396 0.9303458744128932 4804.066008108871
165.79626753421616 0.8730838478075111 4873.903637712705
105.68579354111006 0.27409561420100675 7984.967565678409
609.6990778884604 0.2724995561479162 7295.425035677539
909.7008811366558 0.22134487185083035 2368.9174953522515
592.9169987220058 0.7606636730197001 7353.624750099396
832.0661650475512 0.5933044137332621 3840.67895034775
394.50124611388117 0.19279240211488285 5390.454262354201
183.59170611585603 0.8194924444715623 2209.2779043889477
878.9073482267286 0.6411072911509652 4633.025438079193
959.6768061658851 0.5884795691794076 7404.199396678316
384.6008245970813 0.9750164421341331 6538.951543552042
525.1140006248135 0.4494207619693507 1978.2008540962315
800.2545985548027 0.42745552937554154 4470.5344674355165
162.61554792724922 0.46654648557766104 1802.8766596849223
978.0093303052854 0.8844132850296433 2524.383434105512
910.5910493200805 0.5259471861364649 2650.368309931677
391.91670842949793 0.7251683739402552 4929.874097413435
345.6397626619123 0.6837084740366829 5363.153078522854
214.98232865304158 0.5568059172133247 6416.758497352647
533.9805068635126 0.019496026107835573 6549.36325736662
539.5617755169359 0.9599058311637981 5350.742228195038
956.4054129683184 0.5556449691489707 7156.392696952078
349.5581405939026 0.2343099989666863 3711.5809110314735
776.8983962697808 0.47400482265043986 2722.9881880727976
746.0815564214315 0.7726884754907121 6322.166265420143
368.35278630810166 0.8720057519096928 1885.0538326986707
841.0329739746861 0.09687306706031773 7083.558634245193
207.91254411568895 0.6367324999257608 4441.149197098912
630.2625982517812 0.8242473410376572 6905.294305036188
140.6377059261299 0.30797974615122475 5655.210325191685
337.2372854061538 0.8489053063959919 6825.809275384177
173.83237182214572 0.2907490257974667 2746.0808465104624
257.8894943655909 0.2625407843788561 5314.461859887787
325.57203608673194 0.36627462934965616 1392.906528994768
583.0168488294265 0.554099010588958 7406.803222115343
108.56985210957816 0.22604016554296563 6219.382913579795
129.53960023999855 0.65030023862438 7537.020394796723
263.4634209995069 0.24153636497860115 6521.460433392514
211.87335320207353 0.2714678289613429 7515.198344496059
504.3078345217737 0.7178501582290413 3493.1218802030926
272.01222387481505 0.3924459581587627 5882.177909722652
273.54068013418515 0.536417679808477 4439.116074606098
180.98444810847002 0.538997299703792 4877.635510399236
802.4895542055652 0.36850990825177854 6645.032924148036
473.2752569787926 0.9951960928339709 7731.368623010818
718.4537044340129 0.3096771806478683 7781.868607126384
380.25975157574504 0.8578718542216978 7147.128717204787
419.95292669315074 0.8804242139458758 5438.435230400798
375.3550184439768 0.8983259021252151 4950.330857799749
873.635192114898 0.46785690174603317 4399.283262224383
118.26635088212333 0.7407769928785499 3546.89383187706
336.2028148456674 0.7261332628421354 2216.220739283296
535.6350605281222 0.8162341196929952 5489.618789751234
823.8905481363385 0.9062422938342195 2695.714312926185
167.97608862286324 0.8935163366024275 4991.685986498144
421.9536603493593 0.5818719173076522 3305.9160200172387
118.49607905501477 0.9724078916892505 5538.036643218596
387.2735612441474 0.2817519388486266 4223.71892610775
347.35872078423273 0.7613555654280766 1245.0235692226465
948.9197391492673 0.6930184907634209 6165.065918645543
692.8485670222101 0.9278449309212993 4546.046355074392
410.60601370075904 0.7809585051026366 2733.952961170403
120.02502580946708 0.5942265921698139 2562.4256835584783
296.1846559052156 0.1799917374008071 2763.286439608736
634.7367380818843 0.5026505716314404 6760.9074043262435
231.0673059975162 0.7749828224491198 7029.463012508053
130.58662179936732 0.32955475356643016 7985.331505826481
762.2435794801763 0.32708250601340205 7948.567537699839
436.56510806038614 0.21386874496285424 5352.572995186057
122.7250564923736 0.6006971488491988 5272.557805050373
574.3925877385221 0.8124669703582841 3722.7474809630066
424.6848574631129 0.8912646351463784 5574.2334205100815
354.0499505554827 0.613260269133747 4320.015578296419
370.4529511402475 0.2947676374045143 5740.782870517423
297.02109523783474 0.3788168892332263 5836.512978430494
702.3986442275718 0.8892704384638024 6699.131442729643
577.5761991266169 0.6308185423481072 1953.3082235696493
464.160781275952 0.23273329743604926 3915.624434695879
242.3684374427005 0.8857214166931442 5699.416327133151
234.38264226598244 0.2705910530025432 5428.103386879674
850.0107443123686 0.7463366594550962 2421.7432513119934
223.17199997442765 0.8554967906075348 7760.884236485084
279.1524878033821 0.7815771589267588 4048.9164499432536
150.70050702546843 0.5406206056181557 7692.592346743295
467.33507733982077 0.5529450430562225 3095.2999452156446
800.2745251408469 0.1568978900766167 4404.86339676244
484.1866598384256 0.8459291937613056 5395.873002396889
649.4025204123849 0.200251734070369 1912.3630636011944
365.67542453681807 0.8683001979505739 2520.3532677220846
573.4977815824872 0.253401748967925 6531.064673048881
193.56434380057357 0.8150186732216051 4291.73174518795
715.0432432450551 0.3947188145352894 7284.708118703553
430.51881246806397 0.2845034990888947 7669.689062595575
428.75482462416926 0.6240787125369744 1112.0931731045075
995.5854924876197 0.5182164038072974 6988.127281337262
187.99599340574514 0.15916575107934056 4496.386008731154
580.5426735898416 0.6583131766742698 7575.41669969433
559.977924728154 0.127341714262522 5417.10979760915
255.2113226998414 0.8106214287230914 6843.9088625002405
501.46307804215695 0.6257127288271822 4331.196444742681
812.4468564467354 0.528727490053623 6501.800558009165
176.89798221444664 0.6936513150710307 3332.2026992230085
528.0322428585533 0.48723366351852637 5432.555305416243
574.3249218265819 0.900374604954788 7089.007389779727
136.57617826092326 0.6253060266480295 4064.3459577882445
210.29460886802616 0.5986169542215443 6645.12671688104
217.74055659423203 0.21133899794129618 6489.148154291852
294.8675200608924 0.7523206780224658 7972.136725415446
191.02606785106923 0.43683910131076137 5675.255751555759
244.386498430808 0.9393633781916453 2713.1448238298563
991.0720898595334 0.7196776121740711 7451.796189878176
790.1009694358066 0.5437268477864546 5092.026914554215
379.27768230816287 0.7286390785320966 6568.967932028403
319.717161049829 0.6218679642886523 7075.851884043157
316.17396266074115 0.08005609728791802 6717.361444821931
158.57667000781447 0.7870554491916797 2922.615343057484
544.1365276836466 0.7097749366600452 6336.422944468545
323.1450642197817 0.5377270261985849 4551.654265652801
827.0421804051169 0.4651203881253385 7437.484010490843
281.0377220305312 0.9095860605227692 2400.2564174845857
323.9376650239262 0.4783792433985021 7342.0225999635695
315.0343090700151 0.058474959506186086 6262.099889039553
676.0322842926666 0.4053183906411495 4494.053870452679
217.46505853102036 0.7958024550944629 3877.347811193782
606.3623956532625 0.7677375186363288 5723.886501429651
533.7084530830954 0.15932308697874648 4745.683162706415
285.88262925473754 0.7351390343445666 6438.971150185337
452.36542494397196 0.3593335935821468 2874.4418636875635
101.56799881435637 0.47346390843362574 7530.9571978078575
371.957786487415 0.8602807829779666 3556.6358554792973
236.592127329197 0.37233922860430946 4539.996540772872
284.34039532991164 0.4252923292987955 1498.3832855972241
135.4033296726874 0.9244458538225488 6123.569772010711
445.5158352978225 0.873912958678897 4012.6089573575846
911.8764340090408 0.8896453456362013 4248.48764213521
628.3640100411293 0.522686176229078 5248.435014034186
409.85366848358876 0.6206808922839591 7014.2560850973605
647.0355683718763 0.9818852365909985 5977.172958074021
231.50005823455496 0.9221890488606783 1842.0328233638993
308.91550586703477 0.17792980622073862 7871.830900133036
194.97917589941034 0.9859469635131723 2905.518515270849
433.92565510970303 0.4810762233296129 3789.9368706675828
570.3075880460607 0.5943034868298578 3880.068673834501
403.58457844327 0.3939269623580814 6688.331247056642
185.14450586813422 0.9444213694235903 4949.692358582346
893.246285010593 0.9746329852849769 4940.72061720261
192.11871277194024 0.8408579610551865 1714.058973771771
219.81147854464513 0.36656158531080735 5360.980552530904
637.0529071322298 0.3421695682065543 3164.570171725116
370.9278109373748 0.9303458744128932 4804.066008108871
165.79626753421616 0.8730838478075111 7398.858469655118
100.62539384104872 0.624550884352133 7984.967565678409
767.5538011495087 0.11283150124333324 7295.425035677539
909.7008811366558 0.22134487185083035 6129.479578315788
592.9169987220058 0.7606636730197001 4094.081628097033
832.0661650475512 0.5933044137332621 5586.016911375936
394.50124611388117 0.6301104637587674 5390.454262354201
325.4908856873591 0.8194924444715623 2209.2779043889477
878.9073482267286 0.6411072911509652 3030.3662979681744
559.9958614262275 0.6979608704168354 4039.45159531787
783.2498409329756 0.9750164421341331 6538.951543552042
525.1140006248135 0.4494207619693507 6734.87925874554
980.1836153515017 0.42745552937554154 4470.5344674355165
162.61554792724922 0.7295435196996147 1802.8766596849223
978.0093303052854 0.5200154543729985 7156.094459141991
252.01625530847576 0.8732020540143861 4181.394631555923
218.4561648369965 0.7299513720624637 4929.874097413435
345.6397626619123 0.2916673399877505 5363.153078522854
214.98232865304158 0.5568059172133247 7073.322503445739
871.8650395163581 0.019496026107835573 7171.368826893362
539.5617755169359 0.9599058311637981 4334.357339039227
173.0783513443464 0.5556449691489707 7156.392696952078
141.27894255686186 0.2343099989666863 3711.5809110314735
497.7825832574967 0.45425988872817624 2722.9881880727976
503.60053454276147 0.7726884754907121 4764.592688522701
859.213972890698 0.8720057519096928 1885.0538326986707
145.10995080247312 0.9085969040111435 7083.558634245193
207.91254411568895 0.8347421160361199 4441.149197098912
319.7676759029598 0.8242473410376572 6905.294305036188
140.6377059261299 0.5449363883761508 5655.210325191685
337.2372854061538 0.4596373661459835 6825.809275384177
928.816914912755 0.2907490257974667 3606.2332571598936
257.8894943655909 0.409053991285114 2468.424482536345
630.4825460171364 0.43645663748677876 1392.906528994768
583.0168488294265 0.7733562650191901 1634.0396558377583
108.56985210957816 0.3836173565835769 2363.181034214523
129.53960023999855 0.65030023862438 2217.787641856222
765.0151824716734 0.24153636497860115 6521.460433392514
211.87335320207353 0.4538206418029912 5610.451360923044
504.3078345217737 0.7178501582290413 4375.087720205468
863.3073239693246 0.6112150674533938 5882.177909722652
651.612380243778 0.536417679808477 4439.116074606098
947.9217832202391 0.7434319043793505 4877.635510399236
379.7850193297551 0.36850990825177854 6645.032924148036
413.4327305736359 0.9951960928339709 7731.368623010818
347.0076654534263 0.35123688820690036 2465.684499171277
130.72733181061835 0.9912788294277473 7089.027691388093
207.92379120437772 0.8804242139458758 5198.970177296165
375.3550184439768 0.01989962822307967 7870.424644256615
302.0611979245002 0.4909904633193261 4399.283262224383
118.26635088212333 0.7922540395831089 4688.501546635754
123.89081625494998 0.7261332628421354 4189.007838876207
190.98059515527416 0.9480035452678579 5489.618789751234
823.8905481363385 0.496818106820604 2695.714312926185
402.47991639555676 0.8935163366024275 1090.5234491998713
517.9443680917173 0.7066451711097043 5637.08755276807
118.49607905501477 0.9724078916892505 3979.5408959500523
387.2735612441474 0.9230027963679099 4223.71892610775
260.1804807457314 0.8951937288864924 1245.0235692226465
908.2654632262593 0.3881258440484462 6165.065918645543
299.9471149881915 0.7412737280299744 4546.046355074392
515.9617851530128 0.5936870539995195 7697.041645247828
120.02502580946708 0.9286717145070664 2209.453952199745
296.1846559052156 0.8499225271084531 7960.031865567238
465.29548883799197 0.5026505716314404 3205.386919116518
231.0673059975162 0.7749828224491198 3315.7283927145672
302.1741100886885 0.32955475356643016 4068.022023551817
762.2435794801763 0.844920059649378 3128.279103496863
248.57329395169182 0.9842305212082731 5352.572995186057
122.7250564923736 0.6006971488491988 7634.12583449674
574.3925877385221 0.8124669703582841 7264.701852440216
424.6848574631129 0.37712402782080456 5574.2334205100815
286.95306336863047 0.7787735790433201 6150.8516484701795
485.38938093864044 0.8624085284253913 5740.782870517423
179.59345059852302 0.340961013264965 5836.512978430494
660.8770142790814 0.5482128435700528 7834.6325526880955
165.69185665540044 0.6308185423481072 4417.24506938067
936.5518640688769 0.5795348628610673 3915.624434695879
191.02192190215987 0.8857214166931442 6016.062994422173
234.38264226598244 0.38166174892064014 5925.866088127061
850.0107443123686 0.7463366594550962 6339.166723833726
381.50166667252034 0.8554967906075348 5245.69205047957
428.0966140313954 0.7815771589267588 4048.9164499432536
702.4428779287801 0.8240554587411479 7692.592346743295
467.33507733982077 0.23414282576880607 4688.526842865522
338.14456900919834 0.6001491003931171 7146.315403216446
807.117156133119 0.7303915437515696 5395.873002396889
232.0343182640275 0.8142755865485805 5984.67468022924
365.67542453681807 0.8683001979505739 3580.8827967297
132.42030119569375 0.253401748967925 6531.064673048881
181.28314255166237 0.8497682788190117 4291.73174518795
452.7747656004229 0.3947188145352894 7284.708118703553
430.51881246806397 0.44344557440899157 7669.689062595575
434.10403334395374 0.6240787125369744 7597.408115772079
995.5854924876197 0.5182164038072974 1445.4586989352188
187.99599340574514 0.33343583741480454 4519.376748612982
580.5426735898416 0.6583131766742698 2031.200742519267
559.977924728154 0.47563794844826196 5667.888031879083
215.85360444838574 0.8839317466580687 6843.9088625002405
388.65848207266947 0.6257127288271822 4331.196444742681
957.2741957184937 0.528727490053623 6501.800558009165
176.89798221444664 0.6936513150710307 1393.6170675770409
284.05884963536477 0.8611204785764296 5432.555305416243
574.3249218265819 0.8697565655591332 7089.007389779727
136.57617826092326 0.43385664360566634 5072.84507644148
481.90000470390606 0.5986169542215443 6644.020290738694
217.74055659423203 0.7095353166583449 4333.416313994689
294.8675200608924 0.7523206780224658 1795.9483364881316
355.6505268560484 0.43683910131076137 5675.255751555759
244.386498430808 0.9393633781916453 7953.114487045743
264.159291174988 0.18448593144407838 4419.181530023513
261.58158298713636 0.5437268477864546 6048.620010072273
247.7417432684262 0.7286390785320966 6568.967932028403
188.4089947077328 0.6218679642886523 7075.851884043157
316.17396266074115 0.3196761534802727 5575.8939129494065
158.57667000781447 0.30180185665635356 2922.615343057484
544.1365276836466 0.8714250452882257 6336.422944468545
234.0936747576045 0.6909004784484328 4551.654265652801
205.35371554803356 0.4651203881253385 7102.828631648628
227.36332122442087 0.9095860605227692 2400.2564174845857
323.9376650239262 0.4783792433985021 7611.71077166923
315.0343090700151 0.9829507131714168 6821.741239775687
278.59897558950996 0.7683613461650589 4494.053870452679
277.610133865007 0.620491676837568 3877.347811193782
606.3623956532625 0.7677375186363288 3738.848064316662
533.7084530830954 0.8053851963333147 6824.056871527019
739.8601245404406 0.7351390343445666 6438.971150185337
522.3802087224699 0.3593335935821468 2874.4418636875635
964.7729825076892 0.47346390843362574 7530.9571978078575
152.77879872793744 0.8602807829779666 6819.17423951901
593.1302963800921 0.9986076198048912 4539.996540772872
284.34039532991164 0.8148338525504695 1498.3832855972241
135.4033296726874 0.60125819866956 6123.569772010711
445.5158352978225 0.5778455724612159 4012.6089573575846
296.0718276286903 0.709842636773505 4304.307097722379
628.3640100411293 0.03213307869144627 4726.832305337011
300.07078307193166 0.9851464689326392 7014.2560850973605
412.0320134626561 0.9818852365909985 5977.172958074021
231.50005823455496 0.9221890488606783 7693.536457303592
638.3615751530823 0.8218056835973657 7871.830900133036
194.97917589941034 0.740988228028876 4673.8680253276225
433.92565510970303 0.6728054631909526 7759.747391763711
506.79507917456726 0.5943034868298578 6247.820417416031
728.9630655391502 0.3939269623580814 6988.156028102381
352.363799077682 0.9444213694235903 2884.3522157643038
177.83697513819203 0.6029619082276794 3890.1319755607624
192.11871277194024 0.00475033070138331 2181.663891715241
735.125958724574 0.7023812639379198 7793.958050074234
637.5794083787519 0.3421695682065543 3164.570171725116
496.7089614447642 0.9303458744128932 4804.066008108871
165.79626753421616 0.8730838478075111 3757.6139156590093
434.7559806695274 0.7124181988216376 2864.5181175846847
476.4689547941061 0.534711887994166 7295.425035677539
909.7008811366558 0.39893237555519045 7586.092492616507
592.9169987220058 0.7606636730197001 5441.591385511519
832.0661650475512 0.7536496030268991 5586.016911375936
394.50124611388117 0.6301104637587674 7334.61735830303
570.2137782895353 0.7183937701996322 2209.2779043889477
795.2307840840218 0.6411072911509652 4768.328023039988
559.9958614262275 0.9119040958496737 7404.199396678316
214.8818572880117 0.9750164421341331 6538.951543552042
525.1140006248135 0.5349394380002586 5285.228121880299
450.2824922288374 0.42745552937554154 4470.5344674355165
162.61554792724922 0.2863758609135422 1802.8766596849223
978.0093303052854 0.8844132850296433 3773.482078619607
792.3181260179388 0.8732020540143861 1652.1078186239147
218.4561648369965 0.5907896053328932 4929.874097413435
345.6397626619123 0.03892877528127331 5363.153078522854
153.9014171048251 0.5568059172133247 7073.322503445739
533.9805068635126 0.019496026107835573 4341.995147423737
539.5617755169359 0.6461491729317062 5350.742228195038
530.6923558233455 0.5556449691489707 7156.392696952078
141.27894255686186 0.37157429832558897 6422.810486193062
470.232691370594 0.47400482265043986 2722.9881880727976
352.00189761251914 0.11670494521581154 6868.7130957046975
568.3126214214344 0.8720057519096928 7434.787436009037
293.61870364685234 0.4474249631060009 4434.3349598052655
207.91254411568895 0.8347421160361199 6207.669049016344
459.58705660366513 0.37348081460831406 6905.294305036188
892.3123515376287 0.7453836099893052 5655.210325191685
301.25876613153946 0.31513662430531475 6825.809275384177
173.83237182214572 0.6846933584484398 7280.11666498783
881.2338056726976 0.409053991285114 5314.461859887787
952.1108434726322 0.36627462934965616 1392.906528994768
492.95142445472015 0.554099010588958 7406.803222115343
108.56985210957816 0.3836173565835769 5252.946342974623
129.53960023999855 0.3303956860226406 7537.020394796723
466.2621288103235 0.24153636497860115 6521.460433392514
925.5087350910907 0.4538206418029912 7515.198344496059
511.2559342901499 0.6672052832630533 2296.5032255054807
272.01222387481505 0.10790711849817697 7908.676531427832
273.54068013418515 0.7690910167589342 4439.116074606098
512.2765911476939 0.8476015946963145 4877.635510399236
278.33845880273805 0.36850990825177854 3784.754989097262
393.5945242935214 0.5286678724252367 7731.368623010818
347.0076654534263 0.3096771806478683 1389.0895371506244
541.7494074467228 0.9912788294277473 7147.128717204787
334.1387639528762 0.6532864161103975 5337.6578381439
333.76818512831437 0.8983259021252151 6229.874041845204
187.64443606038282 0.8283945048135478 2650.80014506945
907.9522566830396 0.7922540395831089 4688.501546635754
123.89081625494998 0.7261332628421354 2748.5052710566406
731.2995115223196 0.9480035452678579 5489.618789751234
823.8905481363385 0.9062422938342195 6426.866613401539
167.97608862286324 0.8935163366024275 7656.253360826706
882.7354238419265 0.7066451711097043 5637.08755276807
118.49607905501477 0.5093681921938513 7988.557841343738
546.0616328191624 0.9687979547228489 4223.71892610775
260.1804807457314 0.8951937288864924 6452.01712487503
280.3230553077622 0.7276662074037556 6165.065918645543
686.7711337125239 0.9278449309212993 4546.046355074392
938.4678958583755 0.7809585051026366 7697.041645247828
120.02502580946708 0.8039319136873321 2562.4256835584783
771.4187578028506 0.7465187329975029 2929.5313638099
302.93033104602296 0.5026505716314404 3222.5822430847365
147.06921944414904 0.7749828224491198 7029.463012508053
130.58662179936732 0.32955475356643016 6473.6008352557565
762.2435794801763 0.5066296657205944 7948.567537699839
248.57329395169182 0.8827126027243517 4141.915841317021
122.7250564923736 0.6006971488491988 3635.3952506245055
372.0386092712439 0.7432736491538146 7264.701852440216
424.6848574631129 0.8912646351463784 3877.9502534554977
286.95306336863047 0.12209171340486136 6772.198659510977
114.14454208772418 0.7203944796769424 5740.782870517423
179.59345059852302 0.8175519668961959 5836.512978430494
702.3986442275718 0.8892704384638024 4611.395692376466
337.1811973834849 0.6308185423481072 4417.24506938067
464.160781275952 0.5795348628610673 3621.8927595457208
869.6402278369524 0.8857214166931442 6016.062994422173
487.7782677443413 0.8049182056150211 5925.866088127061
850.0107443123686 0.17504676261178176 7171.4281866706515
127.18809800851011 0.8554967906075348 7760.884236485084
279.1524878033821 0.6995883046240757 4048.9164499432536
829.871387920044 0.5406206056181557 7692.592346743295
358.48657993310445 0.5529450430562225 4688.526842865522
338.14456900919834 0.47077884031013373 7146.315403216446
484.1866598384256 0.8945477229216694 5395.873002396889
619.6874352806907 0.8142755865485805 3352.0396825664093
365.67542453681807 0.8212489521019481 7416.566450295461
655.2390964555299 0.253401748967925 6531.064673048881
181.28314255166237 0.8497682788190117 3982.918082720071
118.61860132898676 0.2996118742419861 3393.7401329441586
430.51881246806397 0.2914362343975381 7669.689062595575
434.10403334395374 0.6240787125369744 5956.6874479440885
398.20308900048155 0.5182164038072974 6988.127281337262
743.3350401155487 0.33343583741480454 4519.376748612982
580.5426735898416 0.5342734927292905 7575.41669969433
559.977924728154 0.47563794844826196 5200.902121275392
215.85360444838574 0.002584584879574414 4033.0630510634783
482.6249358119307 0.6257127288271822 4331.196444742681
450.0481440725918 0.8820455283208689 6501.800558009165
176.89798221444664 0.6936513150710307 4011.4517595200223
284.05884963536477 0.6115263507018713 5432.555305416243
886.0134231892805 0.900374604954788 7089.007389779727
437.6159829322861 0.6253060266480295 5179.542427613948
210.29460886802616 0.9563684343086871 6645.12671688104
317.3621059478521 0.8296902269159305 4333.416313994689
294.8675200608924 0.8043673653474334 1322.3216675300255
631.2969912470626 0.325983284434545 5675.255751555759
244.386498430808 0.9393633781916453 5535.6338945458465
502.01781192807096 0.6603848073618362 2091.409686250554
261.58158298713636 0.7186483145862609 6048.620010072273
247.7417432684262 0.3331003024059653 6568.967932028403
558.4305789463054 0.6218679642886523 7075.851884043157
492.63352185844366 0.9908691312599275 5416.40938900859
158.57667000781447 0.8734908421425847 6427.558207108749
544.1365276836466 0.8714250452882257 4165.128353578114
154.0736620620977 0.8768072687315254 4551.654265652801
205.35371554803356 0.9203726182543568 7420.112589405079
713.131588528463 0.9095860605227692 2400.2564174845857
323.9376650239262 0.6615715485412998 7611.71077166923
315.0343090700151 0.3556161445306663 4855.174648183502
570.9948863799335 0.7040439984216412 2993.3812379634437
224.468106282556 0.7958024550944629 6469.594126877963
606.3623956532625 0.845145506046652 5723.886501429651
159.25562794500695 0.48724617341027454 6824.056871527019
124.54277993302918 0.4727620744111155 6438.971150185337
652.6182935718064 0.3593335935821468 2874.4418636875635
197.39469456389855 0.2613047071337402 7530.9571978078575
152.77879872793744 0.41803456756507107 6819.17423951901
236.592127329197 0.4958913649513974 6454.416488083671
284.34039532991164 0.10197368931253081 1498.3832855972241
135.4033296726874 0.11102002666679067 6123.569772010711
445.5158352978225 0.6287009924845691 4271.246271985264
296.0718276286903 0.8896453456362013 5482.278437440025
685.2495883955651 0.7816472940534254 4726.832305337011
954.6218392296853 0.9851464689326392 6536.809923225996
412.0320134626561 0.7955010018020761 5977.172958074021
231.50005823455496 0.9221890488606783 3627.623004025281
502.13899929900083 0.42385184439774237 7871.830900133036
525.345505914517 0.9859469635131723 4673.8680253276225
433.92565510970303 0.6728054631909526 3057.6936063124167
504.0029187322626 0.5943034868298578 4427.865959781176
403.58457844327 0.017391950889663055 6988.156028102381
379.48030998452 0.9444213694235903 4949.692358582346
177.83697513819203 0.15513271977106446 6336.149602402313
