1.250000000000000000e+02 7.000000000000000666e-02 7.584864091254996804e-03 1.515834143949919337e+02 6.165750265821662879e+02 1.731999999999999886e+02
1.250000000000000000e+02 7.000000000000000666e-02 8.487158162622875091e-03 1.760519627859159186e+02 8.389209627415357318e+02 1.731999999999999886e+02
1.250000000000000000e+02 7.000000000000000666e-02 6.955307834706545185e-03 1.104397986326595174e+02 2.828772297359499134e+03 1.731999999999999886e+02
1.250000000000000000e+02 7.000000000000000666e-02 9.723560909138256880e-03 1.987811607221877352e+02 1.095022540208331066e+03 1.731999999999999886e+02
1.250000000000000000e+02 7.000000000000000666e-02 2.446639874325830938e-03 1.510620405623107274e+02 1.914958173140058761e+03 1.731999999999999886e+02
1.250000000000000000e+02 7.000000000000000666e-02 5.449753731777427605e-03 1.710702950395029234e+02 1.263118193940009405e+03 1.731999999999999886e+02
1.250000000000000000e+02 7.000000000000000666e-02 3.574257088045682245e-03 1.738887099435888786e+02 2.035326276928639572e+03 1.731999999999999886e+02
1.250000000000000000e+02 7.000000000000000666e-02 5.205216687687030941e-03 1.105222790192280087e+02 3.820217259762931462e+03 1.731999999999999886e+02
1.250000000000000000e+02 7.000000000000000666e-02 3.629921355643889701e-03 1.192243995120325337e+02 1.990390598004544700e+03 1.731999999999999886e+02
1.250000000000000000e+02 7.000000000000000666e-02 3.549566467980143879e-03 1.679904156354439237e+02 1.856319372504374542e+03 1.731999999999999886e+02
1.250000000000000000e+02 7.000000000000000666e-02 4.429381748410950864e-03 1.848673979936160663e+02 1.985985722496923017e+03 1.731999999999999886e+02
1.250000000000000000e+02 7.000000000000000666e-02 4.831084498513402679e-03 1.529685725458722914e+02 9.637724269897613567e+02 1.731999999999999886e+02
1.250000000000000000e+02 7.000000000000000666e-02 2.645870516224984453e-03 1.552254697929724330e+02 1.987644510183813281e+03 1.731999999999999886e+02
1.250000000000000000e+02 7.000000000000000666e-02 3.975116873019027622e-03 1.944835720434968493e+02 2.420105912778882157e+03 1.731999999999999886e+02
1.250000000000000000e+02 7.000000000000000666e-02 8.932258800634257020e-03 1.060921696870870932e+02 3.819672597662633052e+03 1.731999999999999886e+02
1.250000000000000000e+02 7.000000000000000666e-02 2.870744446164754174e-03 1.849854702266594586e+02 2.877558041478856012e+03 1.731999999999999886e+02
1.250000000000000000e+02 7.000000000000000666e-02 4.268159873445226404e-03 1.867701316101595239e+02 1.964060473444721993e+03 1.731999999999999886e+02
1.250000000000000000e+02 7.000000000000000666e-02 2.844444084822593619e-03 1.251170735941228429e+02 1.314786929679068180e+03 1.731999999999999886e+02
1.250000000000000000e+02 7.000000000000000666e-02 3.960460777449886435e-03 1.286937170833406299e+02 8.981723852581873189e+02 1.731999999999999886e+02
1.250000000000000000e+02 7.000000000000000666e-02 5.979762852628987824e-03 1.643923215610375621e+02 1.007636473831411195e+03 1.731999999999999886e+02
1.250000000000000000e+02 7.000000000000000666e-02 1.889803142505222695e-03 1.657166021664573350e+02 3.120790914287811574e+03 1.731999999999999886e+02
1.250000000000000000e+02 7.000000000000000666e-02 5.158803447594298430e-03 1.984296901301524656e+02 2.115474578566201671e+03 1.731999999999999886e+02
1.250000000000000000e+02 7.000000000000000666e-02 3.553041152803981112e-03 1.725698175672836499e+02 1.882134232069264499e+03 1.731999999999999886e+02
1.250000000000000000e+02 7.000000000000000666e-02 6.970951704690477382e-03 1.644161243495847486e+02 8.280081857912082341e+02 1.731999999999999886e+02
1.250000000000000000e+02 7.000000000000000666e-02 9.569568169657849052e-03 1.060420701815590689e+02 3.441356647999731194e+03 1.731999999999999886e+02
1.250000000000000000e+02 7.000000000000000666e-02 6.882159579830625026e-03 1.442883094408288969e+02 5.858824261699302269e+02 1.731999999999999886e+02
1.250000000000000000e+02 7.000000000000000666e-02 1.871515224649863193e-03 1.395277899003200162e+02 2.085522722790926309e+03 1.731999999999999886e+02
1.250000000000000000e+02 7.000000000000000666e-02 2.700928261479300027e-03 1.964716199724122703e+02 3.677880034997854636e+03 1.731999999999999886e+02
1.250000000000000000e+02 7.000000000000000666e-02 9.399202922983476705e-03 1.777779722003444078e+02 8.160110270323950772e+02 1.731999999999999886e+02
1.250000000000000000e+02 7.000000000000000666e-02 1.876325845797277136e-03 1.446332733793794887e+02 2.182060750234668376e+03 1.731999999999999886e+02
1.250000000000000000e+02 7.000000000000000666e-02 6.940105899800752369e-03 1.614492839050464568e+02 8.042283247666101715e+02 1.731999999999999886e+02
1.250000000000000000e+02 7.000000000000000666e-02 5.645611261091425422e-03 1.977353852563734904e+02 1.886409027931617402e+03 1.731999999999999886e+02
1.250000000000000000e+02 7.000000000000000666e-02 4.677979575397154914e-03 1.907460692944939638e+02 1.916750511235820795e+03 1.731999999999999886e+02
1.250000000000000000e+02 7.000000000000000666e-02 4.038054457577835120e-03 1.898604858456643569e+02 2.307731251953986430e+03 1.731999999999999886e+02
1.250000000000000000e+02 7.000000000000000666e-02 6.037746726516746154e-03 1.762353968373102475e+02 1.203157462497559891e+03 1.731999999999999886e+02
1.250000000000000000e+02 7.000000000000000666e-02 8.745919248906558127e-03 1.532567890473283398e+02 5.758045991936304517e+02 1.731999999999999886e+02
1.250000000000000000e+02 7.000000000000000666e-02 9.534905599125693271e-03 1.085569438193837897e+02 2.641970315780097280e+03 1.731999999999999886e+02
1.250000000000000000e+02 7.000000000000000666e-02 8.015492271251905415e-03 1.524412011263478348e+02 5.874909532026459829e+02 1.731999999999999886e+02
1.250000000000000000e+02 7.000000000000000666e-02 4.118721138281496164e-03 1.120531939006819329e+02 3.897276224898713735e+03 1.731999999999999886e+02
1.250000000000000000e+02 7.000000000000000666e-02 7.590991635309101392e-03 1.098422417175234926e+02 2.708642164599639273e+03 1.731999999999999886e+02
1.250000000000000000e+02 7.000000000000000666e-02 1.709110924745908767e-03 1.464772025453074491e+02 2.476635975055399740e+03 1.731999999999999886e+02
1.250000000000000000e+02 7.000000000000000666e-02 4.865377511042606393e-03 1.887164791812486726e+02 1.806708462650211004e+03 1.731999999999999886e+02
1.250000000000000000e+02 7.000000000000000666e-02 3.442296265849908998e-03 1.967521524777491493e+02 2.970255303541774538e+03 1.731999999999999886e+02
1.250000000000000000e+02 7.000000000000000666e-02 8.675877499198144868e-03 1.870254373677154263e+02 1.024046982261986614e+03 1.731999999999999886e+02
1.250000000000000000e+02 7.000000000000000666e-02 6.583973778490362361e-03 1.130705859968860807e+02 2.229949339750246963e+03 1.731999999999999886e+02
1.250000000000000000e+02 7.000000000000000666e-02 4.904746154843478076e-03 1.648532782861939836e+02 1.249856271745006325e+03 1.731999999999999886e+02
1.250000000000000000e+02 7.000000000000000666e-02 7.257000617247120165e-03 1.586328183066963788e+02 7.454776975869292528e+02 1.731999999999999886e+02
1.250000000000000000e+02 7.000000000000000666e-02 7.072278827697426641e-03 1.889011904924788041e+02 1.305389056040164860e+03 1.731999999999999886e+02
1.250000000000000000e+02 7.000000000000000666e-02 3.075647781255597037e-03 1.553471414713014269e+02 1.679249065849342514e+03 1.731999999999999886e+02
1.250000000000000000e+02 7.000000000000000666e-02 6.284987444649962375e-03 1.865036625624512112e+02 1.389125908726571652e+03 1.731999999999999886e+02
1.250000000000000000e+02 7.000000000000000666e-02 2.922253955627534660e-03 1.512785488753464165e+02 1.589236626427238662e+03 1.731999999999999886e+02
1.250000000000000000e+02 7.000000000000000666e-02 4.901359175723656210e-03 1.246787683115891099e+02 8.122570452781565109e+02 1.731999999999999886e+02
1.250000000000000000e+02 7.000000000000000666e-02 9.130143892055993596e-03 1.618820752555071749e+02 5.980623943534495766e+02 1.731999999999999886e+02
1.250000000000000000e+02 7.000000000000000666e-02 5.552778251945320910e-03 1.775507408943090581e+02 1.346093176121032229e+03 1.731999999999999886e+02
1.250000000000000000e+02 7.000000000000000666e-02 6.321694170193861706e-03 1.416164586460011776e+02 6.384934126007291297e+02 1.731999999999999886e+02
1.250000000000000000e+02 7.000000000000000666e-02 8.535074880345654147e-03 1.518986683062360328e+02 5.548982115158391935e+02 1.731999999999999886e+02
1.250000000000000000e+02 7.000000000000000666e-02 8.852730412705596755e-03 1.685053624534641017e+02 7.080844194851758857e+02 1.731999999999999886e+02
1.250000000000000000e+02 7.000000000000000666e-02 6.726479509372215899e-03 1.771340840245530330e+02 1.099730608171204949e+03 1.731999999999999886e+02
1.250000000000000000e+02 7.000000000000000666e-02 2.309955697942168724e-03 1.434858566638718571e+02 1.722104184743652695e+03 1.731999999999999886e+02
1.250000000000000000e+02 7.000000000000000666e-02 4.535845033150825122e-03 1.193291955838230365e+02 1.620291710394155871e+03 1.731999999999999886e+02
1.250000000000000000e+02 7.000000000000000666e-02 9.782734925075479288e-03 1.114343551365756468e+02 1.864111271045181184e+03 1.731999999999999886e+02
1.250000000000000000e+02 7.000000000000000666e-02 2.796651832346887852e-03 1.321155033238680687e+02 1.271907778613527626e+03 1.731999999999999886e+02
1.250000000000000000e+02 7.000000000000000666e-02 7.684244220405651860e-03 1.105472655523902148e+02 2.554147395724284252e+03 1.731999999999999886e+02
1.250000000000000000e+02 7.000000000000000666e-02 3.781955915763076086e-03 1.519170016337511981e+02 1.244823584917436392e+03 1.731999999999999886e+02
1.250000000000000000e+02 7.000000000000000666e-02 4.276192443935993709e-03 1.194836096517961721e+02 1.753071908799945732e+03 1.731999999999999886e+02
1.250000000000000000e+02 7.000000000000000666e-02 1.048135117908472001e-03 1.405417748132673808e+02 3.838042906714002129e+03 1.731999999999999886e+02
1.250000000000000000e+02 7.000000000000000666e-02 2.147208620233565738e-03 1.409888519189215117e+02 1.766771793537127905e+03 1.731999999999999886e+02
1.250000000000000000e+02 7.000000000000000666e-02 5.853832638685657098e-03 1.809301130697444080e+02 1.326465865736973456e+03 1.731999999999999886e+02
1.250000000000000000e+02 7.000000000000000666e-02 8.819961940126597524e-03 1.098677545867066812e+02 2.307671548478826026e+03 1.731999999999999886e+02
1.250000000000000000e+02 7.000000000000000666e-02 4.873556260158071543e-03 1.858586676526834935e+02 1.730547134505386339e+03 1.731999999999999886e+02
1.250000000000000000e+02 7.000000000000000666e-02 8.964676178737402898e-03 1.130522549325206114e+02 1.606598773998222441e+03 1.731999999999999886e+02
1.250000000000000000e+02 7.000000000000000666e-02 2.379271621077961273e-03 1.182548974559620660e+02 3.390722488228352177e+03 1.731999999999999886e+02
1.250000000000000000e+02 7.000000000000000666e-02 7.829277391742363312e-03 1.588279973918789096e+02 6.616285333026938815e+02 1.731999999999999886e+02
1.250000000000000000e+02 7.000000000000000666e-02 2.461457226661923400e-03 1.935954457473795856e+02 3.898411316884218650e+03 1.731999999999999886e+02
1.250000000000000000e+02 7.000000000000000666e-02 8.908497140609273821e-03 1.315327691389014433e+02 4.020179375042069978e+02 1.731999999999999886e+02
1.250000000000000000e+02 7.000000000000000666e-02 6.112980465112389204e-03 1.139894001744755769e+02 2.177897594562633003e+03 1.731999999999999886e+02
1.250000000000000000e+02 7.000000000000000666e-02 5.448213002542528181e-03 1.103604332895173172e+02 3.569518532548065195e+03 1.731999999999999886e+02
1.250000000000000000e+02 7.000000000000000666e-02 9.220600192138064810e-03 1.361073890926790000e+02 4.049954958072952422e+02 1.731999999999999886e+02
1.250000000000000000e+02 7.000000000000000666e-02 5.246928989974351289e-03 1.690413999647481944e+02 1.231289710704761546e+03 1.731999999999999886e+02
1.250000000000000000e+02 7.000000000000000666e-02 2.634282183236598147e-03 1.814260651260041186e+02 3.150618811074912628e+03 1.731999999999999886e+02
1.250000000000000000e+02 7.000000000000000666e-02 9.172920454025179637e-03 1.778630906345002245e+02 8.374734893602710599e+02 1.731999999999999886e+02
1.250000000000000000e+02 7.000000000000000666e-02 1.539732277641031079e-03 1.286179715936751222e+02 2.276667222369248520e+03 1.731999999999999886e+02
1.250000000000000000e+02 7.000000000000000666e-02 8.420308977239662068e-03 1.145237904618229976e+02 1.447854327873231114e+03 1.731999999999999886e+02
1.250000000000000000e+02 7.000000000000000666e-02 8.059511438788840437e-03 1.952920421803273712e+02 1.226952812285457867e+03 1.731999999999999886e+02
1.250000000000000000e+02 7.000000000000000666e-02 7.062317014972676991e-03 1.127283068137149655e+02 2.239681040548805868e+03 1.731999999999999886e+02
1.250000000000000000e+02 7.000000000000000666e-02 3.937321734410526020e-03 1.501856752600276081e+02 1.208308415968365580e+03 1.731999999999999886e+02
1.250000000000000000e+02 7.000000000000000666e-02 9.162411675318620982e-03 1.097437492593421524e+02 2.372045522466596594e+03 1.731999999999999886e+02
1.250000000000000000e+02 7.000000000000000666e-02 7.858936304194433925e-03 1.427885370882003144e+02 4.988573377917924176e+02 1.731999999999999886e+02
1.250000000000000000e+02 7.000000000000000666e-02 5.453219250574923259e-03 1.851781256475951238e+02 1.555490755287142065e+03 1.731999999999999886e+02
1.250000000000000000e+02 7.000000000000000666e-02 7.151822638738435794e-03 1.503298869422292228e+02 6.634302903549156554e+02 1.731999999999999886e+02
1.250000000000000000e+02 7.000000000000000666e-02 8.246484801818811106e-03 1.384111044343785011e+02 4.354946253130287346e+02 1.731999999999999886e+02
1.250000000000000000e+02 7.000000000000000666e-02 6.106507318056102890e-03 1.983696038835527133e+02 1.738448613967250822e+03 1.731999999999999886e+02
1.250000000000000000e+02 7.000000000000000666e-02 2.565332578080143679e-03 1.940943371634364780e+02 3.845878938331772588e+03 1.731999999999999886e+02
1.250000000000000000e+02 7.000000000000000666e-02 3.396853233172475710e-03 1.825255268445369268e+02 2.446373061608383523e+03 1.731999999999999886e+02
1.250000000000000000e+02 7.000000000000000666e-02 4.267660037460136065e-03 1.168993430836288923e+02 2.339726482050799405e+03 1.731999999999999886e+02
1.250000000000000000e+02 7.000000000000000666e-02 3.875950682501452457e-03 1.197761276906661294e+02 1.762082060719587844e+03 1.731999999999999886e+02
1.250000000000000000e+02 7.000000000000000666e-02 2.560703135937722561e-03 1.974105822022841608e+02 3.981288060754076923e+03 1.731999999999999886e+02
1.250000000000000000e+02 7.000000000000000666e-02 5.061826911043236683e-03 1.954314407982838873e+02 1.928898509770054488e+03 1.731999999999999886e+02
1.250000000000000000e+02 7.000000000000000666e-02 5.915030534439759749e-03 1.342691147167109591e+02 6.086093964533376948e+02 1.731999999999999886e+02
1.250000000000000000e+02 7.000000000000000666e-02 5.887702752268754100e-03 1.092489946000314234e+02 3.942646283978669999e+03 1.731999999999999886e+02
1.250000000000000000e+02 7.000000000000000666e-02 9.288398788894281291e-03 1.517729429187963319e+02 5.086731037513314391e+02 1.731999999999999886e+02
1.250000000000000000e+02 7.000000000000000666e-02 9.830754701417742172e-03 1.095913681688020205e+02 2.185185570055597054e+03 1.731999999999999886e+02
1.250000000000000000e+02 7.000000000000000666e-02 6.538579107852922866e-03 1.106760153987361832e+02 3.089339621053265546e+03 1.731999999999999886e+02
1.250000000000000000e+02 7.000000000000000666e-02 4.715872194726937992e-03 1.709576272133661234e+02 1.454063753691899137e+03 1.731999999999999886e+02
1.250000000000000000e+02 7.000000000000000666e-02 6.488727555842739581e-03 1.427391173443725449e+02 6.458907247593690499e+02 1.731999999999999886e+02
1.250000000000000000e+02 7.000000000000000666e-02 4.173126357740088513e-03 1.137205728942272600e+02 3.283972677847088562e+03 1.731999999999999886e+02
1.250000000000000000e+02 7.000000000000000666e-02 8.021252958594501936e-03 1.587661951070940631e+02 6.817557647360183637e+02 1.731999999999999886e+02
1.250000000000000000e+02 7.000000000000000666e-02 9.708856068834368844e-03 1.897684511651050343e+02 9.194586664569258119e+02 1.731999999999999886e+02
1.250000000000000000e+02 7.000000000000000666e-02 9.757059910101938474e-03 1.907144826447617447e+02 9.572552666337990104e+02 1.731999999999999886e+02
1.250000000000000000e+02 7.000000000000000666e-02 3.249506667323959208e-03 1.190117713402178055e+02 2.292826885262254109e+03 1.731999999999999886e+02
1.250000000000000000e+02 7.000000000000000666e-02 9.873295105477105163e-03 1.099931571352919377e+02 2.150595116903552025e+03 1.731999999999999886e+02
1.250000000000000000e+02 7.000000000000000666e-02 1.964668815649661671e-03 1.723791470242410924e+02 3.594860073490674949e+03 1.731999999999999886e+02
1.250000000000000000e+02 7.000000000000000666e-02 2.926578939257844670e-03 1.811174307286200929e+02 2.829425239981020241e+03 1.731999999999999886e+02
1.250000000000000000e+02 7.000000000000000666e-02 4.481695038265042993e-03 1.579038142246425878e+02 1.172684844488932868e+03 1.731999999999999886e+02
1.250000000000000000e+02 7.000000000000000666e-02 2.470007172019989591e-03 1.942856827091950151e+02 3.862555387385972153e+03 1.731999999999999886e+02
1.250000000000000000e+02 7.000000000000000666e-02 5.866198835851222856e-03 1.576558642614309633e+02 9.166590107908394884e+02 1.731999999999999886e+02
1.250000000000000000e+02 7.000000000000000666e-02 2.305496551402763054e-03 1.624097330696066024e+02 2.409047446222906274e+03 1.731999999999999886e+02
1.250000000000000000e+02 7.000000000000000666e-02 5.263477301859312632e-03 1.752681152168057679e+02 1.415475120630376068e+03 1.731999999999999886e+02
1.250000000000000000e+02 7.000000000000000666e-02 3.860327630869780230e-03 1.133600900099798281e+02 3.555946134297317712e+03 1.731999999999999886e+02
1.250000000000000000e+02 7.000000000000000666e-02 3.726524960695281295e-03 1.947304831284944839e+02 2.666436157367653323e+03 1.731999999999999886e+02
1.250000000000000000e+02 7.000000000000000666e-02 6.856701891449454821e-03 1.124021663344958881e+02 2.346877168807242924e+03 1.731999999999999886e+02
1.250000000000000000e+02 7.000000000000000666e-02 1.704059643528712479e-03 1.346837500413095654e+02 2.169727276298234756e+03 1.731999999999999886e+02
1.250000000000000000e+02 7.000000000000000666e-02 1.553549583758172216e-03 1.369431595344838115e+02 2.440286845622187684e+03 1.731999999999999886e+02
1.250000000000000000e+02 7.000000000000000666e-02 6.837966590949810797e-03 1.489404077908892248e+02 6.305088408848389463e+02 1.731999999999999886e+02
1.250000000000000000e+02 7.000000000000000666e-02 1.919474593904140500e-03 1.639068765384791959e+02 3.094969347552555519e+03 1.731999999999999886e+02
1.250000000000000000e+02 7.000000000000000666e-02 9.558460769046933300e-03 1.909481566824219385e+02 1.001798710514050640e+03 1.731999999999999886e+02
1.250000000000000000e+02 7.000000000000000666e-02 1.818960794600480140e-03 1.451987172305371416e+02 2.236388605986127914e+03 1.731999999999999886e+02
1.250000000000000000e+02 7.000000000000000666e-02 6.386310597836244128e-03 1.921203290234333849e+02 1.511860264159034159e+03 1.731999999999999886e+02
1.250000000000000000e+02 7.000000000000000666e-02 5.641885027729706681e-03 1.964117000071122447e+02 1.869842673849856965e+03 1.731999999999999886e+02
1.250000000000000000e+02 7.000000000000000666e-02 5.945851132295875037e-03 1.482631170260699491e+02 7.579302512193106622e+02 1.731999999999999886e+02
1.250000000000000000e+02 7.000000000000000666e-02 4.546151857293585959e-03 1.722984131774003913e+02 1.480623860201940033e+03 1.731999999999999886e+02
1.250000000000000000e+02 7.000000000000000666e-02 6.446065305276376181e-03 1.574861712278662935e+02 8.033066578459013272e+02 1.731999999999999886e+02
1.250000000000000000e+02 7.000000000000000666e-02 3.090553238383534924e-03 1.903916128623734494e+02 3.051995267857225826e+03 1.731999999999999886e+02
1.250000000000000000e+02 7.000000000000000666e-02 9.365633766382322131e-03 1.617971661738024522e+02 6.099484321456220641e+02 1.731999999999999886e+02
1.250000000000000000e+02 7.000000000000000666e-02 6.595277412343541340e-03 1.918628005049565672e+02 1.417033614679902939e+03 1.731999999999999886e+02
1.250000000000000000e+02 7.000000000000000666e-02 7.657195972823128798e-03 1.348262546926217738e+02 4.525260187783395622e+02 1.731999999999999886e+02
1.250000000000000000e+02 7.000000000000000666e-02 4.224664471756530912e-03 1.976479655745390573e+02 2.506835658008555129e+03 1.731999999999999886e+02
1.250000000000000000e+02 7.000000000000000666e-02 5.426868414899400049e-03 1.690515061462543258e+02 1.184324476810236774e+03 1.731999999999999886e+02
1.250000000000000000e+02 7.000000000000000666e-02 1.825134084638262285e-03 1.491702877218911851e+02 2.564212952586603933e+03 1.731999999999999886e+02
1.250000000000000000e+02 7.000000000000000666e-02 6.707689310712873151e-03 1.204303003138322481e+02 9.365313379213953340e+02 1.731999999999999886e+02
1.250000000000000000e+02 7.000000000000000666e-02 1.829661575737219839e-03 1.709359402366436882e+02 3.571192257701794915e+03 1.731999999999999886e+02
1.250000000000000000e+02 7.000000000000000666e-02 2.722026881777503231e-03 1.577953216382345261e+02 2.013218840518042953e+03 1.731999999999999886e+02
1.250000000000000000e+02 7.000000000000000666e-02 9.064319426297441293e-03 1.341092199566173804e+02 3.761795563716954121e+02 1.731999999999999886e+02
1.250000000000000000e+02 7.000000000000000666e-02 3.167260508281250723e-03 1.660722781851769696e+02 2.013653862388038988e+03 1.731999999999999886e+02
1.250000000000000000e+02 7.000000000000000666e-02 2.321439660187488239e-03 1.566114425992669794e+02 2.208868072024158209e+03 1.731999999999999886e+02
1.250000000000000000e+02 7.000000000000000666e-02 5.535316360140205179e-03 1.142549516708338899e+02 2.416868979681688870e+03 1.731999999999999886e+02
1.250000000000000000e+02 7.000000000000000666e-02 8.757755149075322279e-03 1.768203734622883303e+02 8.440705034101556521e+02 1.731999999999999886e+02
1.250000000000000000e+02 7.000000000000000666e-02 4.492962613873084828e-03 1.143101361898117716e+02 2.909477267037344973e+03 1.731999999999999886e+02
1.250000000000000000e+02 7.000000000000000666e-02 5.867831626177457544e-03 1.751189999367475707e+02 1.241223588693286729e+03 1.731999999999999886e+02
1.250000000000000000e+02 7.000000000000000666e-02 4.353007889547341053e-03 1.885321125396355910e+02 2.043261338728475266e+03 1.731999999999999886e+02
1.250000000000000000e+02 7.000000000000000666e-02 6.205983722050842713e-03 1.751162272969001776e+02 1.144019771610579028e+03 1.731999999999999886e+02
1.250000000000000000e+02 7.000000000000000666e-02 7.484438794901075893e-03 1.216171215352447774e+02 7.396281590281374747e+02 1.731999999999999886e+02
1.250000000000000000e+02 7.000000000000000666e-02 1.825612700311685490e-03 1.711153492965297573e+02 3.605356641424711597e+03 1.731999999999999886e+02
1.250000000000000000e+02 7.000000000000000666e-02 3.849590874773763799e-03 1.338026965669682795e+02 9.288492986783336391e+02 1.731999999999999886e+02
1.250000000000000000e+02 7.000000000000000666e-02 3.064405358920360527e-03 1.318123951039828796e+02 1.112570256944075709e+03 1.731999999999999886e+02
1.250000000000000000e+02 7.000000000000000666e-02 1.273566656649179540e-03 1.390922504009899114e+02 2.991308858150139713e+03 1.731999999999999886e+02
1.250000000000000000e+02 7.000000000000000666e-02 6.557156396663139583e-03 1.617513510861164718e+02 8.944346455246559344e+02 1.731999999999999886e+02
1.250000000000000000e+02 7.000000000000000666e-02 3.982441112746144644e-03 1.242828514129885207e+02 1.097245794090952131e+03 1.731999999999999886e+02
1.250000000000000000e+02 7.000000000000000666e-02 7.049562540138673908e-03 1.852481787439189134e+02 1.245654631728179993e+03 1.731999999999999886e+02
1.250000000000000000e+02 7.000000000000000666e-02 3.741225162909385567e-03 1.875732579053894824e+02 2.367290984483673583e+03 1.731999999999999886e+02
1.250000000000000000e+02 7.000000000000000666e-02 3.367367179043097205e-03 1.968255954414154303e+02 2.946792576054788697e+03 1.731999999999999886e+02
1.250000000000000000e+02 7.000000000000000666e-02 2.554212771392251873e-03 1.456134788762674930e+02 1.623786275703466572e+03 1.731999999999999886e+02
1.250000000000000000e+02 7.000000000000000666e-02 4.694997177554527737e-03 1.212080911083637034e+02 1.251752796676432581e+03 1.731999999999999886e+02
1.250000000000000000e+02 7.000000000000000666e-02 3.564363046784041998e-03 1.942727743619856824e+02 2.692798913968767010e+03 1.731999999999999886e+02
1.250000000000000000e+02 7.000000000000000666e-02 9.272665368604673941e-03 1.889099331248658018e+02 9.789160375343643636e+02 1.731999999999999886e+02
1.250000000000000000e+02 7.000000000000000666e-02 5.756197704120700337e-03 1.120996346310231786e+02 2.750422899164629143e+03 1.731999999999999886e+02
1.250000000000000000e+02 7.000000000000000666e-02 9.934344870188054760e-03 1.064512001097809133e+02 3.201953382892999343e+03 1.731999999999999886e+02
1.250000000000000000e+02 7.000000000000000666e-02 8.881014795395889352e-03 1.710262498665418320e+02 7.772764133951195618e+02 1.731999999999999886e+02
1.250000000000000000e+02 7.000000000000000666e-02 4.458240475257209921e-03 1.816813198254280053e+02 1.865248335492481601e+03 1.731999999999999886e+02
1.250000000000000000e+02 7.000000000000000666e-02 4.889603993843726244e-03 1.985125120785342290e+02 2.077025477220929588e+03 1.731999999999999886e+02
1.250000000000000000e+02 7.000000000000000666e-02 1.416290339400699122e-03 1.551161801881491726e+02 3.485649245475685348e+03 1.731999999999999886e+02
1.250000000000000000e+02 7.000000000000000666e-02 9.345060666476593184e-03 1.804498008369086790e+02 8.643303661597911969e+02 1.731999999999999886e+02
1.250000000000000000e+02 7.000000000000000666e-02 2.466747055801027030e-03 1.666673166229079754e+02 2.487701726471472739e+03 1.731999999999999886e+02
1.250000000000000000e+02 7.000000000000000666e-02 5.126569743784227008e-03 1.581346679861081554e+02 1.027496217483967939e+03 1.731999999999999886e+02
1.250000000000000000e+02 7.000000000000000666e-02 4.550125034080496587e-03 1.852237936005633969e+02 1.838047039233085570e+03 1.731999999999999886e+02
1.250000000000000000e+02 7.000000000000000666e-02 3.196183365097160847e-03 1.453666159377810914e+02 1.289067944903249099e+03 1.731999999999999886e+02
1.250000000000000000e+02 7.000000000000000666e-02 1.231411558456917826e-03 1.236037342132385106e+02 3.885249000777324000e+03 1.731999999999999886e+02
1.250000000000000000e+02 7.000000000000000666e-02 3.249778784568008692e-03 1.227563824531039529e+02 1.532991888508543070e+03 1.731999999999999886e+02
1.250000000000000000e+02 7.000000000000000666e-02 2.387805368228830896e-03 1.632467923059367365e+02 2.393690070754084900e+03 1.731999999999999886e+02
1.250000000000000000e+02 7.000000000000000666e-02 2.422439750684336496e-03 1.473331228806104320e+02 1.813271582864950460e+03 1.731999999999999886e+02
1.250000000000000000e+02 7.000000000000000666e-02 8.831636225160536396e-03 1.903208097564196919e+02 1.068735252744098261e+03 1.731999999999999886e+02
1.250000000000000000e+02 7.000000000000000666e-02 2.931286251843079772e-03 1.440096497704606122e+02 1.439990228075055256e+03 1.731999999999999886e+02
1.250000000000000000e+02 7.000000000000000666e-02 1.619720166615162913e-03 1.293339729430907994e+02 2.073179801438678169e+03 1.731999999999999886e+02
1.250000000000000000e+02 7.000000000000000666e-02 4.070016490584756064e-03 1.183023437645401543e+02 1.973167132899818398e+03 1.731999999999999886e+02
1.250000000000000000e+02 7.000000000000000666e-02 4.367163104735336150e-03 1.615978236692399435e+02 1.244147590851981477e+03 1.731999999999999886e+02
1.250000000000000000e+02 7.000000000000000666e-02 3.866311383712235476e-03 1.970704482971440825e+02 2.665639117755685675e+03 1.731999999999999886e+02
1.250000000000000000e+02 7.000000000000000666e-02 1.349711258725405216e-03 1.250327892578091138e+02 2.946834592646383499e+03 1.731999999999999886e+02
1.250000000000000000e+02 7.000000000000000666e-02 9.294067894758839543e-03 1.989394370400247851e+02 1.178926521355804880e+03 1.731999999999999886e+02
1.250000000000000000e+02 7.000000000000000666e-02 5.174497295189328834e-03 1.190950214822773603e+02 1.496135983746573402e+03 1.731999999999999886e+02
1.250000000000000000e+02 7.000000000000000666e-02 4.740086030402290186e-03 1.117516433388868791e+02 3.782511222756961160e+03 1.731999999999999886e+02
1.250000000000000000e+02 7.000000000000000666e-02 9.577964371635732180e-03 1.944523198753968245e+02 1.016069053798129403e+03 1.731999999999999886e+02
1.250000000000000000e+02 7.000000000000000666e-02 9.117919913854442143e-03 1.742000991665236711e+02 7.796115649456769461e+02 1.731999999999999886e+02
1.250000000000000000e+02 7.000000000000000666e-02 7.339729040183469964e-03 1.927918954466221919e+02 1.351234807851881214e+03 1.731999999999999886e+02
1.250000000000000000e+02 7.000000000000000666e-02 2.614218253388914202e-03 1.824502961212214700e+02 3.085059429130104945e+03 1.731999999999999886e+02
1.250000000000000000e+02 7.000000000000000666e-02 8.209620571898945673e-03 1.877646765107093643e+02 1.036611642718621624e+03 1.731999999999999886e+02
1.250000000000000000e+02 7.000000000000000666e-02 4.583538517370176063e-03 1.751215184512540475e+02 1.506107513843287506e+03 1.731999999999999886e+02
1.250000000000000000e+02 7.000000000000000666e-02 5.135430912798598715e-03 1.983667426899746431e+02 2.037297758499353677e+03 1.731999999999999886e+02
1.250000000000000000e+02 7.000000000000000666e-02 1.969672423016960439e-03 1.527071107667855472e+02 2.369509228672797690e+03 1.731999999999999886e+02
1.250000000000000000e+02 7.000000000000000666e-02 2.403881893409703496e-03 1.182148989127497600e+02 3.438020821627612349e+03 1.731999999999999886e+02
1.250000000000000000e+02 7.000000000000000666e-02 2.294340048384083813e-03 1.175327479153917380e+02 3.761837885524874309e+03 1.731999999999999886e+02
1.250000000000000000e+02 7.000000000000000666e-02 3.048181824098577641e-03 1.668863474555205073e+02 1.991607878139640661e+03 1.731999999999999886e+02
1.250000000000000000e+02 7.000000000000000666e-02 4.962374323407133837e-03 1.905301571497433883e+02 1.884504767932143750e+03 1.731999999999999886e+02
1.250000000000000000e+02 7.000000000000000666e-02 3.741082121979613217e-03 1.783628426569113117e+02 2.071350769036274869e+03 1.731999999999999886e+02
1.250000000000000000e+02 7.000000000000000666e-02 1.731715412261054928e-03 1.285304436311859604e+02 1.989567944137621453e+03 1.731999999999999886e+02
1.250000000000000000e+02 7.000000000000000666e-02 3.119605313343515318e-03 1.294960402159410080e+02 1.102618072858339474e+03 1.731999999999999886e+02
1.250000000000000000e+02 7.000000000000000666e-02 9.837790404341656414e-03 1.170645559246789844e+02 9.274666981618105410e+02 1.731999999999999886e+02
1.250000000000000000e+02 7.000000000000000666e-02 2.620435520928046744e-03 1.715174161869379930e+02 2.554474460600004932e+03 1.731999999999999886e+02
1.250000000000000000e+02 7.000000000000000666e-02 2.325691185687651843e-03 1.863263832319847211e+02 3.575255734919546285e+03 1.731999999999999886e+02
1.250000000000000000e+02 7.000000000000000666e-02 9.163317427379621093e-04 1.287357233524079163e+02 3.884246905146218069e+03 1.731999999999999886e+02
1.250000000000000000e+02 7.000000000000000666e-02 7.595305049945848784e-03 1.446755601964926541e+02 5.499015317807422889e+02 1.731999999999999886e+02
1.250000000000000000e+02 7.000000000000000666e-02 2.860113151885384977e-03 1.368538540286164107e+02 1.261476707531181773e+03 1.731999999999999886e+02
1.250000000000000000e+02 7.000000000000000666e-02 5.898243443628066636e-03 1.726273089080646059e+02 1.145062480018921406e+03 1.731999999999999886e+02
1.250000000000000000e+02 7.000000000000000666e-02 2.327118438219430777e-03 1.241424791300461834e+02 1.905503641230345693e+03 1.731999999999999886e+02
1.250000000000000000e+02 7.000000000000000666e-02 2.648769784480360483e-03 1.834261421233815668e+02 3.194326038955683998e+03 1.731999999999999886e+02
1.250000000000000000e+02 7.000000000000000666e-02 1.653537243283179905e-03 1.333684464771108367e+02 2.071412091945046541e+03 1.731999999999999886e+02
1.250000000000000000e+02 7.000000000000000666e-02 6.238392446201536379e-03 1.102767449401632263e+02 3.255388055189310762e+03 1.731999999999999886e+02
1.250000000000000000e+02 7.000000000000000666e-02 4.875357891719466798e-03 1.694494377351023786e+02 1.343526918499658223e+03 1.731999999999999886e+02
1.250000000000000000e+02 7.000000000000000666e-02 7.666477373094115165e-03 1.135765657040302727e+02 1.862232424787006948e+03 1.731999999999999886e+02
1.250000000000000000e+02 7.000000000000000666e-02 3.679845350089954586e-03 1.450170574944441455e+02 1.141318495353400067e+03 1.731999999999999886e+02
1.250000000000000000e+02 7.000000000000000666e-02 1.924660856836095260e-03 1.475343827373094996e+02 2.272239923036564505e+03 1.731999999999999886e+02
1.250000000000000000e+02 7.000000000000000666e-02 7.704191331167777219e-03 1.999952288392461242e+02 1.434109631393831705e+03 1.731999999999999886e+02
1.250000000000000000e+02 7.000000000000000666e-02 2.484884815627952034e-03 1.856819487198052911e+02 3.549309372951182013e+03 1.731999999999999886e+02
1.250000000000000000e+02 7.000000000000000666e-02 2.044643619688184515e-03 1.795906570714631698e+02 3.791007283856053618e+03 1.731999999999999886e+02
1.250000000000000000e+02 7.000000000000000666e-02 7.905530241828478272e-03 1.111324287795411720e+02 2.351925931074456457e+03 1.731999999999999886e+02
1.250000000000000000e+02 7.000000000000000666e-02 2.429169071912433593e-03 1.920430186162390669e+02 3.756276369016622994e+03 1.731999999999999886e+02
1.250000000000000000e+02 7.000000000000000666e-02 5.357079363578673079e-03 1.203713986281872650e+02 1.269312525955359888e+03 1.731999999999999886e+02
1.250000000000000000e+02 7.000000000000000666e-02 6.176622559205556529e-03 1.151059009294227167e+02 1.860185025325584775e+03 1.731999999999999886e+02
1.250000000000000000e+02 7.000000000000000666e-02 3.996523595380389177e-03 1.282998728895168483e+02 8.812508757254704506e+02 1.731999999999999886e+02
1.250000000000000000e+02 7.000000000000000666e-02 5.897966216029684738e-03 1.350957641389842365e+02 6.079291071900109955e+02 1.731999999999999886e+02
1.250000000000000000e+02 7.000000000000000666e-02 7.564216565956276978e-03 1.153552896001266106e+02 1.545112354469922820e+03 1.731999999999999886e+02
1.250000000000000000e+02 7.000000000000000666e-02 4.067309269037569855e-03 1.950247594784678995e+02 2.380061807334965579e+03 1.731999999999999886e+02
1.250000000000000000e+02 7.000000000000000666e-02 1.053546363334012873e-03 1.352573895064133751e+02 3.550780421383846715e+03 1.731999999999999886e+02
1.250000000000000000e+02 7.000000000000000666e-02 2.240925120336771312e-03 1.540420892401428148e+02 2.270022518861034769e+03 1.731999999999999886e+02
1.250000000000000000e+02 7.000000000000000666e-02 2.968139455880644713e-03 1.933985240643662564e+02 3.242021010654144902e+03 1.731999999999999886e+02
1.250000000000000000e+02 7.000000000000000666e-02 2.870524771028237949e-03 1.962807179374020450e+02 3.480159466613937639e+03 1.731999999999999886e+02
1.250000000000000000e+02 7.000000000000000666e-02 4.723945080559144652e-03 1.132753910797231214e+02 3.175551105833060774e+03 1.731999999999999886e+02
1.250000000000000000e+02 7.000000000000000666e-02 3.911944219553075905e-03 1.623359850721036821e+02 1.512007101307388893e+03 1.731999999999999886e+02
1.250000000000000000e+02 7.000000000000000666e-02 8.308617961350340392e-03 1.329723196687969846e+02 4.058282868641196615e+02 1.731999999999999886e+02
1.250000000000000000e+02 7.000000000000000666e-02 4.364608365869704180e-03 1.874579983853914769e+02 1.942884366904955641e+03 1.731999999999999886e+02
1.250000000000000000e+02 7.000000000000000666e-02 8.594018632134959104e-03 1.785219224154027984e+02 9.023113630697831695e+02 1.731999999999999886e+02
1.250000000000000000e+02 7.000000000000000666e-02 5.616114198550821793e-03 1.307061829465941400e+02 6.398718516996697190e+02 1.731999999999999886e+02
1.250000000000000000e+02 7.000000000000000666e-02 1.374190888873893937e-03 1.481696553295589922e+02 3.231450579760540222e+03 1.731999999999999886e+02
1.250000000000000000e+02 7.000000000000000666e-02 9.555895180811135176e-03 1.087639689403486045e+02 2.445397440393569013e+03 1.731999999999999886e+02
1.250000000000000000e+02 7.000000000000000666e-02 3.790872046488734555e-03 1.447350142663026986e+02 1.108970372982727667e+03 1.731999999999999886e+02
1.250000000000000000e+02 7.000000000000000666e-02 3.433922269998376364e-03 1.361516633189810932e+02 1.057463919096881000e+03 1.731999999999999886e+02
1.250000000000000000e+02 7.000000000000000666e-02 8.012824134439950480e-03 1.253574917244303180e+02 4.693698210254036098e+02 1.731999999999999886e+02
1.250000000000000000e+02 7.000000000000000666e-02 3.190674974595937487e-03 1.656925697850075494e+02 1.943203357426557204e+03 1.731999999999999886e+02
1.250000000000000000e+02 7.000000000000000666e-02 5.490120544557815750e-03 1.775706704152300972e+02 1.335067269597185486e+03 1.731999999999999886e+02
1.250000000000000000e+02 7.000000000000000666e-02 9.165472276418999698e-03 1.677454194446940221e+02 6.747937020245635722e+02 1.731999999999999886e+02
1.250000000000000000e+02 7.000000000000000666e-02 5.701531418255611702e-03 1.103974592612448902e+02 3.586353442810810066e+03 1.731999999999999886e+02
1.250000000000000000e+02 7.000000000000000666e-02 2.227210625386830296e-03 1.435507789961821459e+02 1.776144969302140680e+03 1.731999999999999886e+02
1.250000000000000000e+02 7.000000000000000666e-02 6.431540974786533089e-03 1.854544636101297215e+02 1.330457376029789884e+03 1.731999999999999886e+02
1.250000000000000000e+02 7.000000000000000666e-02 9.309796106878839503e-03 1.665104264933370359e+02 6.849268856588323615e+02 1.731999999999999886e+02
1.250000000000000000e+02 7.000000000000000666e-02 2.953673680306024597e-03 1.997579161880072718e+02 3.609886337816990817e+03 1.731999999999999886e+02
1.250000000000000000e+02 7.000000000000000666e-02 2.813641386627953583e-03 1.665239877595577696e+02 2.180752226486914878e+03 1.731999999999999886e+02
1.250000000000000000e+02 7.000000000000000666e-02 5.484753900248514821e-03 1.969771961151054143e+02 1.908768854635790831e+03 1.731999999999999886e+02
1.250000000000000000e+02 7.000000000000000666e-02 3.265598729644579330e-03 1.427528380039395870e+02 1.205063964361885382e+03 1.731999999999999886e+02
1.250000000000000000e+02 7.000000000000000666e-02 9.778980897289414262e-03 1.113349187096117561e+02 1.791519933625746944e+03 1.731999999999999886e+02
1.250000000000000000e+02 7.000000000000000666e-02 2.584403251790869712e-03 1.229572731590378964e+02 1.897104304789850858e+03 1.731999999999999886e+02
1.250000000000000000e+02 7.000000000000000666e-02 7.434294087071355479e-03 1.235866917371485130e+02 5.909319880184526710e+02 1.731999999999999886e+02
1.250000000000000000e+02 7.000000000000000666e-02 1.770889537380531233e-03 1.334595935644488520e+02 1.968874374542795522e+03 1.731999999999999886e+02
1.250000000000000000e+02 7.000000000000000666e-02 4.088051117476591487e-03 1.525748409943655872e+02 1.129645240905946366e+03 1.731999999999999886e+02
1.250000000000000000e+02 7.000000000000000666e-02 4.305533046987221682e-03 1.805083725707186204e+02 1.754549109034331195e+03 1.731999999999999886e+02
1.250000000000000000e+02 7.000000000000000666e-02 2.239431624967150574e-03 1.189057486057178892e+02 3.477707759130308659e+03 1.731999999999999886e+02
1.250000000000000000e+02 7.000000000000000666e-02 3.859210692196753112e-03 1.602247992444065972e+02 1.392362925457840447e+03 1.731999999999999886e+02
1.250000000000000000e+02 7.000000000000000666e-02 3.002194358211064239e-03 1.814414404751341294e+02 2.566527472355138343e+03 1.731999999999999886e+02
1.250000000000000000e+02 7.000000000000000666e-02 8.169222142200317782e-03 1.140893858667333802e+02 1.610247104294713154e+03 1.731999999999999886e+02
1.250000000000000000e+02 7.000000000000000666e-02 2.228369054479358100e-03 1.518743952929737588e+02 2.151684545982012878e+03 1.731999999999999886e+02
1.250000000000000000e+02 7.000000000000000666e-02 7.406089272081151260e-03 1.877045396356274978e+02 1.195073268385687243e+03 1.731999999999999886e+02
1.250000000000000000e+02 7.000000000000000666e-02 2.720939732685709322e-03 1.552118029072229604e+02 1.832871536296648401e+03 1.731999999999999886e+02
1.250000000000000000e+02 7.000000000000000666e-02 3.239194638610986068e-03 1.158421178311934767e+02 3.335318231529079640e+03 1.731999999999999886e+02
1.250000000000000000e+02 7.000000000000000666e-02 2.711510088760130197e-03 1.785510380861256294e+02 2.874061960061384070e+03 1.731999999999999886e+02
1.250000000000000000e+02 7.000000000000000666e-02 5.388116088762987498e-03 1.686522636509517952e+02 1.170920547883932613e+03 1.731999999999999886e+02
1.250000000000000000e+02 7.000000000000000666e-02 9.749893858453763731e-03 1.051902822027514048e+02 3.810492200325929389e+03 1.731999999999999886e+02
1.250000000000000000e+02 7.000000000000000666e-02 1.511797658133142873e-03 1.511145621267249339e+02 3.214885125702472124e+03 1.731999999999999886e+02
1.250000000000000000e+02 7.000000000000000666e-02 2.693116431345616516e-03 1.671091779742401400e+02 2.348556444733656008e+03 1.731999999999999886e+02
1.250000000000000000e+02 7.000000000000000666e-02 4.912034060671668229e-03 1.466538365990870716e+02 8.882173132187292595e+02 1.731999999999999886e+02
1.250000000000000000e+02 7.000000000000000666e-02 7.287581151882428082e-03 1.075171868890756457e+02 3.905043432393596959e+03 1.731999999999999886e+02
1.250000000000000000e+02 7.000000000000000666e-02 1.141042742332291655e-03 1.469854586801620826e+02 3.724835184448549626e+03 1.731999999999999886e+02
1.250000000000000000e+02 7.000000000000000666e-02 9.011895784421910041e-03 1.285466852222042746e+02 3.963394381268665825e+02 1.731999999999999886e+02
1.250000000000000000e+02 7.000000000000000666e-02 4.624553077166747815e-03 1.267402853163280838e+02 8.008696720103589541e+02 1.731999999999999886e+02
1.250000000000000000e+02 7.000000000000000666e-02 9.435164440651639534e-03 1.200422486005740552e+02 7.029758840981430694e+02 1.731999999999999886e+02
1.250000000000000000e+02 7.000000000000000666e-02 2.888143132356980544e-03 1.991041744554887316e+02 3.742328803396477724e+03 1.731999999999999886e+02
1.250000000000000000e+02 7.000000000000000666e-02 7.473413267732211332e-03 1.923922850712967261e+02 1.317144121514136032e+03 1.731999999999999886e+02
1.250000000000000000e+02 7.000000000000000666e-02 7.923662038172482255e-03 1.320451056134772330e+02 4.283431324499065340e+02 1.731999999999999886e+02
1.250000000000000000e+02 7.000000000000000666e-02 4.207276445555828588e-03 1.175665595801648493e+02 2.190890070952862516e+03 1.731999999999999886e+02
1.250000000000000000e+02 7.000000000000000666e-02 4.092353277189719925e-03 1.799969487620695929e+02 1.926420089642496350e+03 1.731999999999999886e+02
1.250000000000000000e+02 7.000000000000000666e-02 2.482437841883451939e-03 1.673245856118205381e+02 2.500339795353809222e+03 1.731999999999999886e+02
1.250000000000000000e+02 7.000000000000000666e-02 1.629325164894996356e-03 1.448047069934629576e+02 2.478993275153918603e+03 1.731999999999999886e+02
1.250000000000000000e+02 7.000000000000000666e-02 6.376286946261646403e-03 1.635346938993100991e+02 9.177020765480588125e+02 1.731999999999999886e+02
1.250000000000000000e+02 7.000000000000000666e-02 5.088783371624271655e-03 1.753765792802442434e+02 1.404509239401704690e+03 1.731999999999999886e+02
1.250000000000000000e+02 7.000000000000000666e-02 9.383335501184345354e-03 1.105991503020241282e+02 2.007546625114300014e+03 1.731999999999999886e+02
1.250000000000000000e+02 7.000000000000000666e-02 4.207346986614057642e-03 1.118718510785924138e+02 3.938100124783038154e+03 1.731999999999999886e+02
1.250000000000000000e+02 7.000000000000000666e-02 4.728330344573226929e-03 1.775073887550746576e+02 1.616962888937820708e+03 1.731999999999999886e+02
1.250000000000000000e+02 7.000000000000000666e-02 2.997354177808378949e-03 1.690696762269605244e+02 2.109882315057860524e+03 1.731999999999999886e+02
1.250000000000000000e+02 7.000000000000000666e-02 5.942082411354248847e-03 1.422134356260085610e+02 6.574100001738841001e+02 1.731999999999999886e+02
1.250000000000000000e+02 7.000000000000000666e-02 1.340067793112316615e-03 1.254371964240326065e+02 2.868547626990411572e+03 1.731999999999999886e+02
1.250000000000000000e+02 7.000000000000000666e-02 1.909538199005162296e-03 1.197446727413536962e+02 3.844931122435890302e+03 1.731999999999999886e+02
1.250000000000000000e+02 7.000000000000000666e-02 7.336761543810766187e-03 1.966924740827220717e+02 1.439845818951109095e+03 1.731999999999999886e+02
1.250000000000000000e+02 7.000000000000000666e-02 8.200458076268310123e-03 1.176484887802260459e+02 1.073459819381714624e+03 1.731999999999999886e+02
1.250000000000000000e+02 7.000000000000000666e-02 9.873002063821622112e-03 1.408081439185924637e+02 4.070067308023830037e+02 1.731999999999999886e+02
1.250000000000000000e+02 7.000000000000000666e-02 8.049437922947389953e-03 1.290677242600534100e+02 4.143882849138042843e+02 1.731999999999999886e+02
1.250000000000000000e+02 7.000000000000000666e-02 3.980020224378657059e-03 1.160358350141135304e+02 2.561530288381677110e+03 1.731999999999999886e+02
1.250000000000000000e+02 7.000000000000000666e-02 7.156096007175283616e-03 1.106001426299976913e+02 2.804367897365589670e+03 1.731999999999999886e+02
1.250000000000000000e+02 7.000000000000000666e-02 5.764052246703313571e-03 1.715586608903259389e+02 1.176246059830847344e+03 1.731999999999999886e+02
1.250000000000000000e+02 7.000000000000000666e-02 5.645856948015907407e-03 1.924802940148604478e+02 1.681733145329918671e+03 1.731999999999999886e+02
1.250000000000000000e+02 7.000000000000000666e-02 1.132500088400741631e-03 1.443128473518062549e+02 3.770187307208128004e+03 1.731999999999999886e+02
1.250000000000000000e+02 7.000000000000000666e-02 1.412999500756138664e-03 1.415667675607346894e+02 2.916952633241885906e+03 1.731999999999999886e+02
1.250000000000000000e+02 7.000000000000000666e-02 7.442360300796940602e-03 1.369489824067226493e+02 4.771117833858564836e+02 1.731999999999999886e+02
1.250000000000000000e+02 7.000000000000000666e-02 2.737863845903151447e-03 1.521471827112629853e+02 1.680793448461181924e+03 1.731999999999999886e+02
1.250000000000000000e+02 7.000000000000000666e-02 4.304149521515411754e-03 1.224694054126323977e+02 1.173111859173826815e+03 1.731999999999999886e+02
1.250000000000000000e+02 7.000000000000000666e-02 7.215407811944151741e-03 1.599583891675813447e+02 7.394955664107394568e+02 1.731999999999999886e+02
1.250000000000000000e+02 7.000000000000000666e-02 9.051644984728447405e-03 1.090958003793905107e+02 2.670276624634657310e+03 1.731999999999999886e+02
1.250000000000000000e+02 7.000000000000000666e-02 4.597889919445736530e-03 1.976232640602743231e+02 2.267973807806104560e+03 1.731999999999999886e+02
1.250000000000000000e+02 7.000000000000000666e-02 3.836445580424232074e-03 1.994374644128214413e+02 2.863500038970224068e+03 1.731999999999999886e+02
1.250000000000000000e+02 7.000000000000000666e-02 2.549909960584631312e-03 1.422480577982113346e+02 1.597185154712155509e+03 1.731999999999999886e+02
1.250000000000000000e+02 7.000000000000000666e-02 1.730648968963616804e-03 1.333606383955996648e+02 1.988308030475475789e+03 1.731999999999999886e+02
1.250000000000000000e+02 7.000000000000000666e-02 1.418996420088498769e-03 1.618631745703713136e+02 3.881928657132021726e+03 1.731999999999999886e+02
1.250000000000000000e+02 7.000000000000000666e-02 8.297257047532598240e-03 1.109978431819526890e+02 2.278728333006809862e+03 1.731999999999999886e+02
1.250000000000000000e+02 7.000000000000000666e-02 8.962683617114646645e-03 1.978723345825844717e+02 1.154688796349928907e+03 1.731999999999999886e+02
1.250000000000000000e+02 7.000000000000000666e-02 4.305999641691030631e-03 1.785662657293095208e+02 1.707849216960099966e+03 1.731999999999999886e+02
1.250000000000000000e+02 7.000000000000000666e-02 2.186694951362558922e-03 1.198160932570096548e+02 3.213992781318271227e+03 1.731999999999999886e+02
1.250000000000000000e+02 7.000000000000000666e-02 5.478084563800154384e-03 1.107821809067967678e+02 3.650646830494645656e+03 1.731999999999999886e+02
1.250000000000000000e+02 7.000000000000000666e-02 8.240172727668595987e-03 1.766802172249402645e+02 8.873957285060347431e+02 1.731999999999999886e+02
1.250000000000000000e+02 7.000000000000000666e-02 2.681051818927870228e-03 1.857059396533227016e+02 3.190078583544889170e+03 1.731999999999999886e+02
1.250000000000000000e+02 7.000000000000000666e-02 2.405978701421175071e-03 1.391188298792087039e+02 1.527291175894006756e+03 1.731999999999999886e+02
1.250000000000000000e+02 7.000000000000000666e-02 9.086127855441083687e-03 1.359006336696256199e+02 4.078744322251890253e+02 1.731999999999999886e+02
1.250000000000000000e+02 7.000000000000000666e-02 6.705708111844756875e-03 1.865529878074596013e+02 1.258943826155221132e+03 1.731999999999999886e+02
1.250000000000000000e+02 7.000000000000000666e-02 2.299181206289511482e-03 1.687101006087784754e+02 2.823875521204813140e+03 1.731999999999999886e+02
1.250000000000000000e+02 7.000000000000000666e-02 7.112193427015657370e-03 1.768894786303461615e+02 1.035926698459164072e+03 1.731999999999999886e+02
1.250000000000000000e+02 7.000000000000000666e-02 5.415668554691686898e-03 1.848594128656102384e+02 1.618179657305973706e+03 1.731999999999999886e+02
1.250000000000000000e+02 7.000000000000000666e-02 8.277891227212848257e-03 1.153368592627999618e+02 1.349925033726770607e+03 1.731999999999999886e+02
1.250000000000000000e+02 7.000000000000000666e-02 5.721161857100053906e-03 1.097288660910931526e+02 3.788509338336769815e+03 1.731999999999999886e+02
1.250000000000000000e+02 7.000000000000000666e-02 5.403181276428948264e-03 1.155329626105025369e+02 2.112462023218465674e+03 1.731999999999999886e+02
1.250000000000000000e+02 7.000000000000000666e-02 5.559058541864046223e-03 1.832713225305129185e+02 1.467645898026089526e+03 1.731999999999999886e+02
1.250000000000000000e+02 7.000000000000000666e-02 8.855543640141752548e-03 1.455958214392969694e+02 4.694958879489061587e+02 1.731999999999999886e+02
1.250000000000000000e+02 7.000000000000000666e-02 4.728944718888147478e-03 1.143031768509499813e+02 2.699956317215447143e+03 1.731999999999999886e+02
1.250000000000000000e+02 7.000000000000000666e-02 2.341879946013847389e-03 1.246877572750632339e+02 1.781277107696129633e+03 1.731999999999999886e+02
1.250000000000000000e+02 7.000000000000000666e-02 7.343170271306345871e-03 1.702374728398557409e+02 8.743284796409204773e+02 1.731999999999999886e+02
1.250000000000000000e+02 7.000000000000000666e-02 3.723860967972944698e-03 1.754968253554536943e+02 2.018381541721630356e+03 1.731999999999999886e+02
1.250000000000000000e+02 7.000000000000000666e-02 3.499714398558077290e-03 1.691008620076709121e+02 1.873030984690529522e+03 1.731999999999999886e+02
1.250000000000000000e+02 7.000000000000000666e-02 3.866775188314653180e-03 1.728484105003965965e+02 1.814459572466110785e+03 1.731999999999999886e+02
1.250000000000000000e+02 7.000000000000000666e-02 5.480899741033462037e-03 1.755352237834467246e+02 1.293529535779572598e+03 1.731999999999999886e+02
1.250000000000000000e+02 7.000000000000000666e-02 4.336226502605657063e-03 1.186162171070127869e+02 1.801911389525571849e+03 1.731999999999999886e+02
1.250000000000000000e+02 7.000000000000000666e-02 9.560187628823622885e-03 1.061901274738898877e+02 3.592913894284918570e+03 1.731999999999999886e+02
1.250000000000000000e+02 7.000000000000000666e-02 2.737620106619380062e-03 1.844213014427080850e+02 3.031522944800744426e+03 1.731999999999999886e+02
1.250000000000000000e+02 7.000000000000000666e-02 3.571183570191457327e-03 1.153113340406588350e+02 3.068858613908508232e+03 1.731999999999999886e+02
1.250000000000000000e+02 7.000000000000000666e-02 6.214313961588674960e-03 1.175085946628218920e+02 1.381487320233476112e+03 1.731999999999999886e+02
1.250000000000000000e+02 7.000000000000000666e-02 8.341540377671863987e-03 1.992041545646492580e+02 1.280187648318744550e+03 1.731999999999999886e+02
1.250000000000000000e+02 7.000000000000000666e-02 6.198318737349049409e-03 1.719295761275828909e+02 1.120559817488050157e+03 1.731999999999999886e+02
1.250000000000000000e+02 7.000000000000000666e-02 6.988274424340561869e-03 1.239871940799908430e+02 6.365106614329998820e+02 1.731999999999999886e+02
1.250000000000000000e+02 7.000000000000000666e-02 3.024630505230623771e-03 1.517219424934368135e+02 1.514355796165240918e+03 1.731999999999999886e+02
1.250000000000000000e+02 7.000000000000000666e-02 6.808439440956103560e-03 1.269961605776261422e+02 5.008988341148117343e+02 1.731999999999999886e+02
1.250000000000000000e+02 7.000000000000000666e-02 8.016006638099683335e-03 1.151691405452443888e+02 1.464875644962541401e+03 1.731999999999999886e+02
1.250000000000000000e+02 7.000000000000000666e-02 2.873492815906555486e-03 1.813409255638117941e+02 2.831953884251161981e+03 1.731999999999999886e+02
1.250000000000000000e+02 7.000000000000000666e-02 4.205917864862184462e-03 1.767539916753928253e+02 1.793159030016915722e+03 1.731999999999999886e+02
1.250000000000000000e+02 7.000000000000000666e-02 5.317311469889338289e-03 1.161802998750981573e+02 2.019762271137105245e+03 1.731999999999999886e+02
1.250000000000000000e+02 7.000000000000000666e-02 7.925603257566856547e-03 1.284884439387549264e+02 4.396233450431678875e+02 1.731999999999999886e+02
1.250000000000000000e+02 7.000000000000000666e-02 6.305221162536418962e-03 1.129103009356869904e+02 2.465391216371277096e+03 1.731999999999999886e+02
1.250000000000000000e+02 7.000000000000000666e-02 3.791938655620124502e-03 1.767891558685100790e+02 1.969836501435589071e+03 1.731999999999999886e+02
1.250000000000000000e+02 7.000000000000000666e-02 4.951123015887484886e-03 1.521370970197010593e+02 9.957430755919558578e+02 1.731999999999999886e+02
1.250000000000000000e+02 7.000000000000000666e-02 3.663033684900696488e-03 1.901779382173437511e+02 2.598523773493477620e+03 1.731999999999999886e+02
1.250000000000000000e+02 7.000000000000000666e-02 6.188295508935307866e-03 1.752641434200416199e+02 1.182936786123490947e+03 1.731999999999999886e+02
1.250000000000000000e+02 7.000000000000000666e-02 3.373574302874148348e-03 1.734796544896613000e+02 2.102227447612205651e+03 1.731999999999999886e+02
1.250000000000000000e+02 7.000000000000000666e-02 7.410267206771379428e-03 1.536613612980889911e+02 6.627764729105626884e+02 1.731999999999999886e+02
1.250000000000000000e+02 7.000000000000000666e-02 1.174978871142494429e-03 1.459978504108198649e+02 3.700936570469745675e+03 1.731999999999999886e+02
1.250000000000000000e+02 7.000000000000000666e-02 7.525640377665491869e-03 1.091592916713782415e+02 2.996028648661696934e+03 1.731999999999999886e+02
1.250000000000000000e+02 7.000000000000000666e-02 4.543077273742154344e-03 1.619555726906150142e+02 1.253203076556512315e+03 1.731999999999999886e+02
1.250000000000000000e+02 7.000000000000000666e-02 2.489955151245459158e-03 1.351328485829789656e+02 1.507128773765606411e+03 1.731999999999999886e+02
1.250000000000000000e+02 7.000000000000000666e-02 9.087695612832116451e-03 1.406729839085855644e+02 4.285044308594008271e+02 1.731999999999999886e+02
1.250000000000000000e+02 7.000000000000000666e-02 2.682285799302836556e-03 1.222137263761984229e+02 1.985784584404352245e+03 1.731999999999999886e+02
1.250000000000000000e+02 7.000000000000000666e-02 8.639811171040493246e-03 1.420884138313097651e+02 4.607061280163034098e+02 1.731999999999999886e+02
1.250000000000000000e+02 7.000000000000000666e-02 5.848708248303345104e-03 1.195443758171265927e+02 1.237504531961004886e+03 1.731999999999999886e+02
1.250000000000000000e+02 7.000000000000000666e-02 7.246033829593213384e-03 1.943124494069028856e+02 1.349296968705593827e+03 1.731999999999999886e+02
1.250000000000000000e+02 7.000000000000000666e-02 1.978728570065991718e-03 1.346464701975569369e+02 1.877021816461354092e+03 1.731999999999999886e+02
1.250000000000000000e+02 7.000000000000000666e-02 4.668671528270096176e-03 1.790707062821844602e+02 1.645441843738162788e+03 1.731999999999999886e+02
1.250000000000000000e+02 7.000000000000000666e-02 1.580367159701379564e-03 1.371997742760525227e+02 2.382181093086648616e+03 1.731999999999999886e+02
1.250000000000000000e+02 7.000000000000000666e-02 9.835735755341704079e-03 1.339730703131162954e+02 3.493858742477722217e+02 1.731999999999999886e+02
1.250000000000000000e+02 7.000000000000000666e-02 5.107047496164409013e-03 1.928329459925149933e+02 1.876506399184349675e+03 1.731999999999999886e+02
1.250000000000000000e+02 7.000000000000000666e-02 6.105804390199971558e-03 1.361270901482423312e+02 6.014345917762952922e+02 1.731999999999999886e+02
1.250000000000000000e+02 7.000000000000000666e-02 3.983395526528356323e-03 1.895476393980067940e+02 2.372614772482454100e+03 1.731999999999999886e+02
1.250000000000000000e+02 7.000000000000000666e-02 4.356022626621720850e-03 1.784880404518854107e+02 1.729105496190635449e+03 1.731999999999999886e+02
1.250000000000000000e+02 7.000000000000000666e-02 7.432073888988081911e-03 1.959925530513461354e+02 1.396281511961347633e+03 1.731999999999999886e+02
1.250000000000000000e+02 7.000000000000000666e-02 7.404030769728688587e-03 1.537692753837812063e+02 6.479150258157222879e+02 1.731999999999999886e+02
1.250000000000000000e+02 7.000000000000000666e-02 2.959214743912028274e-03 1.434613965262578006e+02 1.436240610824866053e+03 1.731999999999999886e+02
1.250000000000000000e+02 7.000000000000000666e-02 1.855006535006209663e-03 1.297146063477431426e+02 1.919873573753456185e+03 1.731999999999999886e+02
1.250000000000000000e+02 7.000000000000000666e-02 3.071780422606295961e-03 1.921095939094552136e+02 2.984012645066823552e+03 1.731999999999999886e+02
1.250000000000000000e+02 7.000000000000000666e-02 6.580638802114650507e-03 1.965695987630664092e+02 1.530670801319127349e+03 1.731999999999999886e+02
1.250000000000000000e+02 7.000000000000000666e-02 9.720513069397109657e-03 1.420768402367576755e+02 4.066406492650029918e+02 1.731999999999999886e+02
1.250000000000000000e+02 7.000000000000000666e-02 7.596171122289019709e-03 1.369903527584968970e+02 4.850850314293859924e+02 1.731999999999999886e+02
1.250000000000000000e+02 7.000000000000000666e-02 1.113560383922611568e-03 1.248795355786140107e+02 3.615335060429557871e+03 1.731999999999999886e+02
1.250000000000000000e+02 7.000000000000000666e-02 2.263078686220995790e-03 1.895473035909023451e+02 3.869957138517424482e+03 1.731999999999999886e+02
1.250000000000000000e+02 7.000000000000000666e-02 3.970272890844071638e-03 1.295356183577797253e+02 8.803279568657211485e+02 1.731999999999999886e+02
1.250000000000000000e+02 7.000000000000000666e-02 6.343587095406634339e-03 1.792765304261051824e+02 1.211513970955983268e+03 1.731999999999999886e+02
1.250000000000000000e+02 7.000000000000000666e-02 6.218940603572514943e-03 1.538182276634192078e+02 7.752324866257218901e+02 1.731999999999999886e+02
1.250000000000000000e+02 7.000000000000000666e-02 6.769740911896174676e-03 1.226296889060894557e+02 7.444788536812518487e+02 1.731999999999999886e+02
1.250000000000000000e+02 7.000000000000000666e-02 2.401362674590879452e-03 1.229520891311069875e+02 2.139563143698897420e+03 1.731999999999999886e+02
1.250000000000000000e+02 7.000000000000000666e-02 3.333107720042677909e-03 1.933563613429384986e+02 3.012781987588031825e+03 1.731999999999999886e+02
1.250000000000000000e+02 7.000000000000000666e-02 1.942436882973007503e-03 1.230496484083580810e+02 2.566198507982684077e+03 1.731999999999999886e+02
1.250000000000000000e+02 7.000000000000000666e-02 2.906497231100112211e-03 1.864524489441198511e+02 2.981158771880761833e+03 1.731999999999999886e+02
1.250000000000000000e+02 7.000000000000000666e-02 7.402344648381084004e-03 1.994858558789335916e+02 1.394627054557792690e+03 1.731999999999999886e+02
1.250000000000000000e+02 7.000000000000000666e-02 2.318707894878553784e-03 1.649733791928600510e+02 2.642064561602664071e+03 1.731999999999999886e+02
1.250000000000000000e+02 7.000000000000000666e-02 8.054472541237209585e-03 1.318763556104420900e+02 4.447784376013039491e+02 1.731999999999999886e+02
1.250000000000000000e+02 7.000000000000000666e-02 2.656113149858367346e-03 1.955788308135737736e+02 3.654998000122913709e+03 1.731999999999999886e+02
1.250000000000000000e+02 7.000000000000000666e-02 3.133550865749128340e-03 1.708313833907273249e+02 2.151761312669430481e+03 1.731999999999999886e+02
1.250000000000000000e+02 7.000000000000000666e-02 9.710433740250463876e-04 1.382749469658728856e+02 3.725007411652768951e+03 1.731999999999999886e+02
1.250000000000000000e+02 7.000000000000000666e-02 5.712735926517381949e-03 1.138207910381633354e+02 2.370805499656293705e+03 1.731999999999999886e+02
1.250000000000000000e+02 7.000000000000000666e-02 6.998904782068491801e-03 1.919489595697332902e+02 1.392956456063107680e+03 1.731999999999999886e+02
1.250000000000000000e+02 7.000000000000000666e-02 7.553751733340627848e-03 1.696615086293894024e+02 8.505986359334114013e+02 1.731999999999999886e+02
1.250000000000000000e+02 7.000000000000000666e-02 5.530143347939078975e-03 1.826495900546520943e+02 1.422589011649221447e+03 1.731999999999999886e+02
1.250000000000000000e+02 7.000000000000000666e-02 6.281318800320304964e-03 1.500283366166016208e+02 7.544596161947496284e+02 1.731999999999999886e+02
1.250000000000000000e+02 7.000000000000000666e-02 3.152955489657466304e-03 1.192135737302043594e+02 2.463645609762153072e+03 1.731999999999999886e+02
1.250000000000000000e+02 7.000000000000000666e-02 9.019264549927131537e-04 1.305129960824181410e+02 3.906051588838719908e+03 1.731999999999999886e+02
1.250000000000000000e+02 7.000000000000000666e-02 2.317793476630502711e-03 1.842029659370553816e+02 3.511563164371272251e+03 1.731999999999999886e+02
1.250000000000000000e+02 7.000000000000000666e-02 8.789971893141776405e-03 1.821756168484326395e+02 9.049896505530452941e+02 1.731999999999999886e+02
1.250000000000000000e+02 7.000000000000000666e-02 1.190469863293287757e-03 1.334260456357449698e+02 2.925842571819609020e+03 1.731999999999999886e+02
1.250000000000000000e+02 7.000000000000000666e-02 1.995178965335643682e-03 1.398266738226217001e+02 1.935651450176331309e+03 1.731999999999999886e+02
1.250000000000000000e+02 7.000000000000000666e-02 2.899797077673021192e-03 1.210192115831055730e+02 2.103543392018927534e+03 1.731999999999999886e+02
1.250000000000000000e+02 7.000000000000000666e-02 6.507765172866704882e-03 1.778608670652297974e+02 1.149233268312013251e+03 1.731999999999999886e+02
1.250000000000000000e+02 7.000000000000000666e-02 6.888484424012708031e-03 1.692389554273355259e+02 9.103222710058682878e+02 1.731999999999999886e+02
1.250000000000000000e+02 7.000000000000000666e-02 6.622091215312669692e-03 1.364358621098937476e+02 5.661543554090511634e+02 1.731999999999999886e+02
1.250000000000000000e+02 7.000000000000000666e-02 2.407995565934728781e-03 1.293832329661815947e+02 1.492736817434723662e+03 1.731999999999999886e+02
1.250000000000000000e+02 7.000000000000000666e-02 3.149624447950276004e-03 1.810193272529145077e+02 2.512491293853454863e+03 1.731999999999999886e+02
1.250000000000000000e+02 7.000000000000000666e-02 3.746444765628055562e-03 1.198653758957206890e+02 1.855961101323211324e+03 1.731999999999999886e+02
1.250000000000000000e+02 7.000000000000000666e-02 2.151132333018739799e-03 1.475332703353771251e+02 2.035324815846601041e+03 1.731999999999999886e+02
1.250000000000000000e+02 7.000000000000000666e-02 4.780181686406413145e-03 1.750595891808908391e+02 1.553122388445494607e+03 1.731999999999999886e+02
1.250000000000000000e+02 7.000000000000000666e-02 2.762686821441962936e-03 1.945900743999116571e+02 3.612370557318991359e+03 1.731999999999999886e+02
1.250000000000000000e+02 7.000000000000000666e-02 2.185027672536784919e-03 1.850214974668598416e+02 3.933414400037891028e+03 1.731999999999999886e+02
1.250000000000000000e+02 7.000000000000000666e-02 4.401494238384817681e-03 1.191973130676153687e+02 1.643739226295123217e+03 1.731999999999999886e+02
1.250000000000000000e+02 7.000000000000000666e-02 4.811783427615805644e-03 1.931344172596666340e+02 2.010445527121397845e+03 1.731999999999999886e+02
1.250000000000000000e+02 7.000000000000000666e-02 2.528437111208568962e-03 1.773862338093450433e+02 2.910740221108138940e+03 1.731999999999999886e+02
1.250000000000000000e+02 7.000000000000000666e-02 2.351757827862915699e-03 1.772568711651991862e+02 3.286482942099501088e+03 1.731999999999999886e+02
1.250000000000000000e+02 7.000000000000000666e-02 3.402710132480755729e-03 1.586282940899719449e+02 1.614804897762327073e+03 1.731999999999999886e+02
1.250000000000000000e+02 7.000000000000000666e-02 2.229100359704498744e-03 1.392155996831970697e+02 1.729230394279388975e+03 1.731999999999999886e+02
1.250000000000000000e+02 7.000000000000000666e-02 8.713266564267107758e-03 1.126094281848794054e+02 1.723658857296961742e+03 1.731999999999999886e+02
1.250000000000000000e+02 7.000000000000000666e-02 9.126760341056590342e-03 1.755521383164685290e+02 7.564778429895975478e+02 1.731999999999999886e+02
1.250000000000000000e+02 7.000000000000000666e-02 2.645407802392461295e-03 1.655941698812973755e+02 2.233143253406733947e+03 1.731999999999999886e+02
1.250000000000000000e+02 7.000000000000000666e-02 5.079067997785775487e-03 1.888261556665521539e+02 1.815473949069368246e+03 1.731999999999999886e+02
1.250000000000000000e+02 7.000000000000000666e-02 7.381438108637697511e-03 1.967637850110492934e+02 1.383753312200769642e+03 1.731999999999999886e+02
1.250000000000000000e+02 7.000000000000000666e-02 7.435507588180043786e-03 1.104616414491035528e+02 2.767909410011268847e+03 1.731999999999999886e+02
1.250000000000000000e+02 7.000000000000000666e-02 4.958530534195716363e-03 1.894758001847400237e+02 1.900090010674386349e+03 1.731999999999999886e+02
1.250000000000000000e+02 7.000000000000000666e-02 2.097806991862495151e-03 1.272503687689239342e+02 1.727376904645705963e+03 1.731999999999999886e+02
1.250000000000000000e+02 7.000000000000000666e-02 7.687859566478290503e-03 1.109555701348959218e+02 2.383940881110569535e+03 1.731999999999999886e+02
1.250000000000000000e+02 7.000000000000000666e-02 2.725075062256207114e-03 1.820178587409676538e+02 3.054156052086931595e+03 1.731999999999999886e+02
1.250000000000000000e+02 7.000000000000000666e-02 3.745459362824727322e-03 1.901945459848146811e+02 2.500575068707619721e+03 1.731999999999999886e+02
1.250000000000000000e+02 7.000000000000000666e-02 4.049645999339466368e-03 1.143960070178980857e+02 3.138864551130869586e+03 1.731999999999999886e+02
1.250000000000000000e+02 7.000000000000000666e-02 2.647628901161964022e-03 1.950448907099915345e+02 3.675823914375583172e+03 1.731999999999999886e+02
1.250000000000000000e+02 7.000000000000000666e-02 1.600088592913115901e-03 1.360230828809560535e+02 2.248820843914888883e+03 1.731999999999999886e+02
1.250000000000000000e+02 7.000000000000000666e-02 5.093853205964750212e-03 1.417461052190826081e+02 7.946021478250995642e+02 1.731999999999999886e+02
1.250000000000000000e+02 7.000000000000000666e-02 3.110030432215703071e-03 1.908323593797192075e+02 2.947608975530544285e+03 1.731999999999999886e+02
1.250000000000000000e+02 7.000000000000000666e-02 4.018740186988038580e-03 1.658307321525188627e+02 1.511006481596258936e+03 1.731999999999999886e+02
1.250000000000000000e+02 7.000000000000000666e-02 1.945144059760961367e-03 1.754052672190788940e+02 3.828585111258081724e+03 1.731999999999999886e+02
1.250000000000000000e+02 7.000000000000000666e-02 5.603745085483374105e-03 1.185980421570990870e+02 1.439543603181140270e+03 1.731999999999999886e+02
1.250000000000000000e+02 7.000000000000000666e-02 3.649481743219224871e-03 1.149297876022184681e+02 3.323699433269755900e+03 1.731999999999999886e+02
1.250000000000000000e+02 7.000000000000000666e-02 8.556358101204411190e-03 1.135053629825929704e+02 1.613445324967955685e+03 1.731999999999999886e+02
