1.250000000000000000e+02 7.000000000000000666e-02 4.611195750220434264e-01 1.075490117685466430e+03 6.549216349760550884e+02 1.731999999999999886e+02
1.250000000000000000e+02 7.000000000000000666e-02 9.396876049724038893e-01 2.240695612688675283e+03 9.663414013437841277e+02 1.731999999999999886e+02
1.250000000000000000e+02 7.000000000000000666e-02 4.370612677739527663e-01 1.043097436279204885e+03 6.602127715094917448e+02 1.731999999999999886e+02
1.250000000000000000e+02 7.000000000000000666e-02 4.361792652358199018e-01 1.035473247138499573e+03 7.712619405014137328e+02 1.731999999999999886e+02
1.250000000000000000e+02 7.000000000000000666e-02 7.792452867534742644e-01 1.844356973938955207e+03 4.571435265641000001e+01 1.731999999999999886e+02
1.250000000000000000e+02 7.000000000000000666e-02 6.061651734403937786e-01 1.368612131993257663e+03 7.415369504997286185e+02 1.731999999999999886e+02
1.250000000000000000e+02 7.000000000000000666e-02 7.839294952846521669e-01 1.773344972490854389e+03 4.842566847977152520e+02 1.731999999999999886e+02
1.250000000000000000e+02 7.000000000000000666e-02 8.117038441166218865e-01 1.901220940036921093e+03 6.724981125758536109e+02 1.731999999999999886e+02
1.250000000000000000e+02 7.000000000000000666e-02 9.262919666690362375e-01 2.108439470739077478e+03 4.512387097482058493e+02 1.731999999999999886e+02
1.250000000000000000e+02 7.000000000000000666e-02 7.875413922046415882e-01 1.792500030253788509e+03 9.442192488452086536e+02 1.731999999999999886e+02
1.250000000000000000e+02 7.000000000000000666e-02 9.585714382832326574e-01 2.124181820381933903e+03 5.056341075341516671e+02 1.731999999999999886e+02
1.250000000000000000e+02 7.000000000000000666e-02 6.594239601111192561e-01 1.557617024021602447e+03 1.314198116230801077e+02 1.731999999999999886e+02
1.250000000000000000e+02 7.000000000000000666e-02 5.177000383973754394e-01 1.181306944792130025e+03 2.734787343948719922e+02 1.731999999999999886e+02
1.250000000000000000e+02 7.000000000000000666e-02 8.212760084514291181e-01 1.867141760621847652e+03 6.708821294996649840e+02 1.731999999999999886e+02
1.250000000000000000e+02 7.000000000000000666e-02 4.271436940051719366e-01 1.023836761735101049e+03 6.713790031719752278e+02 1.731999999999999886e+02
1.250000000000000000e+02 7.000000000000000666e-02 5.198085195490020904e-01 1.261201552429448611e+03 7.888942606426015800e+02 1.731999999999999886e+02
1.250000000000000000e+02 7.000000000000000666e-02 6.777683879171015890e-01 1.550221725809211875e+03 2.655598716106966322e+02 1.731999999999999886e+02
1.250000000000000000e+02 7.000000000000000666e-02 9.462058187056721081e-01 2.130048462383144397e+03 3.350594795947515649e+02 1.731999999999999886e+02
1.250000000000000000e+02 7.000000000000000666e-02 7.494763148618547310e-01 1.744017135600056918e+03 6.684947591207175037e+02 1.731999999999999886e+02
1.250000000000000000e+02 7.000000000000000666e-02 7.609802263265955657e-01 1.698214047406498594e+03 2.386914177366724346e+02 1.731999999999999886e+02
1.250000000000000000e+02 7.000000000000000666e-02 7.473784691552994852e-01 1.790267444746441470e+03 1.331705563352792865e+02 1.731999999999999886e+02
1.250000000000000000e+02 7.000000000000000666e-02 6.107089157298072335e-01 1.428054613027906271e+03 6.249294879555507123e+02 1.731999999999999886e+02
1.250000000000000000e+02 7.000000000000000666e-02 8.024054383803016499e-01 1.884711614101706800e+03 6.756445090628517391e+02 1.731999999999999886e+02
1.250000000000000000e+02 7.000000000000000666e-02 6.674302212228777620e-01 1.561806125857272946e+03 8.952418778140676068e+02 1.731999999999999886e+02
1.250000000000000000e+02 7.000000000000000666e-02 5.243654969176870795e-01 1.253339511388144047e+03 8.058635201426666299e+02 1.731999999999999886e+02
1.250000000000000000e+02 7.000000000000000666e-02 6.899738042122467441e-01 1.600930277942786688e+03 7.945874562767514817e+02 1.731999999999999886e+02
1.250000000000000000e+02 7.000000000000000666e-02 6.925436205540914658e-01 1.566507705919980253e+03 1.332660507400616439e+02 1.731999999999999886e+02
1.250000000000000000e+02 7.000000000000000666e-02 6.903353772899912810e-01 1.635776256470966700e+03 9.985721441183052320e+02 1.731999999999999886e+02
1.250000000000000000e+02 7.000000000000000666e-02 6.677471683240069344e-01 1.491638130411316524e+03 7.222225815896259746e+02 1.731999999999999886e+02
1.250000000000000000e+02 7.000000000000000666e-02 8.471428097927707901e-01 1.873713287722449877e+03 1.365437799952355036e+01 1.731999999999999886e+02
1.250000000000000000e+02 7.000000000000000666e-02 5.504274361209825495e-01 1.281455758094328758e+03 9.944120744177757842e+02 1.731999999999999886e+02
1.250000000000000000e+02 7.000000000000000666e-02 8.536914614962831660e-01 1.917090574549330995e+03 1.261135241306566570e+02 1.731999999999999886e+02
1.250000000000000000e+02 7.000000000000000666e-02 9.149756739873956546e-01 2.060178255872688169e+03 2.664045677153332576e+02 1.731999999999999886e+02
1.250000000000000000e+02 7.000000000000000666e-02 5.465571629181725788e-01 1.290994547223551535e+03 5.198662146523856791e+02 1.731999999999999886e+02
1.250000000000000000e+02 7.000000000000000666e-02 8.640784067557288894e-01 2.005836984885663696e+03 1.080732629265300062e+02 1.731999999999999886e+02
1.250000000000000000e+02 7.000000000000000666e-02 6.386510579899539186e-01 1.472752529617188202e+03 2.361429318209165444e+02 1.731999999999999886e+02
1.250000000000000000e+02 7.000000000000000666e-02 7.788932912018273758e-01 1.800502844716449999e+03 4.176421952427126598e+02 1.731999999999999886e+02
1.250000000000000000e+02 7.000000000000000666e-02 5.911406519274199356e-01 1.343369282808470189e+03 3.914068821338291571e+01 1.731999999999999886e+02
1.250000000000000000e+02 7.000000000000000666e-02 9.061593974354980041e-01 2.079881545213808749e+03 3.512835549174375274e+02 1.731999999999999886e+02
1.250000000000000000e+02 7.000000000000000666e-02 9.634404738459748652e-01 2.210503879943860738e+03 9.596070526451276237e+02 1.731999999999999886e+02
1.250000000000000000e+02 7.000000000000000666e-02 9.987493083191451015e-01 2.378608237056696453e+03 3.162718310254495577e+02 1.731999999999999886e+02
1.250000000000000000e+02 7.000000000000000666e-02 7.408934731135473628e-01 1.725371758523956260e+03 8.418244931096329537e+02 1.731999999999999886e+02
1.250000000000000000e+02 7.000000000000000666e-02 9.141798216098323548e-01 2.113371822217585759e+03 4.548897599554091897e+01 1.731999999999999886e+02
1.250000000000000000e+02 7.000000000000000666e-02 9.851716046159552098e-01 2.351814549680953860e+03 7.276442095978815132e+02 1.731999999999999886e+02
1.250000000000000000e+02 7.000000000000000666e-02 9.371073820495607887e-01 2.119604692885061922e+03 6.309806692980616845e+02 1.731999999999999886e+02
1.250000000000000000e+02 7.000000000000000666e-02 7.721137575294231281e-01 1.781939280397966741e+03 8.602697257147085566e+02 1.731999999999999886e+02
1.250000000000000000e+02 7.000000000000000666e-02 8.349155350702774925e-01 1.993661887173486321e+03 5.298988707163996423e+02 1.731999999999999886e+02
1.250000000000000000e+02 7.000000000000000666e-02 5.024943101061261075e-01 1.213292690780568819e+03 9.268842568030652274e+02 1.731999999999999886e+02
1.250000000000000000e+02 7.000000000000000666e-02 8.348665600248125207e-01 1.873057617248069391e+03 5.979503837883993356e+02 1.731999999999999886e+02
1.250000000000000000e+02 7.000000000000000666e-02 9.293239044692030992e-01 2.111606082222845544e+03 8.424973336288369410e+02 1.731999999999999886e+02
1.250000000000000000e+02 7.000000000000000666e-02 7.063198329640424378e-01 1.595686084090166332e+03 6.762964245613217145e+02 1.731999999999999886e+02
1.250000000000000000e+02 7.000000000000000666e-02 5.739360163280159410e-01 1.331568337292601200e+03 6.387939733640265558e+02 1.731999999999999886e+02
1.250000000000000000e+02 7.000000000000000666e-02 7.512397715247963736e-01 1.695222785942691644e+03 7.958470490664976751e+02 1.731999999999999886e+02
1.250000000000000000e+02 7.000000000000000666e-02 9.476681631237153791e-01 2.203478773549104517e+03 4.046845316274429365e+02 1.731999999999999886e+02
1.250000000000000000e+02 7.000000000000000666e-02 7.856065608455267135e-01 1.848879982865412785e+03 2.230659732515390772e+02 1.731999999999999886e+02
1.250000000000000000e+02 7.000000000000000666e-02 7.505398576927413412e-01 1.793816873591311833e+03 2.459065584164715403e+02 1.731999999999999886e+02
1.250000000000000000e+02 7.000000000000000666e-02 9.816169201558252455e-01 2.198163967632416188e+03 1.768944335014064109e+02 1.731999999999999886e+02
1.250000000000000000e+02 7.000000000000000666e-02 5.595809446310194835e-01 1.264258096767888674e+03 9.566400780405845126e+02 1.731999999999999886e+02
1.250000000000000000e+02 7.000000000000000666e-02 6.226283853786107603e-01 1.400102309398313764e+03 3.542092134277602895e+02 1.731999999999999886e+02
1.250000000000000000e+02 7.000000000000000666e-02 6.157825818588252842e-01 1.398564380456282834e+03 5.563936043177069450e+02 1.731999999999999886e+02
1.250000000000000000e+02 7.000000000000000666e-02 4.779586159340489249e-01 1.067491182851200392e+03 4.220735707091591138e+01 1.731999999999999886e+02
1.250000000000000000e+02 7.000000000000000666e-02 4.394155317910467540e-01 1.072923317302764644e+03 8.513273049853953580e+02 1.731999999999999886e+02
1.250000000000000000e+02 7.000000000000000666e-02 9.744914888757675309e-01 2.151804631723114653e+03 2.562089622311832500e+02 1.731999999999999886e+02
1.250000000000000000e+02 7.000000000000000666e-02 7.910626398836503315e-01 1.871840785080722526e+03 6.583980958034740070e+02 1.731999999999999886e+02
1.250000000000000000e+02 7.000000000000000666e-02 8.370417028046326369e-01 1.911289645665593980e+03 1.968872255052030482e+02 1.731999999999999886e+02
1.250000000000000000e+02 7.000000000000000666e-02 4.831863723630692720e-01 1.093785902782870380e+03 2.928282598290248728e+01 1.731999999999999886e+02
1.250000000000000000e+02 7.000000000000000666e-02 6.631673661453536539e-01 1.487985915609658605e+03 9.920272642382180948e+02 1.731999999999999886e+02
1.250000000000000000e+02 7.000000000000000666e-02 8.653195613896226268e-01 2.030687558431670141e+03 1.623862613390558352e+02 1.731999999999999886e+02
1.250000000000000000e+02 7.000000000000000666e-02 7.109266882483857852e-01 1.590466068961060955e+03 9.477048326252466950e+02 1.731999999999999886e+02
1.250000000000000000e+02 7.000000000000000666e-02 6.343459785552169050e-01 1.497288371306501404e+03 4.434412836541264369e+02 1.731999999999999886e+02
1.250000000000000000e+02 7.000000000000000666e-02 6.650390224279358886e-01 1.572847439514433290e+03 1.335268692658804639e+02 1.731999999999999886e+02
1.250000000000000000e+02 7.000000000000000666e-02 4.771836259113523271e-01 1.091868163988423476e+03 8.409767425515637740e+01 1.731999999999999886e+02
1.250000000000000000e+02 7.000000000000000666e-02 4.541777404360968218e-01 1.068670188629533186e+03 3.742594162575367136e+02 1.731999999999999886e+02
1.250000000000000000e+02 7.000000000000000666e-02 9.520135168105579027e-01 2.258704804576637798e+03 4.798028181526226490e+02 1.731999999999999886e+02
1.250000000000000000e+02 7.000000000000000666e-02 9.218563601852923783e-01 2.086490711346983517e+03 8.435746629616327255e+02 1.731999999999999886e+02
1.250000000000000000e+02 7.000000000000000666e-02 7.792784452713427124e-01 1.807016654026800552e+03 6.551362828606548305e+01 1.731999999999999886e+02
1.250000000000000000e+02 7.000000000000000666e-02 9.697121792931625572e-01 2.288646259537408241e+03 3.364964647824837698e+02 1.731999999999999886e+02
1.250000000000000000e+02 7.000000000000000666e-02 9.150436566199101618e-01 2.155713454811641896e+03 3.232617312116276480e+02 1.731999999999999886e+02
1.250000000000000000e+02 7.000000000000000666e-02 5.650854575580214201e-01 1.277611196849552471e+03 7.969074343786567169e+02 1.731999999999999886e+02
1.250000000000000000e+02 7.000000000000000666e-02 9.674270840630747603e-01 2.183440110704469589e+03 8.605623409041578498e+02 1.731999999999999886e+02
1.250000000000000000e+02 7.000000000000000666e-02 6.469242378689604722e-01 1.530872260842369997e+03 2.612682300108100435e+02 1.731999999999999886e+02
1.250000000000000000e+02 7.000000000000000666e-02 5.902352660422300890e-01 1.310091378980615900e+03 3.074126186699538152e+02 1.731999999999999886e+02
1.250000000000000000e+02 7.000000000000000666e-02 9.877887475544069318e-01 2.354278300980128733e+03 7.720150132468739912e+02 1.731999999999999886e+02
1.250000000000000000e+02 7.000000000000000666e-02 8.899742666464260932e-01 2.012489111943321177e+03 6.796755278201071633e+02 1.731999999999999886e+02
1.250000000000000000e+02 7.000000000000000666e-02 7.683363406433464382e-01 1.762766376681095153e+03 4.506035819531749667e+02 1.731999999999999886e+02
1.250000000000000000e+02 7.000000000000000666e-02 4.676970837198693998e-01 1.094477220595258132e+03 1.614172538489456770e+02 1.731999999999999886e+02
1.250000000000000000e+02 7.000000000000000666e-02 9.599246903482320237e-01 2.233840777962353968e+03 5.845342163115445828e+02 1.731999999999999886e+02
1.250000000000000000e+02 7.000000000000000666e-02 6.950536780394804826e-01 1.661860105700958457e+03 9.295924246321765168e+02 1.731999999999999886e+02
1.250000000000000000e+02 7.000000000000000666e-02 6.377431635630446127e-01 1.419339052505392601e+03 1.854823039883608544e+02 1.731999999999999886e+02
1.250000000000000000e+02 7.000000000000000666e-02 7.163808134428103491e-01 1.595651908803267816e+03 4.336368847997300691e+02 1.731999999999999886e+02
1.250000000000000000e+02 7.000000000000000666e-02 7.412840972889646052e-01 1.668648082871213319e+03 8.902918268343744330e+02 1.731999999999999886e+02
1.250000000000000000e+02 7.000000000000000666e-02 6.243770127306828011e-01 1.385556582044609058e+03 2.817839620135583800e+01 1.731999999999999886e+02
1.250000000000000000e+02 7.000000000000000666e-02 7.998264887019324032e-01 1.818073860509281985e+03 2.504184333663728523e+02 1.731999999999999886e+02
1.250000000000000000e+02 7.000000000000000666e-02 6.158233889531636862e-01 1.425338768032204825e+03 8.781882174669684673e+02 1.731999999999999886e+02
1.250000000000000000e+02 7.000000000000000666e-02 4.412752464504721694e-01 1.074470866902080388e+03 7.226498062029253333e+02 1.731999999999999886e+02
1.250000000000000000e+02 7.000000000000000666e-02 7.185597556150741250e-01 1.710940349899273770e+03 1.888223067791458334e+02 1.731999999999999886e+02
1.250000000000000000e+02 7.000000000000000666e-02 5.017387426683563856e-01 1.202688250604229779e+03 3.971937013512773262e+01 1.731999999999999886e+02
1.250000000000000000e+02 7.000000000000000666e-02 9.157178945154179628e-01 2.094076388601695726e+03 3.130692469676379801e+02 1.731999999999999886e+02
1.250000000000000000e+02 7.000000000000000666e-02 7.095040323556812689e-01 1.670371221907283598e+03 1.794818771133992072e+02 1.731999999999999886e+02
1.250000000000000000e+02 7.000000000000000666e-02 7.437274421020241277e-01 1.777804742824379900e+03 2.148268619758679421e+01 1.731999999999999886e+02
1.250000000000000000e+02 7.000000000000000666e-02 6.626133705767888182e-01 1.527112495916973103e+03 4.251931350692327669e+02 1.731999999999999886e+02
1.250000000000000000e+02 7.000000000000000666e-02 9.723202648111491930e-01 2.269181915235251836e+03 7.515668610243408239e+02 1.731999999999999886e+02
1.250000000000000000e+02 7.000000000000000666e-02 9.692144997923295424e-01 2.284160215395812884e+03 2.249333662075648022e+02 1.731999999999999886e+02
1.250000000000000000e+02 7.000000000000000666e-02 6.894604275164416540e-01 1.625857639409676267e+03 8.184657228229584689e+02 1.731999999999999886e+02
1.250000000000000000e+02 7.000000000000000666e-02 8.230639398308206012e-01 1.838116144236963237e+03 5.734647251731233837e+02 1.731999999999999886e+02
1.250000000000000000e+02 7.000000000000000666e-02 9.937396341248697640e-01 2.315510717456567363e+03 4.627584455268499255e+02 1.731999999999999886e+02
1.250000000000000000e+02 7.000000000000000666e-02 7.131917827095135554e-01 1.625170961304007278e+03 8.817881615499156851e+02 1.731999999999999886e+02
1.250000000000000000e+02 7.000000000000000666e-02 6.416124156488812735e-01 1.432883793683998192e+03 3.967750830956246091e+02 1.731999999999999886e+02
1.250000000000000000e+02 7.000000000000000666e-02 7.605634559548946072e-01 1.800441572560506756e+03 9.019833987290774076e+02 1.731999999999999886e+02
1.250000000000000000e+02 7.000000000000000666e-02 7.964252234410689191e-01 1.822320014947043092e+03 2.821571203793914719e+02 1.731999999999999886e+02
1.250000000000000000e+02 7.000000000000000666e-02 4.812283125099375836e-01 1.070749939942636729e+03 3.435568907504497247e+02 1.731999999999999886e+02
1.250000000000000000e+02 7.000000000000000666e-02 8.044250888944730615e-01 1.831268746123731489e+03 5.434461528036188156e+02 1.731999999999999886e+02
1.250000000000000000e+02 7.000000000000000666e-02 8.744837190054394194e-01 1.984662015023218146e+03 6.864040953651619930e+02 1.731999999999999886e+02
1.250000000000000000e+02 7.000000000000000666e-02 5.864663073241137559e-01 1.365531181927089847e+03 6.660970069299294209e+02 1.731999999999999886e+02
1.250000000000000000e+02 7.000000000000000666e-02 5.714508174420411812e-01 1.316863097512532022e+03 1.599099651121260024e+02 1.731999999999999886e+02
1.250000000000000000e+02 7.000000000000000666e-02 6.682561348045252814e-01 1.580797136365283677e+03 9.998338903482983824e+02 1.731999999999999886e+02
1.250000000000000000e+02 7.000000000000000666e-02 8.983346696882760218e-01 2.029753913674759815e+03 9.787401249094463651e+01 1.731999999999999886e+02
1.250000000000000000e+02 7.000000000000000666e-02 6.478963957200548629e-01 1.513051632125881270e+03 9.329012432267123813e+02 1.731999999999999886e+02
1.250000000000000000e+02 7.000000000000000666e-02 9.325468769607800912e-01 2.091786686581522645e+03 5.220658976198531036e+02 1.731999999999999886e+02
1.250000000000000000e+02 7.000000000000000666e-02 8.132219985275085383e-01 1.918106047350861445e+03 7.933017722355672277e+02 1.731999999999999886e+02
1.250000000000000000e+02 7.000000000000000666e-02 7.994610765154054333e-01 1.893852526139723977e+03 8.826830828446056785e+02 1.731999999999999886e+02
1.250000000000000000e+02 7.000000000000000666e-02 9.623978097266681075e-01 2.230738392859689156e+03 8.897626112476762046e+02 1.731999999999999886e+02
1.250000000000000000e+02 7.000000000000000666e-02 8.886118113517872397e-01 2.065078389882467945e+03 8.755811583344915334e+02 1.731999999999999886e+02
1.250000000000000000e+02 7.000000000000000666e-02 6.183763259047897476e-01 1.444163468611941880e+03 4.581600473584700239e+02 1.731999999999999886e+02
1.250000000000000000e+02 7.000000000000000666e-02 7.481938062746420481e-01 1.719276481366833195e+03 2.357185411733030094e+02 1.731999999999999886e+02
1.250000000000000000e+02 7.000000000000000666e-02 6.282745971806269480e-01 1.428897368753209548e+03 9.262149167586165959e+02 1.731999999999999886e+02
1.250000000000000000e+02 7.000000000000000666e-02 6.961631150658700307e-01 1.579157093179954700e+03 4.962294745073214131e+02 1.731999999999999886e+02
1.250000000000000000e+02 7.000000000000000666e-02 7.060150266251540296e-01 1.648200923719380853e+03 9.372953101987246782e+02 1.731999999999999886e+02
1.250000000000000000e+02 7.000000000000000666e-02 7.633875228221538300e-01 1.823330776307102724e+03 6.531428916423013789e+02 1.731999999999999886e+02
1.250000000000000000e+02 7.000000000000000666e-02 6.846423662406986299e-01 1.635996795971223492e+03 8.851486562078421230e+02 1.731999999999999886e+02
1.250000000000000000e+02 7.000000000000000666e-02 9.094909495811900335e-01 2.117673180451291046e+03 6.323671068534901707e+01 1.731999999999999886e+02
1.250000000000000000e+02 7.000000000000000666e-02 7.377462435791268813e-01 1.749193655567054066e+03 2.289558364277060321e+02 1.731999999999999886e+02
1.250000000000000000e+02 7.000000000000000666e-02 9.944762818399385251e-01 2.334382067784945320e+03 4.809675152183847331e+02 1.731999999999999886e+02
1.250000000000000000e+02 7.000000000000000666e-02 5.086518077315953512e-01 1.213166022570783753e+03 5.644376926646565380e+02 1.731999999999999886e+02
1.250000000000000000e+02 7.000000000000000666e-02 8.371964927694871550e-01 1.966017806399910114e+03 9.336343833959600147e+01 1.731999999999999886e+02
1.250000000000000000e+02 7.000000000000000666e-02 7.500266906957147039e-01 1.679758960974707861e+03 8.581519912060086597e+01 1.731999999999999886e+02
1.250000000000000000e+02 7.000000000000000666e-02 8.178600366101700381e-01 1.863729018685885876e+03 3.034633526055199582e+02 1.731999999999999886e+02
1.250000000000000000e+02 7.000000000000000666e-02 9.346315534347554577e-01 2.185003626611011896e+03 9.952210059880223980e+02 1.731999999999999886e+02
1.250000000000000000e+02 7.000000000000000666e-02 5.526680549615821114e-01 1.246092453680399331e+03 7.321763031902717103e+02 1.731999999999999886e+02
1.250000000000000000e+02 7.000000000000000666e-02 8.805209310768030706e-01 1.985518696965733852e+03 7.958288957265648378e+02 1.731999999999999886e+02
1.250000000000000000e+02 7.000000000000000666e-02 8.286698247570301046e-01 1.977914876707180611e+03 5.489843106230513285e+02 1.731999999999999886e+02
1.250000000000000000e+02 7.000000000000000666e-02 9.719720387526328276e-01 2.185077422645418210e+03 8.655391005042436063e+02 1.731999999999999886e+02
1.250000000000000000e+02 7.000000000000000666e-02 7.068451734296059552e-01 1.575534129108629486e+03 6.830360183015308166e+02 1.731999999999999886e+02
1.250000000000000000e+02 7.000000000000000666e-02 7.093791710017036678e-01 1.591796424446470837e+03 1.880108029916796397e+02 1.731999999999999886e+02
1.250000000000000000e+02 7.000000000000000666e-02 8.539722470268631405e-01 2.033709322972586278e+03 9.029501479584807839e+02 1.731999999999999886e+02
1.250000000000000000e+02 7.000000000000000666e-02 9.811134252354263285e-01 2.238213910528832002e+03 7.660636822517209055e+01 1.731999999999999886e+02
1.250000000000000000e+02 7.000000000000000666e-02 6.244838382018036427e-01 1.432892214885345311e+03 9.557452172597798778e+01 1.731999999999999886e+02
1.250000000000000000e+02 7.000000000000000666e-02 8.370750367920916091e-01 1.961095156810578828e+03 8.907290647783715940e+02 1.731999999999999886e+02
1.250000000000000000e+02 7.000000000000000666e-02 5.931909521271976349e-01 1.343944138782100026e+03 1.094742391987446695e+02 1.731999999999999886e+02
1.250000000000000000e+02 7.000000000000000666e-02 7.283596267885625863e-01 1.619475438137784749e+03 7.645404320629988888e+02 1.731999999999999886e+02
1.250000000000000000e+02 7.000000000000000666e-02 5.442942029200461551e-01 1.218705822400531588e+03 4.445279067206208765e+02 1.731999999999999886e+02
1.250000000000000000e+02 7.000000000000000666e-02 9.454307038404504704e-01 2.096805767643719719e+03 7.640023069711630797e+02 1.731999999999999886e+02
1.250000000000000000e+02 7.000000000000000666e-02 6.287628181742949129e-01 1.451545543663964509e+03 6.537593513995834655e+02 1.731999999999999886e+02
1.250000000000000000e+02 7.000000000000000666e-02 8.043931861626876234e-01 1.865284875877825698e+03 2.493013566241489798e+01 1.731999999999999886e+02
1.250000000000000000e+02 7.000000000000000666e-02 8.840091279389619139e-01 1.984390167588660006e+03 4.031789276627227991e+02 1.731999999999999886e+02
1.250000000000000000e+02 7.000000000000000666e-02 6.201909170296253659e-01 1.476477357456014488e+03 4.875056126751857732e+02 1.731999999999999886e+02
1.250000000000000000e+02 7.000000000000000666e-02 8.790909038503452733e-01 2.020107783294529099e+03 6.526529592570369687e+02 1.731999999999999886e+02
1.250000000000000000e+02 7.000000000000000666e-02 8.909708028018615833e-01 2.094443108956455944e+03 9.817738546868771436e+02 1.731999999999999886e+02
1.250000000000000000e+02 7.000000000000000666e-02 9.388492081551451651e-01 2.139438023482946846e+03 1.286343455844651658e+02 1.731999999999999886e+02
1.250000000000000000e+02 7.000000000000000666e-02 7.658045934303190361e-01 1.759048202556176875e+03 8.903795400733557699e+02 1.731999999999999886e+02
1.250000000000000000e+02 7.000000000000000666e-02 4.635448957306712581e-01 1.114449693801786680e+03 9.695243576993127590e+02 1.731999999999999886e+02
1.250000000000000000e+02 7.000000000000000666e-02 8.154313860930911817e-01 1.903617866516712638e+03 1.141932892347295159e+01 1.731999999999999886e+02
1.250000000000000000e+02 7.000000000000000666e-02 7.338088109004236026e-01 1.663505654209616750e+03 1.312162421188638746e+02 1.731999999999999886e+02
1.250000000000000000e+02 7.000000000000000666e-02 6.837441982326940559e-01 1.541097090880568430e+03 9.483886503402021617e+02 1.731999999999999886e+02
1.250000000000000000e+02 7.000000000000000666e-02 8.129518091893509490e-01 1.833107345734300907e+03 6.445474933872827705e+02 1.731999999999999886e+02
1.250000000000000000e+02 7.000000000000000666e-02 6.142481348777051320e-01 1.370995006134700134e+03 9.058847671332580376e+01 1.731999999999999886e+02
1.250000000000000000e+02 7.000000000000000666e-02 6.412580636401866707e-01 1.540989745679204589e+03 5.882335250631664394e+02 1.731999999999999886e+02
1.250000000000000000e+02 7.000000000000000666e-02 5.829181172430624169e-01 1.365929755830628437e+03 1.168933828686628118e+02 1.731999999999999886e+02
1.250000000000000000e+02 7.000000000000000666e-02 4.754298712669528526e-01 1.119398135388407809e+03 4.369989051385388734e+02 1.731999999999999886e+02
1.250000000000000000e+02 7.000000000000000666e-02 9.389385897855279106e-01 2.099653673512530077e+03 8.404747310103941516e+01 1.731999999999999886e+02
1.250000000000000000e+02 7.000000000000000666e-02 9.696933964219442981e-01 2.195342162192670003e+03 4.836712045025585098e+02 1.731999999999999886e+02
1.250000000000000000e+02 7.000000000000000666e-02 7.258269461269688527e-01 1.625842860218039732e+03 5.841083440176111026e+02 1.731999999999999886e+02
1.250000000000000000e+02 7.000000000000000666e-02 8.571144566539979914e-01 2.004442651663248398e+03 2.181415720234177797e+02 1.731999999999999886e+02
1.250000000000000000e+02 7.000000000000000666e-02 5.367030772636600666e-01 1.207821152586298012e+03 4.430222530755096386e+02 1.731999999999999886e+02
1.250000000000000000e+02 7.000000000000000666e-02 9.146527038022592704e-01 2.105343131087021902e+03 3.720500930798222328e+01 1.731999999999999886e+02
1.250000000000000000e+02 7.000000000000000666e-02 5.994662621486611664e-01 1.328532200043204739e+03 1.080002715222525183e+02 1.731999999999999886e+02
1.250000000000000000e+02 7.000000000000000666e-02 9.632865892329500745e-01 2.136886859793181429e+03 3.046723004226658418e+02 1.731999999999999886e+02
1.250000000000000000e+02 7.000000000000000666e-02 4.430676659131025374e-01 1.031383857310520625e+03 4.960940240628525544e+02 1.731999999999999886e+02
1.250000000000000000e+02 7.000000000000000666e-02 6.164499061352366471e-01 1.461672789187042326e+03 5.138597631310699398e+02 1.731999999999999886e+02
1.250000000000000000e+02 7.000000000000000666e-02 6.771474315522248988e-01 1.631208816241230579e+03 7.681483240474774448e+02 1.731999999999999886e+02
1.250000000000000000e+02 7.000000000000000666e-02 6.489218354988760540e-01 1.537470514734270182e+03 8.024409831187798545e+02 1.731999999999999886e+02
1.250000000000000000e+02 7.000000000000000666e-02 5.794231364217625746e-01 1.406769198488590746e+03 9.353770385568831216e+02 1.731999999999999886e+02
1.250000000000000000e+02 7.000000000000000666e-02 4.777301955967759861e-01 1.094464095059464853e+03 9.306624942247527770e+02 1.731999999999999886e+02
1.250000000000000000e+02 7.000000000000000666e-02 9.430496152911446162e-01 2.148055873477771456e+03 4.968708916986652184e+02 1.731999999999999886e+02
1.250000000000000000e+02 7.000000000000000666e-02 8.845794287807188239e-01 2.049911850648012660e+03 7.891186743303924800e+01 1.731999999999999886e+02
1.250000000000000000e+02 7.000000000000000666e-02 6.233826900343496513e-01 1.477450911772848485e+03 8.575178903453779640e+02 1.731999999999999886e+02
1.250000000000000000e+02 7.000000000000000666e-02 7.568905545881855490e-01 1.735135085221923418e+03 3.917833569876949014e+02 1.731999999999999886e+02
1.250000000000000000e+02 7.000000000000000666e-02 5.831802934803295146e-01 1.366022036408634449e+03 7.506932182078510323e+02 1.731999999999999886e+02
1.250000000000000000e+02 7.000000000000000666e-02 5.755289140004992143e-01 1.311727648301022327e+03 7.098334401335106350e+02 1.731999999999999886e+02
1.250000000000000000e+02 7.000000000000000666e-02 9.762232127172464358e-01 2.264390659983719615e+03 5.884975957154586013e+02 1.731999999999999886e+02
1.250000000000000000e+02 7.000000000000000666e-02 6.885816971780737150e-01 1.598013192047139455e+03 8.576664906264772981e+02 1.731999999999999886e+02
1.250000000000000000e+02 7.000000000000000666e-02 8.390692897017808516e-01 1.999978567750716138e+03 7.351387546468205301e+02 1.731999999999999886e+02
1.250000000000000000e+02 7.000000000000000666e-02 5.872189509863898760e-01 1.420596282293610784e+03 8.465470804694073195e+02 1.731999999999999886e+02
1.250000000000000000e+02 7.000000000000000666e-02 9.460024186010530522e-01 2.223413828119149912e+03 8.086259193905801794e+02 1.731999999999999886e+02
1.250000000000000000e+02 7.000000000000000666e-02 5.707248624463941988e-01 1.301971652192095007e+03 9.794635025872767073e+02 1.731999999999999886e+02
1.250000000000000000e+02 7.000000000000000666e-02 8.887357360701846343e-01 1.983209604395220595e+03 1.525708947397422151e+02 1.731999999999999886e+02
1.250000000000000000e+02 7.000000000000000666e-02 4.850040561391840144e-01 1.149909107390427607e+03 9.805432432587546145e+02 1.731999999999999886e+02
1.250000000000000000e+02 7.000000000000000666e-02 8.900835716662816033e-01 2.003287481173824290e+03 1.160497391061009296e+02 1.731999999999999886e+02
1.250000000000000000e+02 7.000000000000000666e-02 8.411764526419385213e-01 1.969273313008652394e+03 1.113013910795400108e+02 1.731999999999999886e+02
1.250000000000000000e+02 7.000000000000000666e-02 4.944263328463794904e-01 1.159739885698708804e+03 3.643735041968524797e+02 1.731999999999999886e+02
1.250000000000000000e+02 7.000000000000000666e-02 5.453548022339642642e-01 1.218556697344861732e+03 3.039353937333393674e+02 1.731999999999999886e+02
1.250000000000000000e+02 7.000000000000000666e-02 7.080301172254397368e-01 1.690727135829158215e+03 6.527964772154530237e+01 1.731999999999999886e+02
1.250000000000000000e+02 7.000000000000000666e-02 8.577379273748456656e-01 1.974363182293402133e+03 4.243477569245159771e+02 1.731999999999999886e+02
1.250000000000000000e+02 7.000000000000000666e-02 9.826950703882301186e-01 2.330227065543666868e+03 2.634651158463964293e+02 1.731999999999999886e+02
1.250000000000000000e+02 7.000000000000000666e-02 8.221483922399407396e-01 1.834074508928157229e+03 8.052227296773597232e+01 1.731999999999999886e+02
1.250000000000000000e+02 7.000000000000000666e-02 6.456195983639472225e-01 1.553159691435316972e+03 9.745905263535042877e+02 1.731999999999999886e+02
1.250000000000000000e+02 7.000000000000000666e-02 5.278404139752633784e-01 1.270740925987085120e+03 8.465275370024393169e+02 1.731999999999999886e+02
1.250000000000000000e+02 7.000000000000000666e-02 9.623899014709083044e-01 2.146418974545102174e+03 5.634728645203609858e+02 1.731999999999999886e+02
1.250000000000000000e+02 7.000000000000000666e-02 5.886395309089604844e-01 1.353234922320854821e+03 9.786819579567172696e+02 1.731999999999999886e+02
1.250000000000000000e+02 7.000000000000000666e-02 4.174636527428300936e-01 1.036239770427800295e+03 9.101801606633824804e+02 1.731999999999999886e+02
1.250000000000000000e+02 7.000000000000000666e-02 8.919298350468445324e-01 2.053068448296948191e+03 3.824237685579553272e+02 1.731999999999999886e+02
1.250000000000000000e+02 7.000000000000000666e-02 4.235258792152870044e-01 1.006331568114708602e+03 4.097507013400866782e+01 1.731999999999999886e+02
1.250000000000000000e+02 7.000000000000000666e-02 4.729643650347757355e-01 1.069116164478790552e+03 1.184357859234495436e+02 1.731999999999999886e+02
1.250000000000000000e+02 7.000000000000000666e-02 4.446475538059149191e-01 1.034429684182739493e+03 8.913812518063806465e+02 1.731999999999999886e+02
1.250000000000000000e+02 7.000000000000000666e-02 5.625589401565254111e-01 1.298734028452621033e+03 5.810028783414261255e+01 1.731999999999999886e+02
1.250000000000000000e+02 7.000000000000000666e-02 9.803514558738326556e-01 2.332597389800726432e+03 8.509046751672278788e+02 1.731999999999999886e+02
1.250000000000000000e+02 7.000000000000000666e-02 8.480313912121159037e-01 1.974902784416378381e+03 7.921493555934196138e+02 1.731999999999999886e+02
1.250000000000000000e+02 7.000000000000000666e-02 7.666218477228845529e-01 1.770281430056698355e+03 8.045546725074038932e+02 1.731999999999999886e+02
1.250000000000000000e+02 7.000000000000000666e-02 6.089458166263013172e-01 1.364721134990378914e+03 7.865992841787184489e+02 1.731999999999999886e+02
1.250000000000000000e+02 7.000000000000000666e-02 9.105944411157245177e-01 2.145287968570015892e+03 8.656469280103032133e+02 1.731999999999999886e+02
1.250000000000000000e+02 7.000000000000000666e-02 9.993314732278842927e-01 2.322582935980884031e+03 2.951902806371128918e+02 1.731999999999999886e+02
1.250000000000000000e+02 7.000000000000000666e-02 8.240825269601971259e-01 1.885751777978826567e+03 9.666904505450027045e+02 1.731999999999999886e+02
1.250000000000000000e+02 7.000000000000000666e-02 8.670645740145541680e-01 2.073037294223937351e+03 6.006223676346025968e+02 1.731999999999999886e+02
1.250000000000000000e+02 7.000000000000000666e-02 5.031630666096040816e-01 1.180762695082191613e+03 7.450730195351561633e+02 1.731999999999999886e+02
1.250000000000000000e+02 7.000000000000000666e-02 6.647019172896879713e-01 1.598461073760106501e+03 7.523749120344928087e+02 1.731999999999999886e+02
1.250000000000000000e+02 7.000000000000000666e-02 5.869697155612051409e-01 1.309391482217289422e+03 2.362149332469115279e+02 1.731999999999999886e+02
1.250000000000000000e+02 7.000000000000000666e-02 9.441890408076492047e-01 2.264957624683644099e+03 6.379239087307707905e+02 1.731999999999999886e+02
1.250000000000000000e+02 7.000000000000000666e-02 7.451837771188322135e-01 1.687973844069313600e+03 4.314444251872533300e+02 1.731999999999999886e+02
1.250000000000000000e+02 7.000000000000000666e-02 8.057172723178860352e-01 1.918676179080805241e+03 2.956656114757742557e+02 1.731999999999999886e+02
1.250000000000000000e+02 7.000000000000000666e-02 5.862186842794805397e-01 1.359858448217325076e+03 6.168607369278535089e+02 1.731999999999999886e+02
1.250000000000000000e+02 7.000000000000000666e-02 5.944627591331957950e-01 1.344871932008206613e+03 4.565352540132681725e+02 1.731999999999999886e+02
1.250000000000000000e+02 7.000000000000000666e-02 9.733884602468348968e-01 2.309284740617343232e+03 6.238971803505518920e+01 1.731999999999999886e+02
1.250000000000000000e+02 7.000000000000000666e-02 5.486390083519807614e-01 1.229932077191029748e+03 1.116808026125828803e+02 1.731999999999999886e+02
1.250000000000000000e+02 7.000000000000000666e-02 8.385874088197868836e-01 1.866537584302588357e+03 3.539603147797887459e+02 1.731999999999999886e+02
1.250000000000000000e+02 7.000000000000000666e-02 7.614733703143904409e-01 1.692956469368548142e+03 8.706438609984273853e+02 1.731999999999999886e+02
1.250000000000000000e+02 7.000000000000000666e-02 9.592400763954525011e-01 2.238829645244758467e+03 6.149816654137348451e+02 1.731999999999999886e+02
1.250000000000000000e+02 7.000000000000000666e-02 9.054344930942597180e-01 2.105161347893495986e+03 1.623525603471260013e+02 1.731999999999999886e+02
1.250000000000000000e+02 7.000000000000000666e-02 5.329333110185912048e-01 1.283428626182911103e+03 4.136003509057757697e+02 1.731999999999999886e+02
1.250000000000000000e+02 7.000000000000000666e-02 8.459814194917278929e-01 1.987279083671324088e+03 7.472167399865895732e+01 1.731999999999999886e+02
1.250000000000000000e+02 7.000000000000000666e-02 8.766700447104703864e-01 2.023437419897782092e+03 4.336761568499403552e+01 1.731999999999999886e+02
1.250000000000000000e+02 7.000000000000000666e-02 8.614797087875228909e-01 1.982353976170968053e+03 7.158546537780553365e+01 1.731999999999999886e+02
1.250000000000000000e+02 7.000000000000000666e-02 8.375358890779228682e-01 2.000067846347322757e+03 2.031414299791891835e+02 1.731999999999999886e+02
1.250000000000000000e+02 7.000000000000000666e-02 5.942436371141880391e-01 1.409167404853698827e+03 6.490993364422731702e+02 1.731999999999999886e+02
1.250000000000000000e+02 7.000000000000000666e-02 4.424077886523057335e-01 1.035816744218641361e+03 2.509934867209708216e+02 1.731999999999999886e+02
1.250000000000000000e+02 7.000000000000000666e-02 9.736586507370867949e-01 2.162616696525922634e+03 9.033270430499267150e+02 1.731999999999999886e+02
1.250000000000000000e+02 7.000000000000000666e-02 8.304767489829103511e-01 1.950393337378567594e+03 5.187984830551487221e+02 1.731999999999999886e+02
1.250000000000000000e+02 7.000000000000000666e-02 4.719097513617566131e-01 1.054166665272831779e+03 2.047580676720382087e+01 1.731999999999999886e+02
1.250000000000000000e+02 7.000000000000000666e-02 9.700621304133040246e-01 2.195897547952803507e+03 5.525031966225225233e+02 1.731999999999999886e+02
1.250000000000000000e+02 7.000000000000000666e-02 5.634771667370539472e-01 1.347303465115372774e+03 3.059786285383087829e+02 1.731999999999999886e+02
1.250000000000000000e+02 7.000000000000000666e-02 7.384139924273613875e-01 1.713978741067176088e+03 3.560445341196268600e+02 1.731999999999999886e+02
1.250000000000000000e+02 7.000000000000000666e-02 7.116581220798515739e-01 1.651743407785625777e+03 9.487364403911338968e+02 1.731999999999999886e+02
1.250000000000000000e+02 7.000000000000000666e-02 6.410362582909860940e-01 1.505202104529470944e+03 4.389008743092986720e+02 1.731999999999999886e+02
1.250000000000000000e+02 7.000000000000000666e-02 8.536233953046075129e-01 1.991277796540674217e+03 3.342646080839917317e+02 1.731999999999999886e+02
1.250000000000000000e+02 7.000000000000000666e-02 9.166714949819199099e-01 2.109951513187170804e+03 9.800217130418011493e+02 1.731999999999999886e+02
1.250000000000000000e+02 7.000000000000000666e-02 5.747266615625482578e-01 1.383755802946941003e+03 9.874360589132827499e+02 1.731999999999999886e+02
1.250000000000000000e+02 7.000000000000000666e-02 9.747988066914810013e-01 2.237053286750368443e+03 5.486980573904286018e+01 1.731999999999999886e+02
1.250000000000000000e+02 7.000000000000000666e-02 5.097940691596759555e-01 1.170795722261117817e+03 1.528470692607865544e+02 1.731999999999999886e+02
1.250000000000000000e+02 7.000000000000000666e-02 4.859131831574572957e-01 1.115632988069908606e+03 3.604651097646409426e+02 1.731999999999999886e+02
1.250000000000000000e+02 7.000000000000000666e-02 6.520581049614881941e-01 1.540261795330389532e+03 2.440106574268483826e+02 1.731999999999999886e+02
1.250000000000000000e+02 7.000000000000000666e-02 6.457882014102432899e-01 1.522283943222649668e+03 3.115160067579088832e+02 1.731999999999999886e+02
1.250000000000000000e+02 7.000000000000000666e-02 9.217291013281643242e-01 2.108313182937507918e+03 8.474793655212420163e+02 1.731999999999999886e+02
1.250000000000000000e+02 7.000000000000000666e-02 4.338515421646052528e-01 1.001104712389476845e+03 1.749966005351798231e+02 1.731999999999999886e+02
1.250000000000000000e+02 7.000000000000000666e-02 7.201281148784592911e-01 1.690711814707392023e+03 2.009112539716658219e+01 1.731999999999999886e+02
1.250000000000000000e+02 7.000000000000000666e-02 7.416781061904501593e-01 1.752358526621696456e+03 1.257449192624739851e+02 1.731999999999999886e+02
1.250000000000000000e+02 7.000000000000000666e-02 9.540696323923182343e-01 2.109256239678583370e+03 6.145444956675861476e+02 1.731999999999999886e+02
1.250000000000000000e+02 7.000000000000000666e-02 8.212008775459371801e-01 1.921358247010463401e+03 5.120784061740382640e+02 1.731999999999999886e+02
1.250000000000000000e+02 7.000000000000000666e-02 9.326740020500429162e-01 2.227364738235927689e+03 2.714856937926017508e+02 1.731999999999999886e+02
1.250000000000000000e+02 7.000000000000000666e-02 8.787428681178034440e-01 1.972758803265103779e+03 5.905541657485027827e+02 1.731999999999999886e+02
1.250000000000000000e+02 7.000000000000000666e-02 9.220083961103279213e-01 2.154355989786859936e+03 7.328671848628162024e+02 1.731999999999999886e+02
1.250000000000000000e+02 7.000000000000000666e-02 9.063910093109822652e-01 2.099604260046966374e+03 8.253778946433922101e+02 1.731999999999999886e+02
1.250000000000000000e+02 7.000000000000000666e-02 9.935412044892538708e-01 2.205369310902389770e+03 1.407755463220801744e+02 1.731999999999999886e+02
1.250000000000000000e+02 7.000000000000000666e-02 6.429972815638260730e-01 1.465192576012897916e+03 9.654329914595722357e+02 1.731999999999999886e+02
1.250000000000000000e+02 7.000000000000000666e-02 6.919924502512242448e-01 1.600943901211490811e+03 3.586332953320792285e+02 1.731999999999999886e+02
1.250000000000000000e+02 7.000000000000000666e-02 5.127152865474601251e-01 1.224814348231559734e+03 9.618471503437434649e+02 1.731999999999999886e+02
1.250000000000000000e+02 7.000000000000000666e-02 8.093001810237943072e-01 1.922214542462832242e+03 3.055448012444062442e+02 1.731999999999999886e+02
1.250000000000000000e+02 7.000000000000000666e-02 7.311116392744123615e-01 1.740732421130872353e+03 4.351052875929802326e+02 1.731999999999999886e+02
1.250000000000000000e+02 7.000000000000000666e-02 9.179629277587210145e-01 2.193412825084323231e+03 9.843256623932385310e+02 1.731999999999999886e+02
1.250000000000000000e+02 7.000000000000000666e-02 8.337011216980855233e-01 1.960180558989056408e+03 1.814918892341573553e+02 1.731999999999999886e+02
1.250000000000000000e+02 7.000000000000000666e-02 6.417811568950221313e-01 1.493976755482409089e+03 8.521141959012936695e+02 1.731999999999999886e+02
1.250000000000000000e+02 7.000000000000000666e-02 8.687984620494900723e-01 2.067526248128975567e+03 9.354508207279116050e+02 1.731999999999999886e+02
1.250000000000000000e+02 7.000000000000000666e-02 7.792851921578076713e-01 1.832803188146621778e+03 8.405486124595308866e+02 1.731999999999999886e+02
1.250000000000000000e+02 7.000000000000000666e-02 9.022172848970195780e-01 2.055513654882471201e+03 1.238807987160011947e+01 1.731999999999999886e+02
1.250000000000000000e+02 7.000000000000000666e-02 7.213191746345420929e-01 1.708591224631708883e+03 1.006718574991064941e+02 1.731999999999999886e+02
1.250000000000000000e+02 7.000000000000000666e-02 7.745462523280682854e-01 1.783586510799382268e+03 7.810603426611892246e+02 1.731999999999999886e+02
1.250000000000000000e+02 7.000000000000000666e-02 8.886894874007553735e-01 2.014799302033285130e+03 4.812266697095404879e+02 1.731999999999999886e+02
1.250000000000000000e+02 7.000000000000000666e-02 8.731893389704634689e-01 2.027058360846222058e+03 9.736660744447041225e+02 1.731999999999999886e+02
1.250000000000000000e+02 7.000000000000000666e-02 4.727172599321071700e-01 1.108470964715435684e+03 6.605828651427395926e+02 1.731999999999999886e+02
1.250000000000000000e+02 7.000000000000000666e-02 4.922166463306079653e-01 1.190435317316915416e+03 7.600172829434358164e+02 1.731999999999999886e+02
1.250000000000000000e+02 7.000000000000000666e-02 7.784121357541559094e-01 1.837133354524622519e+03 8.679550789995867035e+02 1.731999999999999886e+02
1.250000000000000000e+02 7.000000000000000666e-02 6.245022221114735483e-01 1.476209138306180876e+03 8.726467521173273099e+02 1.731999999999999886e+02
1.250000000000000000e+02 7.000000000000000666e-02 6.607495920877671791e-01 1.566830869081882838e+03 5.026363426541459489e+02 1.731999999999999886e+02
1.250000000000000000e+02 7.000000000000000666e-02 5.910852365174051881e-01 1.418770916903126135e+03 3.865873332050305748e+02 1.731999999999999886e+02
1.250000000000000000e+02 7.000000000000000666e-02 8.901198130413948695e-01 2.021508065858235568e+03 1.860148099280451675e+02 1.731999999999999886e+02
1.250000000000000000e+02 7.000000000000000666e-02 7.975835657087573249e-01 1.894098239448028835e+03 7.923338541110697406e+02 1.731999999999999886e+02
1.250000000000000000e+02 7.000000000000000666e-02 9.222087895118912249e-01 2.041635412830879886e+03 8.124365009415129180e+02 1.731999999999999886e+02
1.250000000000000000e+02 7.000000000000000666e-02 6.267904848583302213e-01 1.434877058997703443e+03 1.186280216402609398e+02 1.731999999999999886e+02
1.250000000000000000e+02 7.000000000000000666e-02 9.130237048326583782e-01 2.071490625140862903e+03 4.646323354373716938e+02 1.731999999999999886e+02
1.250000000000000000e+02 7.000000000000000666e-02 9.677221867067236083e-01 2.207130981603661894e+03 6.692662289519556680e+02 1.731999999999999886e+02
1.250000000000000000e+02 7.000000000000000666e-02 5.838973650457569553e-01 1.338244893507079269e+03 8.826434430577736521e+02 1.731999999999999886e+02
1.250000000000000000e+02 7.000000000000000666e-02 8.392481985446319515e-01 1.997856438176247593e+03 7.237988653376786488e+02 1.731999999999999886e+02
1.250000000000000000e+02 7.000000000000000666e-02 7.880567149222836854e-01 1.747805762158281595e+03 7.240376470580125101e+01 1.731999999999999886e+02
1.250000000000000000e+02 7.000000000000000666e-02 9.287258292428073325e-01 2.172630994810489028e+03 8.012162103705649940e+01 1.731999999999999886e+02
1.250000000000000000e+02 7.000000000000000666e-02 9.283929358765941053e-01 2.126426715920114475e+03 1.494142384274957749e+02 1.731999999999999886e+02
1.250000000000000000e+02 7.000000000000000666e-02 7.620594430794725982e-01 1.759897615786576580e+03 4.880757304301693580e+02 1.731999999999999886e+02
1.250000000000000000e+02 7.000000000000000666e-02 9.986194784573463323e-01 2.271698912826394007e+03 6.466091013164025298e+02 1.731999999999999886e+02
1.250000000000000000e+02 7.000000000000000666e-02 7.373644210665917242e-01 1.766723010604635419e+03 9.851779282761962122e+02 1.731999999999999886e+02
1.250000000000000000e+02 7.000000000000000666e-02 7.582431294602767213e-01 1.699366872407022811e+03 8.612567357366043552e+02 1.731999999999999886e+02
1.250000000000000000e+02 7.000000000000000666e-02 8.842539535278350904e-01 2.046868171316028565e+03 7.512403648604790760e+02 1.731999999999999886e+02
1.250000000000000000e+02 7.000000000000000666e-02 7.702642157033473547e-01 1.808918110040453939e+03 3.465547422512196931e+02 1.731999999999999886e+02
1.250000000000000000e+02 7.000000000000000666e-02 8.009748828373579599e-01 1.838106758544360218e+03 7.533506574691940614e+02 1.731999999999999886e+02
1.250000000000000000e+02 7.000000000000000666e-02 7.709006778119495973e-01 1.714542857286039634e+03 9.009507184419272789e+02 1.731999999999999886e+02
1.250000000000000000e+02 7.000000000000000666e-02 6.320683380447273958e-01 1.471719283933447741e+03 7.948763435474020298e+02 1.731999999999999886e+02
1.250000000000000000e+02 7.000000000000000666e-02 5.749215127458114916e-01 1.296469219648602348e+03 1.806959840309650076e+02 1.731999999999999886e+02
1.250000000000000000e+02 7.000000000000000666e-02 8.148394181663093372e-01 1.825174564051368179e+03 1.871020187050347658e+02 1.731999999999999886e+02
1.250000000000000000e+02 7.000000000000000666e-02 4.768928679411107430e-01 1.149647750697797619e+03 8.559972851598198531e+02 1.731999999999999886e+02
1.250000000000000000e+02 7.000000000000000666e-02 7.168187836391116674e-01 1.642446415900207285e+03 2.962418330653627550e+02 1.731999999999999886e+02
1.250000000000000000e+02 7.000000000000000666e-02 5.441699086901652382e-01 1.250248268138178901e+03 7.345833365127194838e+02 1.731999999999999886e+02
1.250000000000000000e+02 7.000000000000000666e-02 7.108303635136508092e-01 1.673690347587474662e+03 7.182755261689534336e+02 1.731999999999999886e+02
1.250000000000000000e+02 7.000000000000000666e-02 7.666758124117739603e-01 1.788382707605862379e+03 3.840943744258996730e+02 1.731999999999999886e+02
1.250000000000000000e+02 7.000000000000000666e-02 8.551184308696543335e-01 2.036340259837147414e+03 6.979285989174386486e+02 1.731999999999999886e+02
1.250000000000000000e+02 7.000000000000000666e-02 5.598546831273728541e-01 1.269176019790840655e+03 9.155802588550322980e+02 1.731999999999999886e+02
1.250000000000000000e+02 7.000000000000000666e-02 6.970612849234941732e-01 1.567454460224390232e+03 8.295086660860179109e+02 1.731999999999999886e+02
1.250000000000000000e+02 7.000000000000000666e-02 9.400338003919341823e-01 2.165504477287504415e+03 8.160964995921747231e+02 1.731999999999999886e+02
1.250000000000000000e+02 7.000000000000000666e-02 7.074352149631090159e-01 1.701763733609624524e+03 5.957424529366587649e+02 1.731999999999999886e+02
1.250000000000000000e+02 7.000000000000000666e-02 4.914263838746646962e-01 1.177613592374733116e+03 9.763970506839301606e+02 1.731999999999999886e+02
1.250000000000000000e+02 7.000000000000000666e-02 5.780150726801839278e-01 1.332588977780535515e+03 6.553689369548642389e+02 1.731999999999999886e+02
1.250000000000000000e+02 7.000000000000000666e-02 4.593019973085248897e-01 1.072512767546281566e+03 3.743320194176496329e+02 1.731999999999999886e+02
1.250000000000000000e+02 7.000000000000000666e-02 5.828002700220031862e-01 1.300895200214799615e+03 5.464475769904793196e+02 1.731999999999999886e+02
1.250000000000000000e+02 7.000000000000000666e-02 5.684098851074675940e-01 1.325540892728670315e+03 9.141334162353628017e+02 1.731999999999999886e+02
1.250000000000000000e+02 7.000000000000000666e-02 4.469855505341986390e-01 1.039319844879202492e+03 7.374161493512748393e+02 1.731999999999999886e+02
1.250000000000000000e+02 7.000000000000000666e-02 5.010767009169584396e-01 1.180784866973351654e+03 4.546065721112562414e+02 1.731999999999999886e+02
1.250000000000000000e+02 7.000000000000000666e-02 9.113997263377386915e-01 2.144941337524902337e+03 1.491123031225817783e+02 1.731999999999999886e+02
1.250000000000000000e+02 7.000000000000000666e-02 6.940796354759740661e-01 1.628079585569618985e+03 8.397699553507760584e+02 1.731999999999999886e+02
1.250000000000000000e+02 7.000000000000000666e-02 6.957291962081338932e-01 1.637537680181471842e+03 1.980389799142587890e+02 1.731999999999999886e+02
1.250000000000000000e+02 7.000000000000000666e-02 8.307158929281209803e-01 1.935159683401910570e+03 7.487240589690870820e+02 1.731999999999999886e+02
1.250000000000000000e+02 7.000000000000000666e-02 6.471194506806006164e-01 1.550778762438463900e+03 2.848775176259027830e+02 1.731999999999999886e+02
1.250000000000000000e+02 7.000000000000000666e-02 9.018358844448060019e-01 2.146077215773801527e+03 1.791399850464821100e+02 1.731999999999999886e+02
1.250000000000000000e+02 7.000000000000000666e-02 7.779171419191514003e-01 1.801021652394924786e+03 2.218634057173796634e+02 1.731999999999999886e+02
1.250000000000000000e+02 7.000000000000000666e-02 8.078477264257064583e-01 1.823220578072014632e+03 9.719389409470411465e+02 1.731999999999999886e+02
1.250000000000000000e+02 7.000000000000000666e-02 6.221216109456796373e-01 1.404891326042100900e+03 6.153836786728356856e+02 1.731999999999999886e+02
1.250000000000000000e+02 7.000000000000000666e-02 6.548884036528094255e-01 1.511702607121711480e+03 6.192092175761385988e+02 1.731999999999999886e+02
1.250000000000000000e+02 7.000000000000000666e-02 9.652781829996250895e-01 2.273785559264165386e+03 3.372240896783889639e+02 1.731999999999999886e+02
1.250000000000000000e+02 7.000000000000000666e-02 4.995882242718732713e-01 1.143290947977521910e+03 7.278680995937457965e+02 1.731999999999999886e+02
1.250000000000000000e+02 7.000000000000000666e-02 6.318248336662913855e-01 1.436141198371043856e+03 8.096563327276774089e+02 1.731999999999999886e+02
1.250000000000000000e+02 7.000000000000000666e-02 6.619043908634899553e-01 1.492953691533537949e+03 9.715326387589067281e+02 1.731999999999999886e+02
1.250000000000000000e+02 7.000000000000000666e-02 6.871380122583216066e-01 1.648089912493806878e+03 4.854650501305637817e+02 1.731999999999999886e+02
1.250000000000000000e+02 7.000000000000000666e-02 6.707378568094006788e-01 1.590386363569064542e+03 1.820114377644324861e+02 1.731999999999999886e+02
1.250000000000000000e+02 7.000000000000000666e-02 9.769909038801809498e-01 2.330179203550959755e+03 8.957072711913731382e+02 1.731999999999999886e+02
1.250000000000000000e+02 7.000000000000000666e-02 5.826128858976851177e-01 1.342355546347358995e+03 1.107868162082040442e+02 1.731999999999999886e+02
1.250000000000000000e+02 7.000000000000000666e-02 7.074397329707456938e-01 1.682418171989042548e+03 7.505289508764506081e+02 1.731999999999999886e+02
1.250000000000000000e+02 7.000000000000000666e-02 9.422288852386369040e-01 2.163464890355608532e+03 3.207938717329492420e+02 1.731999999999999886e+02
1.250000000000000000e+02 7.000000000000000666e-02 8.765934564375840177e-01 2.072919092879355958e+03 8.815553525464870290e+02 1.731999999999999886e+02
1.250000000000000000e+02 7.000000000000000666e-02 9.605966000186680898e-01 2.300428798985951289e+03 4.896334617343521813e+02 1.731999999999999886e+02
1.250000000000000000e+02 7.000000000000000666e-02 7.184859968603449776e-01 1.634264427635819629e+03 1.785165099696816071e+02 1.731999999999999886e+02
1.250000000000000000e+02 7.000000000000000666e-02 6.810598923469821653e-01 1.573309576393361112e+03 7.300043878226979359e+02 1.731999999999999886e+02
1.250000000000000000e+02 7.000000000000000666e-02 6.976351891706207287e-01 1.636545839978003642e+03 8.642779337311270638e+02 1.731999999999999886e+02
1.250000000000000000e+02 7.000000000000000666e-02 6.575407586125555648e-01 1.498105771086443383e+03 2.245612058660852597e+02 1.731999999999999886e+02
1.250000000000000000e+02 7.000000000000000666e-02 6.037126310260109152e-01 1.357528101360955134e+03 5.301008124711415093e+01 1.731999999999999886e+02
1.250000000000000000e+02 7.000000000000000666e-02 7.652104081608026576e-01 1.717272856873895307e+03 4.461801211785198120e+02 1.731999999999999886e+02
1.250000000000000000e+02 7.000000000000000666e-02 9.087517799269104746e-01 2.110383774942848504e+03 4.161387952933623069e+02 1.731999999999999886e+02
1.250000000000000000e+02 7.000000000000000666e-02 7.584024306996540732e-01 1.768257798315416494e+03 3.200181744325441286e+02 1.731999999999999886e+02
1.250000000000000000e+02 7.000000000000000666e-02 7.490939992174161510e-01 1.725427779703570650e+03 8.922573626386734986e+02 1.731999999999999886e+02
1.250000000000000000e+02 7.000000000000000666e-02 6.481278264914843712e-01 1.492640311803369059e+03 6.794375774300763169e+02 1.731999999999999886e+02
1.250000000000000000e+02 7.000000000000000666e-02 7.359080559094155483e-01 1.723954417252562280e+03 6.819399599533970786e+02 1.731999999999999886e+02
1.250000000000000000e+02 7.000000000000000666e-02 9.551093630178074667e-01 2.191626799014386961e+03 3.817147988059852537e+02 1.731999999999999886e+02
1.250000000000000000e+02 7.000000000000000666e-02 7.234588478407876222e-01 1.631863574761320706e+03 6.347472593450519298e+02 1.731999999999999886e+02
1.250000000000000000e+02 7.000000000000000666e-02 5.229392104616222836e-01 1.257950654319331079e+03 9.423025308909645901e+02 1.731999999999999886e+02
1.250000000000000000e+02 7.000000000000000666e-02 5.746239889729477524e-01 1.295288266486227485e+03 9.935159764815977042e+02 1.731999999999999886e+02
1.250000000000000000e+02 7.000000000000000666e-02 6.326447839210533886e-01 1.448269413603060912e+03 6.126542711715177347e+02 1.731999999999999886e+02
1.250000000000000000e+02 7.000000000000000666e-02 8.450564431456275560e-01 1.938734115428705536e+03 7.967683194796125008e+02 1.731999999999999886e+02
1.250000000000000000e+02 7.000000000000000666e-02 9.733432447484295924e-01 2.281331928226781201e+03 3.486174377934146662e+01 1.731999999999999886e+02
1.250000000000000000e+02 7.000000000000000666e-02 5.846794756008261151e-01 1.357123989095239494e+03 1.751780337669139840e+02 1.731999999999999886e+02
1.250000000000000000e+02 7.000000000000000666e-02 9.475509807525615003e-01 2.210077821229245274e+03 4.388427208192289868e+02 1.731999999999999886e+02
1.250000000000000000e+02 7.000000000000000666e-02 9.707914285612503358e-01 2.263972733382624483e+03 2.222350175241815293e+02 1.731999999999999886e+02
1.250000000000000000e+02 7.000000000000000666e-02 9.238637268387408508e-01 2.209644544967465208e+03 3.834321592756875248e+02 1.731999999999999886e+02
1.250000000000000000e+02 7.000000000000000666e-02 6.021012529663957169e-01 1.356208875061359322e+03 3.706299758220182525e+02 1.731999999999999886e+02
1.250000000000000000e+02 7.000000000000000666e-02 6.653873628756640235e-01 1.493622288912386921e+03 1.725729437498126231e+02 1.731999999999999886e+02
1.250000000000000000e+02 7.000000000000000666e-02 8.645263033786148021e-01 2.021182475161296225e+03 1.090708208589600758e+01 1.731999999999999886e+02
1.250000000000000000e+02 7.000000000000000666e-02 4.849897810189532921e-01 1.167297031585999321e+03 4.061708045697293414e+02 1.731999999999999886e+02
1.250000000000000000e+02 7.000000000000000666e-02 7.939987377061202833e-01 1.791528247463619664e+03 4.707582181105077552e+02 1.731999999999999886e+02
1.250000000000000000e+02 7.000000000000000666e-02 6.610378029596734040e-01 1.541074156700164622e+03 7.812363030633454173e+02 1.731999999999999886e+02
1.250000000000000000e+02 7.000000000000000666e-02 7.981079637068312360e-01 1.875041789121184365e+03 5.195047719297006097e+02 1.731999999999999886e+02
1.250000000000000000e+02 7.000000000000000666e-02 9.355671028576275638e-01 2.215926677254251445e+03 4.041629697885376800e+02 1.731999999999999886e+02
1.250000000000000000e+02 7.000000000000000666e-02 9.327516491635513551e-01 2.201993515752413259e+03 4.877257733662478358e+02 1.731999999999999886e+02
1.250000000000000000e+02 7.000000000000000666e-02 9.344735417331012650e-01 2.098386993288684607e+03 3.102017733061212539e+02 1.731999999999999886e+02
1.250000000000000000e+02 7.000000000000000666e-02 5.329548008211166810e-01 1.212615524557361596e+03 9.189175397425850633e+02 1.731999999999999886e+02
1.250000000000000000e+02 7.000000000000000666e-02 5.843773375467877784e-01 1.336630558833541500e+03 4.349507153749213728e+01 1.731999999999999886e+02
1.250000000000000000e+02 7.000000000000000666e-02 9.731595805934398768e-01 2.243196246331805014e+03 6.155212529105571093e+02 1.731999999999999886e+02
1.250000000000000000e+02 7.000000000000000666e-02 6.575986147864021358e-01 1.459479512271261228e+03 2.564983677252472489e+02 1.731999999999999886e+02
1.250000000000000000e+02 7.000000000000000666e-02 6.286269211122281764e-01 1.461142603756009294e+03 5.825584897666501547e+02 1.731999999999999886e+02
1.250000000000000000e+02 7.000000000000000666e-02 6.358206619250703628e-01 1.472685375668934057e+03 7.148502921943133970e+01 1.731999999999999886e+02
1.250000000000000000e+02 7.000000000000000666e-02 8.883921672631858169e-01 2.062178025814540888e+03 9.985422082885595785e+01 1.731999999999999886e+02
1.250000000000000000e+02 7.000000000000000666e-02 6.186151594721100988e-01 1.434903415048421493e+03 5.701827442017806788e+02 1.731999999999999886e+02
1.250000000000000000e+02 7.000000000000000666e-02 4.891639518094424988e-01 1.176056886305824719e+03 2.281152341465466691e+02 1.731999999999999886e+02
1.250000000000000000e+02 7.000000000000000666e-02 9.183322773781413817e-01 2.057049052057909648e+03 7.264568373881683101e+02 1.731999999999999886e+02
1.250000000000000000e+02 7.000000000000000666e-02 6.943801648175058627e-01 1.629133222568705605e+03 6.090192539254311441e+02 1.731999999999999886e+02
1.250000000000000000e+02 7.000000000000000666e-02 9.445318433401225233e-01 2.118202332331337402e+03 5.834485823429057518e+02 1.731999999999999886e+02
1.250000000000000000e+02 7.000000000000000666e-02 9.030983374405358033e-01 2.066866695956890908e+03 5.909601971043309732e+02 1.731999999999999886e+02
1.250000000000000000e+02 7.000000000000000666e-02 9.789815351563154744e-01 2.198414684159241006e+03 5.497253635937476020e+02 1.731999999999999886e+02
1.250000000000000000e+02 7.000000000000000666e-02 7.373542542647958387e-01 1.700021811491930066e+03 9.369940371270356536e+02 1.731999999999999886e+02
1.250000000000000000e+02 7.000000000000000666e-02 8.668036508592308342e-01 1.969638409015392426e+03 8.571445297157717960e+02 1.731999999999999886e+02
1.250000000000000000e+02 7.000000000000000666e-02 5.759981065186552396e-01 1.285247322785387269e+03 4.267090390794547830e+02 1.731999999999999886e+02
1.250000000000000000e+02 7.000000000000000666e-02 5.070867383496974190e-01 1.207954049654548044e+03 1.748794880423438940e+02 1.731999999999999886e+02
1.250000000000000000e+02 7.000000000000000666e-02 7.827821610748172398e-01 1.849783721049891710e+03 7.051396635791151084e+02 1.731999999999999886e+02
1.250000000000000000e+02 7.000000000000000666e-02 5.703526146069727298e-01 1.376837926640156866e+03 8.717562812870932021e+02 1.731999999999999886e+02
1.250000000000000000e+02 7.000000000000000666e-02 8.126554436514616953e-01 1.945282452530541377e+03 9.442461146699592973e+02 1.731999999999999886e+02
1.250000000000000000e+02 7.000000000000000666e-02 7.638115900490780596e-01 1.736638559659435941e+03 1.386043978711138891e+02 1.731999999999999886e+02
1.250000000000000000e+02 7.000000000000000666e-02 9.449188459497491754e-01 2.253160086642293663e+03 4.325157258089843140e+02 1.731999999999999886e+02
1.250000000000000000e+02 7.000000000000000666e-02 9.936366288412524783e-01 2.326202079665770725e+03 7.967145499399031223e+02 1.731999999999999886e+02
1.250000000000000000e+02 7.000000000000000666e-02 6.383084915312030594e-01 1.520694877477712453e+03 4.823012374194111089e+02 1.731999999999999886e+02
1.250000000000000000e+02 7.000000000000000666e-02 6.725711245135865823e-01 1.501752563248127444e+03 1.143437433661219700e+02 1.731999999999999886e+02
1.250000000000000000e+02 7.000000000000000666e-02 9.495418569600195813e-01 2.271832222428677596e+03 7.486912385447641327e+02 1.731999999999999886e+02
1.250000000000000000e+02 7.000000000000000666e-02 7.042357168112333143e-01 1.635574769031640699e+03 1.090270811933974358e+02 1.731999999999999886e+02
1.250000000000000000e+02 7.000000000000000666e-02 9.075191162555686919e-01 2.150975008137074383e+03 6.551292674493813593e+02 1.731999999999999886e+02
1.250000000000000000e+02 7.000000000000000666e-02 9.765781281640352196e-01 2.203714491161942533e+03 3.054688560483219248e+02 1.731999999999999886e+02
1.250000000000000000e+02 7.000000000000000666e-02 7.978825279300552076e-01 1.780439638628262401e+03 1.255058256244482635e+02 1.731999999999999886e+02
1.250000000000000000e+02 7.000000000000000666e-02 8.809875308578504205e-01 2.084988052435956888e+03 4.341103181046969439e+02 1.731999999999999886e+02
1.250000000000000000e+02 7.000000000000000666e-02 7.084887525158255484e-01 1.589943223649843958e+03 1.169277132745262406e+02 1.731999999999999886e+02
1.250000000000000000e+02 7.000000000000000666e-02 8.556588397425112236e-01 1.938028151723114661e+03 4.997776012610104885e+02 1.731999999999999886e+02
1.250000000000000000e+02 7.000000000000000666e-02 7.191352061551263830e-01 1.601975436359469313e+03 1.969632525316340832e+02 1.731999999999999886e+02
1.250000000000000000e+02 7.000000000000000666e-02 6.684221351865808902e-01 1.602458901912965757e+03 3.125944168892321500e+02 1.731999999999999886e+02
1.250000000000000000e+02 7.000000000000000666e-02 8.923335430605833229e-01 2.116138517813202725e+03 9.863542115844562659e+02 1.731999999999999886e+02
1.250000000000000000e+02 7.000000000000000666e-02 5.717367974262823616e-01 1.356755322946327851e+03 9.715651947255597634e+02 1.731999999999999886e+02
1.250000000000000000e+02 7.000000000000000666e-02 9.836872622166431546e-01 2.289746404663369503e+03 2.737918697837938566e+02 1.731999999999999886e+02
1.250000000000000000e+02 7.000000000000000666e-02 9.490372662436572515e-01 2.195877172889790927e+03 5.776625976388444315e+02 1.731999999999999886e+02
1.250000000000000000e+02 7.000000000000000666e-02 4.512438192166115525e-01 1.022265272011061597e+03 5.534275959867725305e+02 1.731999999999999886e+02
1.250000000000000000e+02 7.000000000000000666e-02 7.992718720290015177e-01 1.814441041407811781e+03 4.532905038816077194e+02 1.731999999999999886e+02
1.250000000000000000e+02 7.000000000000000666e-02 9.270810480977396129e-01 2.078784510728756686e+03 7.792534110439032702e+02 1.731999999999999886e+02
1.250000000000000000e+02 7.000000000000000666e-02 7.983855925467686632e-01 1.864192878946941846e+03 8.851880838538012313e+02 1.731999999999999886e+02
1.250000000000000000e+02 7.000000000000000666e-02 6.520795198252022917e-01 1.492481217897325905e+03 4.872747265973924300e+02 1.731999999999999886e+02
1.250000000000000000e+02 7.000000000000000666e-02 6.927095219088291733e-01 1.641460498536274827e+03 3.042220366844188106e+02 1.731999999999999886e+02
1.250000000000000000e+02 7.000000000000000666e-02 4.207158882205877526e-01 1.002727609810307740e+03 2.025993413682535333e+02 1.731999999999999886e+02
1.250000000000000000e+02 7.000000000000000666e-02 7.496673984185433515e-01 1.686115101304442305e+03 7.376270196011627149e+02 1.731999999999999886e+02
1.250000000000000000e+02 7.000000000000000666e-02 8.881129637637350527e-01 2.058593231082203602e+03 3.006042469110932203e+01 1.731999999999999886e+02
1.250000000000000000e+02 7.000000000000000666e-02 7.447814808929421604e-01 1.768205441952552292e+03 9.056053333176022591e+01 1.731999999999999886e+02
1.250000000000000000e+02 7.000000000000000666e-02 9.324249141089481219e-01 2.224232493827345024e+03 9.372293809000429974e+02 1.731999999999999886e+02
1.250000000000000000e+02 7.000000000000000666e-02 6.631268103193526109e-01 1.577437879718721433e+03 7.040031197710696915e+02 1.731999999999999886e+02
1.250000000000000000e+02 7.000000000000000666e-02 5.686258382204992801e-01 1.320241165138290398e+03 7.740051732109392333e+02 1.731999999999999886e+02
1.250000000000000000e+02 7.000000000000000666e-02 7.211402595991803777e-01 1.680769166071248492e+03 1.161988995209765818e+02 1.731999999999999886e+02
1.250000000000000000e+02 7.000000000000000666e-02 5.732005474014861823e-01 1.327380340248183074e+03 4.208642080375147287e+01 1.731999999999999886e+02
1.250000000000000000e+02 7.000000000000000666e-02 9.341052489525316638e-01 2.228538769070515627e+03 4.549263418219056234e+02 1.731999999999999886e+02
1.250000000000000000e+02 7.000000000000000666e-02 4.678883835762716048e-01 1.125012379201773228e+03 8.353280949871488019e+02 1.731999999999999886e+02
1.250000000000000000e+02 7.000000000000000666e-02 6.176304210900288583e-01 1.398859912443993608e+03 3.852881757124064279e+02 1.731999999999999886e+02
1.250000000000000000e+02 7.000000000000000666e-02 6.494158979876236693e-01 1.531257509400221807e+03 5.643030121726620791e+02 1.731999999999999886e+02
1.250000000000000000e+02 7.000000000000000666e-02 7.379397230794421114e-01 1.757210843943685632e+03 1.895665779881832691e+02 1.731999999999999886e+02
1.250000000000000000e+02 7.000000000000000666e-02 7.728725980001340812e-01 1.825673883352061239e+03 8.607223645595846051e+01 1.731999999999999886e+02
1.250000000000000000e+02 7.000000000000000666e-02 9.990523429530562272e-01 2.361292464735448903e+03 5.130060741671356936e+02 1.731999999999999886e+02
1.250000000000000000e+02 7.000000000000000666e-02 9.896329365108150755e-01 2.278304004385293410e+03 5.666286118268803875e+02 1.731999999999999886e+02
1.250000000000000000e+02 7.000000000000000666e-02 6.186086412997345851e-01 1.393941719366937605e+03 2.800898071285159858e+02 1.731999999999999886e+02
1.250000000000000000e+02 7.000000000000000666e-02 7.435024222669804894e-01 1.754096042456031682e+03 5.413000352193333811e+02 1.731999999999999886e+02
1.250000000000000000e+02 7.000000000000000666e-02 9.678706282743473333e-01 2.251294568764043106e+03 5.274839675336235132e+02 1.731999999999999886e+02
1.250000000000000000e+02 7.000000000000000666e-02 8.052994727305344824e-01 1.921560858589563622e+03 8.329260496348458673e+02 1.731999999999999886e+02
1.250000000000000000e+02 7.000000000000000666e-02 8.972751964223568688e-01 2.044869110492595837e+03 9.343975367434677537e+02 1.731999999999999886e+02
1.250000000000000000e+02 7.000000000000000666e-02 9.497684029083046653e-01 2.195513574481681644e+03 7.763206794618660069e+02 1.731999999999999886e+02
1.250000000000000000e+02 7.000000000000000666e-02 7.700466697533424609e-01 1.853947752387566652e+03 9.181511512441775267e+02 1.731999999999999886e+02
1.250000000000000000e+02 7.000000000000000666e-02 4.661528622780680697e-01 1.073682658224020997e+03 8.316080328394771186e+02 1.731999999999999886e+02
1.250000000000000000e+02 7.000000000000000666e-02 7.160160384917823029e-01 1.679878172038127559e+03 1.389641294181941760e+02 1.731999999999999886e+02
1.250000000000000000e+02 7.000000000000000666e-02 8.001572988179359580e-01 1.838998460189196976e+03 6.382994637616160389e+02 1.731999999999999886e+02
1.250000000000000000e+02 7.000000000000000666e-02 5.108517643781618212e-01 1.189327467968964584e+03 1.594365473323801439e+02 1.731999999999999886e+02
1.250000000000000000e+02 7.000000000000000666e-02 5.976597494582351899e-01 1.425564668686846289e+03 4.429688309504509220e+02 1.731999999999999886e+02
1.250000000000000000e+02 7.000000000000000666e-02 7.443844381704524116e-01 1.709111704134731553e+03 6.684602662059003819e+01 1.731999999999999886e+02
