1.250000000000000000e+02 7.000000000000000666e-02 4.558119302508886750e-02 2.846320802972130650e+02 6.522377386202171010e+02 1.731999999999999886e+02
1.250000000000000000e+02 7.000000000000000666e-02 1.216538285624006732e-01 2.987771403225123095e+02 5.005384162733796671e+01 1.731999999999999886e+02
1.250000000000000000e+02 7.000000000000000666e-02 5.467521087305318023e-02 2.857121804030885528e+02 5.127068209439951261e+02 1.731999999999999886e+02
1.250000000000000000e+02 7.000000000000000666e-02 8.903658094735845963e-02 2.638046453943576353e+02 1.757449585140810200e+02 1.731999999999999886e+02
1.250000000000000000e+02 7.000000000000000666e-02 1.039256042929963264e-01 2.798208415810144061e+02 1.424020592391950686e+02 1.731999999999999886e+02
1.250000000000000000e+02 7.000000000000000666e-02 8.348328084316146425e-02 2.920472264107021374e+02 2.953208116107009005e+02 1.731999999999999886e+02
1.250000000000000000e+02 7.000000000000000666e-02 4.451431620806336337e-02 2.619306286570431439e+02 4.923519577325045589e+02 1.731999999999999886e+02
1.250000000000000000e+02 7.000000000000000666e-02 8.644204023833856887e-02 2.665847683524857530e+02 1.789483678109667721e+02 1.731999999999999886e+02
1.250000000000000000e+02 7.000000000000000666e-02 1.632050543650829383e-02 1.893665301837074821e+02 5.595036939389168538e+02 1.731999999999999886e+02
1.250000000000000000e+02 7.000000000000000666e-02 3.364427187027380084e-02 2.530204687988878618e+02 5.980519085417015503e+02 1.731999999999999886e+02
1.250000000000000000e+02 7.000000000000000666e-02 1.076399114931969186e-01 2.719731644525081720e+02 3.883328729284390590e+01 1.731999999999999886e+02
1.250000000000000000e+02 7.000000000000000666e-02 3.637899523059879431e-02 2.544243220038048889e+02 5.938581169777529567e+02 1.731999999999999886e+02
1.250000000000000000e+02 7.000000000000000666e-02 4.041393149083404024e-02 2.310627927262018488e+02 3.613818301410776144e+02 1.731999999999999886e+02
1.250000000000000000e+02 7.000000000000000666e-02 3.228849217202892086e-02 2.710771451208393046e+02 8.109495225613956109e+02 1.731999999999999886e+02
1.250000000000000000e+02 7.000000000000000666e-02 9.263653874069666116e-02 2.471538553523665200e+02 6.765769629890638726e+01 1.731999999999999886e+02
1.250000000000000000e+02 7.000000000000000666e-02 2.040796596007211916e-02 2.432627100982064121e+02 9.292545023835104985e+02 1.731999999999999886e+02
1.250000000000000000e+02 7.000000000000000666e-02 1.098135707730430732e-01 2.647882491650040038e+02 1.202350579773242067e+01 1.731999999999999886e+02
1.250000000000000000e+02 7.000000000000000666e-02 1.836006612271644245e-02 2.159245505331696506e+02 7.049686684828499210e+02 1.731999999999999886e+02
1.250000000000000000e+02 7.000000000000000666e-02 1.489143613002153442e-02 2.122707053046372039e+02 8.659850280528933126e+02 1.731999999999999886e+02
1.250000000000000000e+02 7.000000000000000666e-02 4.721130162840827399e-02 2.038054252834642170e+02 2.005413835299547713e+02 1.731999999999999886e+02
1.250000000000000000e+02 7.000000000000000666e-02 4.821848050989235163e-02 2.793663706710389079e+02 5.699980618019667418e+02 1.731999999999999886e+02
1.250000000000000000e+02 7.000000000000000666e-02 4.304313043081117035e-02 2.599590731366731120e+02 4.997155616449593367e+02 1.731999999999999886e+02
1.250000000000000000e+02 7.000000000000000666e-02 1.363232562729245825e-02 2.110644743619422457e+02 8.981054843315644121e+02 1.731999999999999886e+02
1.250000000000000000e+02 7.000000000000000666e-02 2.306952162272240051e-02 2.460975016714143351e+02 8.912603581785270990e+02 1.731999999999999886e+02
1.250000000000000000e+02 7.000000000000000666e-02 3.625479081946402643e-02 2.670267987399977301e+02 6.700822029720366118e+02 1.731999999999999886e+02
1.250000000000000000e+02 7.000000000000000666e-02 8.435846256883294814e-02 2.194247338684485555e+02 3.886884859818136562e+01 1.731999999999999886e+02
1.250000000000000000e+02 7.000000000000000666e-02 5.981413422598462482e-02 2.110158134460643851e+02 1.439068782155932524e+02 1.731999999999999886e+02
1.250000000000000000e+02 7.000000000000000666e-02 1.648107385390459173e-02 1.725900322488221548e+02 4.067199072738446262e+02 1.731999999999999886e+02
1.250000000000000000e+02 7.000000000000000666e-02 7.879754173422182095e-02 1.958791955000439486e+02 5.176674252724421876e+01 1.731999999999999886e+02
1.250000000000000000e+02 7.000000000000000666e-02 2.571974673334868552e-02 2.065964995267106588e+02 4.367193805778143201e+02 1.731999999999999886e+02
1.250000000000000000e+02 7.000000000000000666e-02 1.110327391897277111e-01 2.945008316052322925e+02 1.081102434394889968e+02 1.731999999999999886e+02
1.250000000000000000e+02 7.000000000000000666e-02 4.640928429425508067e-02 2.511162031301505806e+02 4.232112573228642987e+02 1.731999999999999886e+02
1.250000000000000000e+02 7.000000000000000666e-02 9.583919332208165609e-02 2.795762656562998245e+02 1.801938962217103892e+02 1.731999999999999886e+02
1.250000000000000000e+02 7.000000000000000666e-02 9.002479366418594808e-02 2.561453163725889794e+02 1.302230742895165463e+02 1.731999999999999886e+02
1.250000000000000000e+02 7.000000000000000666e-02 2.517605894698412422e-02 2.025376224873247395e+02 4.315118994063828950e+02 1.731999999999999886e+02
1.250000000000000000e+02 7.000000000000000666e-02 8.523769917282120190e-02 2.436620072079683723e+02 1.195609055165322587e+02 1.731999999999999886e+02
1.250000000000000000e+02 7.000000000000000666e-02 5.133839119190162364e-02 2.452512416971121070e+02 3.279766716413577683e+02 1.731999999999999886e+02
1.250000000000000000e+02 7.000000000000000666e-02 3.697538982814410624e-02 2.683914683188047547e+02 6.450415925231786787e+02 1.731999999999999886e+02
1.250000000000000000e+02 7.000000000000000666e-02 1.196716121625662488e-01 2.945298347965633639e+02 7.227807312673016327e+01 1.731999999999999886e+02
1.250000000000000000e+02 7.000000000000000666e-02 6.016169836434222956e-02 2.234292660757192834e+02 1.754680841496285097e+02 1.731999999999999886e+02
1.250000000000000000e+02 7.000000000000000666e-02 7.694482681103009813e-02 2.151948677882376160e+02 7.785728734125378026e+01 1.731999999999999886e+02
1.250000000000000000e+02 7.000000000000000666e-02 4.800348078616567538e-02 2.206081549722032946e+02 2.553228199525827904e+02 1.731999999999999886e+02
1.250000000000000000e+02 7.000000000000000666e-02 3.963736848268420432e-02 2.307810933078542064e+02 3.775551400591816105e+02 1.731999999999999886e+02
1.250000000000000000e+02 7.000000000000000666e-02 3.752237115315397442e-02 2.680119399931281237e+02 6.560496237733300404e+02 1.731999999999999886e+02
1.250000000000000000e+02 7.000000000000000666e-02 9.022763518493866208e-02 2.713324274706248502e+02 1.850447700309217396e+02 1.731999999999999886e+02
1.250000000000000000e+02 7.000000000000000666e-02 3.398263746413162506e-02 2.931150687869412650e+02 9.770734516016834732e+02 1.731999999999999886e+02
1.250000000000000000e+02 7.000000000000000666e-02 9.524566328597677822e-02 2.596659949583986418e+02 1.209632135019133159e+02 1.731999999999999886e+02
1.250000000000000000e+02 7.000000000000000666e-02 4.797570114156000237e-02 2.725196962011821142e+02 5.130813260484615057e+02 1.731999999999999886e+02
1.250000000000000000e+02 7.000000000000000666e-02 6.163122533762625810e-02 2.575369214840007999e+02 2.976590896821141996e+02 1.731999999999999886e+02
1.250000000000000000e+02 7.000000000000000666e-02 9.027240497681333908e-02 2.731562142355876404e+02 1.958555423914134792e+02 1.731999999999999886e+02
1.250000000000000000e+02 7.000000000000000666e-02 1.041972369380574914e-01 2.519629216323212404e+02 4.546518125428374901e+01 1.731999999999999886e+02
1.250000000000000000e+02 7.000000000000000666e-02 7.762767962130551203e-02 2.347582634428767392e+02 1.486444821178900781e+02 1.731999999999999886e+02
1.250000000000000000e+02 7.000000000000000666e-02 1.081046438324473474e-01 2.575800037618254805e+02 1.538722882036513440e+01 1.731999999999999886e+02
1.250000000000000000e+02 7.000000000000000666e-02 4.612538214759817623e-02 2.459549896948010996e+02 3.713221592323090476e+02 1.731999999999999886e+02
1.250000000000000000e+02 7.000000000000000666e-02 3.005141446183121762e-02 2.584554267185931735e+02 7.490460914480224801e+02 1.731999999999999886e+02
1.250000000000000000e+02 7.000000000000000666e-02 4.754150532411482305e-02 2.524916605868967281e+02 4.259611425950717489e+02 1.731999999999999886e+02
1.250000000000000000e+02 7.000000000000000666e-02 7.735205860091361185e-02 2.081526485719588493e+02 8.206271646292449873e+01 1.731999999999999886e+02
