1.250000000000000000e+02 7.000000000000000666e-02 3.301865790274589874e-02 2.547817111025460406e+02 6.326235035285610593e+02 1.731999999999999886e+02
1.250000000000000000e+02 7.000000000000000666e-02 2.472764128384926860e-02 2.420933021370435654e+02 7.509661808905824500e+02 1.731999999999999886e+02
1.250000000000000000e+02 7.000000000000000666e-02 4.110480784280554079e-02 2.608754274461233535e+02 5.444023408781110902e+02 1.731999999999999886e+02
1.250000000000000000e+02 7.000000000000000666e-02 1.171260594390214488e-01 2.972930309964198159e+02 5.471298912324218122e+01 1.731999999999999886e+02
1.250000000000000000e+02 7.000000000000000666e-02 5.638291333284965734e-02 2.678550806941983069e+02 4.180472193944574428e+02 1.731999999999999886e+02
1.250000000000000000e+02 7.000000000000000666e-02 1.684704279696188842e-02 1.902914844904136089e+02 5.216567384413281161e+02 1.731999999999999886e+02
1.250000000000000000e+02 7.000000000000000666e-02 6.042071499463233519e-02 1.987233364131124063e+02 1.114023472603719824e+02 1.731999999999999886e+02
1.250000000000000000e+02 7.000000000000000666e-02 1.080571530022334248e-01 2.966005686280686291e+02 1.249690668122588022e+02 1.731999999999999886e+02
1.250000000000000000e+02 7.000000000000000666e-02 1.104828675646881142e-01 2.913887676530665658e+02 8.569131467122690538e+01 1.731999999999999886e+02
1.250000000000000000e+02 7.000000000000000666e-02 8.994301366607214410e-02 2.850846580996591229e+02 2.360273123390231547e+02 1.731999999999999886e+02
1.250000000000000000e+02 7.000000000000000666e-02 9.195888971076060514e-02 2.573619597085156556e+02 1.373693569390681830e+02 1.731999999999999886e+02
1.250000000000000000e+02 7.000000000000000666e-02 9.406254198790871268e-02 2.567895795241716996e+02 9.585327663260700604e+01 1.731999999999999886e+02
1.250000000000000000e+02 7.000000000000000666e-02 3.016949754825270710e-02 2.657854453859454793e+02 8.448172986241623903e+02 1.731999999999999886e+02
1.250000000000000000e+02 7.000000000000000666e-02 5.014435606525324135e-02 2.812375719504860285e+02 5.626209430720278988e+02 1.731999999999999886e+02
1.250000000000000000e+02 7.000000000000000666e-02 6.147526681600836568e-02 2.685732939510679671e+02 3.401236274978789424e+02 1.731999999999999886e+02
1.250000000000000000e+02 7.000000000000000666e-02 1.399026826616670688e-02 2.147610651120632497e+02 9.602792171773920700e+02 1.731999999999999886e+02
1.250000000000000000e+02 7.000000000000000666e-02 1.056271819467017870e-01 2.477623073359596901e+02 1.228382730362368491e+01 1.731999999999999886e+02
1.250000000000000000e+02 7.000000000000000666e-02 3.805362357116662264e-02 2.221030549792702686e+02 3.688174436263621487e+02 1.731999999999999886e+02
1.250000000000000000e+02 7.000000000000000666e-02 2.456605921057388939e-02 2.511981386870776305e+02 8.877168898926582870e+02 1.731999999999999886e+02
1.250000000000000000e+02 7.000000000000000666e-02 3.813281852088368923e-02 2.825401920948999077e+02 7.449423681311254768e+02 1.731999999999999886e+02
1.250000000000000000e+02 7.000000000000000666e-02 8.638395763963059582e-02 2.704939514499147890e+02 2.128446398013720113e+02 1.731999999999999886e+02
1.250000000000000000e+02 7.000000000000000666e-02 1.019245394749838524e-01 2.588971645179943835e+02 5.311435851254795182e+01 1.731999999999999886e+02
1.250000000000000000e+02 7.000000000000000666e-02 9.470658241089702223e-02 2.870777798519254702e+02 2.075518853288779439e+02 1.731999999999999886e+02
1.250000000000000000e+02 7.000000000000000666e-02 7.398727047162204085e-02 2.567716647508045185e+02 2.157049645082478548e+02 1.731999999999999886e+02
1.250000000000000000e+02 7.000000000000000666e-02 8.576012238860970804e-02 2.544382538295236031e+02 1.513996727761641239e+02 1.731999999999999886e+02
1.250000000000000000e+02 7.000000000000000666e-02 1.890159964041596488e-02 1.930491788895590446e+02 5.108454379674096231e+02 1.731999999999999886e+02
1.250000000000000000e+02 7.000000000000000666e-02 1.988335858562101377e-02 2.070180108632287670e+02 5.608737059529321414e+02 1.731999999999999886e+02
1.250000000000000000e+02 7.000000000000000666e-02 5.032582225206905929e-02 2.949381115220120364e+02 6.237452357620836665e+02 1.731999999999999886e+02
1.250000000000000000e+02 7.000000000000000666e-02 8.278219691482069376e-02 2.537449954660054061e+02 1.457948484816127461e+02 1.731999999999999886e+02
1.250000000000000000e+02 7.000000000000000666e-02 7.110074319780050611e-02 2.355705721211688797e+02 1.599931042519005473e+02 1.731999999999999886e+02
1.250000000000000000e+02 7.000000000000000666e-02 9.997522893077674666e-02 2.596408410610633837e+02 6.393679537290634585e+01 1.731999999999999886e+02
1.250000000000000000e+02 7.000000000000000666e-02 3.971016274098259496e-02 2.713089225632411399e+02 6.296669480426430709e+02 1.731999999999999886e+02
1.250000000000000000e+02 7.000000000000000666e-02 7.643109499112221705e-02 2.815547896405697657e+02 2.950240550897987646e+02 1.731999999999999886e+02
1.250000000000000000e+02 7.000000000000000666e-02 4.883886378377993998e-02 1.922889807465274146e+02 1.492776641332531540e+02 1.731999999999999886e+02
1.250000000000000000e+02 7.000000000000000666e-02 3.850028712836410516e-02 1.913679481062024479e+02 2.214276072380585845e+02 1.731999999999999886e+02
1.250000000000000000e+02 7.000000000000000666e-02 5.407133919607692157e-02 2.336533423370765945e+02 2.758048384847944021e+02 1.731999999999999886e+02
1.250000000000000000e+02 7.000000000000000666e-02 1.022510434242893985e-02 1.830422050779331471e+02 8.064580599180944773e+02 1.731999999999999886e+02
1.250000000000000000e+02 7.000000000000000666e-02 1.816960925828549692e-02 2.377163289637631749e+02 9.455929243137436515e+02 1.731999999999999886e+02
1.250000000000000000e+02 7.000000000000000666e-02 3.863340679041946113e-02 2.897604610143880564e+02 8.334195847241461479e+02 1.731999999999999886e+02
1.250000000000000000e+02 7.000000000000000666e-02 5.506182547480642508e-03 1.603276877709600967e+02 9.835040216334880370e+02 1.731999999999999886e+02
1.250000000000000000e+02 7.000000000000000666e-02 6.259619773254065933e-02 2.616696009770125784e+02 3.169222545096351951e+02 1.731999999999999886e+02
1.250000000000000000e+02 7.000000000000000666e-02 1.600309196215684432e-02 2.058384927453992645e+02 7.266848610759586791e+02 1.731999999999999886e+02
1.250000000000000000e+02 7.000000000000000666e-02 3.809007526015851380e-02 2.486772271584403313e+02 5.256702680990028966e+02 1.731999999999999886e+02
1.250000000000000000e+02 7.000000000000000666e-02 4.704450200798164505e-02 2.769170024871285705e+02 5.396767782316953799e+02 1.731999999999999886e+02
1.250000000000000000e+02 7.000000000000000666e-02 7.503201252380024833e-02 2.343229420901444655e+02 1.324439756200090414e+02 1.731999999999999886e+02
1.250000000000000000e+02 7.000000000000000666e-02 1.076308276220151183e-01 2.770839923891529111e+02 8.077246037166561621e+01 1.731999999999999886e+02
1.250000000000000000e+02 7.000000000000000666e-02 3.200963631755563560e-02 2.645989695904931978e+02 7.453908732235091747e+02 1.731999999999999886e+02
1.250000000000000000e+02 7.000000000000000666e-02 3.148379258665422870e-02 2.130377668876623147e+02 3.823121239018436199e+02 1.731999999999999886e+02
1.250000000000000000e+02 7.000000000000000666e-02 1.153390109255261337e-01 2.769082330889659715e+02 2.030730117378151078e+01 1.731999999999999886e+02
1.250000000000000000e+02 7.000000000000000666e-02 8.634563833387355614e-02 2.333776922330638399e+02 7.838995933622518919e+01 1.731999999999999886e+02
1.250000000000000000e+02 7.000000000000000666e-02 1.108345899151306525e-02 1.646658958840313289e+02 5.114384340741189021e+02 1.731999999999999886e+02
1.250000000000000000e+02 7.000000000000000666e-02 4.000064344563519780e-02 2.700149971805599876e+02 6.559548243934268612e+02 1.731999999999999886e+02
1.250000000000000000e+02 7.000000000000000666e-02 8.860555353084731411e-02 2.225198404044614904e+02 6.161216588351632595e+01 1.731999999999999886e+02
1.250000000000000000e+02 7.000000000000000666e-02 7.325676558047843068e-02 2.283037399827422860e+02 1.317147588694472518e+02 1.731999999999999886e+02
1.250000000000000000e+02 7.000000000000000666e-02 7.708827289839614849e-02 2.578861941002730873e+02 1.945719868606605871e+02 1.731999999999999886e+02
1.250000000000000000e+02 7.000000000000000666e-02 4.646834719337507302e-02 2.770545526885755407e+02 5.558240463485279861e+02 1.731999999999999886e+02
1.250000000000000000e+02 7.000000000000000666e-02 7.188190857504926645e-02 1.954641150223772854e+02 7.709130606915657324e+01 1.731999999999999886e+02
1.250000000000000000e+02 7.000000000000000666e-02 7.060330132881915965e-02 2.747201763103759617e+02 3.006327163772527342e+02 1.731999999999999886e+02
1.250000000000000000e+02 7.000000000000000666e-02 2.880856078497745498e-02 2.055329612176547585e+02 3.722789489840816941e+02 1.731999999999999886e+02
