1.250000000000000000e+02 7.000000000000000666e-02 5.388194478137491028e-02 2.230141439688514993e+02 2.378266143864634898e+02 1.731999999999999886e+02
1.250000000000000000e+02 7.000000000000000666e-02 9.411348197330438037e-02 2.367819468254845674e+02 2.990510872287653754e+01 1.731999999999999886e+02
1.250000000000000000e+02 7.000000000000000666e-02 6.138278921150172596e-02 2.690970887880858413e+02 3.544106989503276850e+02 1.731999999999999886e+02
1.250000000000000000e+02 7.000000000000000666e-02 5.338883786130213527e-02 2.036155948474923889e+02 1.696049744270849260e+02 1.731999999999999886e+02
1.250000000000000000e+02 7.000000000000000666e-02 1.104411590891340583e-01 2.750889820346716874e+02 5.584953443231810866e+01 1.731999999999999886e+02
1.250000000000000000e+02 7.000000000000000666e-02 7.417654703809807570e-02 2.806225928706467130e+02 3.163398885419629210e+02 1.731999999999999886e+02
1.250000000000000000e+02 7.000000000000000666e-02 6.944511797813626708e-02 2.166685362920774480e+02 1.349631609716375635e+02 1.731999999999999886e+02
1.250000000000000000e+02 7.000000000000000666e-02 3.657110362402420795e-02 2.491205357261163726e+02 5.346578924288352255e+02 1.731999999999999886e+02
1.250000000000000000e+02 7.000000000000000666e-02 1.177492873525987360e-01 2.801821353852054699e+02 3.781703667198613772e+01 1.731999999999999886e+02
1.250000000000000000e+02 7.000000000000000666e-02 8.836240967560402004e-02 2.631725936285640159e+02 1.715318011069446982e+02 1.731999999999999886e+02
1.250000000000000000e+02 7.000000000000000666e-02 6.452532175499779699e-02 1.770454034420434937e+02 6.920496625404756230e+01 1.731999999999999886e+02
1.250000000000000000e+02 7.000000000000000666e-02 1.171466316787149464e-01 2.958684158912071211e+02 2.897661555373478848e+01 1.731999999999999886e+02
1.250000000000000000e+02 7.000000000000000666e-02 5.110661213559597460e-02 2.157050072021739311e+02 2.040868715009774519e+02 1.731999999999999886e+02
1.250000000000000000e+02 7.000000000000000666e-02 8.144802401097729627e-02 2.693183663928058991e+02 2.364697992347042543e+02 1.731999999999999886e+02
1.250000000000000000e+02 7.000000000000000666e-02 1.001886283327690502e-01 2.838955147743412226e+02 1.806828503187248032e+02 1.731999999999999886e+02
1.250000000000000000e+02 7.000000000000000666e-02 2.796586499379412338e-02 2.434890360144446504e+02 6.847457732713703535e+02 1.731999999999999886e+02
1.250000000000000000e+02 7.000000000000000666e-02 8.262965457630598587e-02 2.400404071082038797e+02 1.192730667336051198e+02 1.731999999999999886e+02
1.250000000000000000e+02 7.000000000000000666e-02 2.159002352892601395e-02 1.584214653868058917e+02 2.318216217271363462e+02 1.731999999999999886e+02
1.250000000000000000e+02 7.000000000000000666e-02 3.602115060357029275e-02 2.157754479606284690e+02 3.359393280977267864e+02 1.731999999999999886e+02
1.250000000000000000e+02 7.000000000000000666e-02 1.015073501372827786e-01 2.673033163048471010e+02 1.204758175498601673e+02 1.731999999999999886e+02
1.250000000000000000e+02 7.000000000000000666e-02 9.102725977171349792e-02 2.299660369500163597e+02 6.233778854148212645e+01 1.731999999999999886e+02
1.250000000000000000e+02 7.000000000000000666e-02 7.152678303125573067e-02 2.630409355374772531e+02 2.432755469636746284e+02 1.731999999999999886e+02
1.250000000000000000e+02 7.000000000000000666e-02 1.098326103862548725e-01 2.865730201401896124e+02 7.037991461723018460e+01 1.731999999999999886e+02
1.250000000000000000e+02 7.000000000000000666e-02 1.874381703926145115e-02 1.796884713660991224e+02 4.110235271152016026e+02 1.731999999999999886e+02
1.250000000000000000e+02 7.000000000000000666e-02 4.694086862856689663e-02 2.790299623254223889e+02 5.695376718928038144e+02 1.731999999999999886e+02
1.250000000000000000e+02 7.000000000000000666e-02 6.248127951946206432e-02 2.785130641600273975e+02 3.962583321767235702e+02 1.731999999999999886e+02
1.250000000000000000e+02 7.000000000000000666e-02 5.455534490544747261e-02 2.873103258637337376e+02 5.326999333533542540e+02 1.731999999999999886e+02
1.250000000000000000e+02 7.000000000000000666e-02 1.019886383335639884e-01 2.617170861967369433e+02 9.201823794740411699e+01 1.731999999999999886e+02
1.250000000000000000e+02 7.000000000000000666e-02 4.970453983814009102e-02 1.583839763760774986e+02 7.213962667359088243e+01 1.731999999999999886e+02
1.250000000000000000e+02 7.000000000000000666e-02 2.752282082042337499e-02 2.173507098461554392e+02 4.838691965641399975e+02 1.731999999999999886e+02
1.250000000000000000e+02 7.000000000000000666e-02 2.804338991619101731e-02 2.078216695075975622e+02 4.140568625479231741e+02 1.731999999999999886e+02
1.250000000000000000e+02 7.000000000000000666e-02 9.239272480851898339e-02 2.614332162565596605e+02 1.157558574113883765e+02 1.731999999999999886e+02
1.250000000000000000e+02 7.000000000000000666e-02 5.392429569606612544e-02 2.887720991565620352e+02 5.706988576241280953e+02 1.731999999999999886e+02
1.250000000000000000e+02 7.000000000000000666e-02 5.219717894261449720e-02 2.451278556322983206e+02 3.223147137079074014e+02 1.731999999999999886e+02
1.250000000000000000e+02 7.000000000000000666e-02 2.307299205124187930e-02 2.346486425955664004e+02 7.294027898614850756e+02 1.731999999999999886e+02
1.250000000000000000e+02 7.000000000000000666e-02 5.971096682868583944e-02 1.967595544787232598e+02 1.116909847588926823e+02 1.731999999999999886e+02
1.250000000000000000e+02 7.000000000000000666e-02 6.147932437358424873e-02 2.700562573302614737e+02 3.789373616605849975e+02 1.731999999999999886e+02
1.250000000000000000e+02 7.000000000000000666e-02 3.486379864395278833e-02 2.928357143173270174e+02 9.279308135299371543e+02 1.731999999999999886e+02
1.250000000000000000e+02 7.000000000000000666e-02 7.591442941042791936e-02 1.885251585468028850e+02 4.807161875230540460e+01 1.731999999999999886e+02
1.250000000000000000e+02 7.000000000000000666e-02 2.564591607290057224e-02 2.658149968211091618e+02 9.409546607962122380e+02 1.731999999999999886e+02
1.250000000000000000e+02 7.000000000000000666e-02 4.722098217810734994e-02 2.550914991729255803e+02 4.374922032310460054e+02 1.731999999999999886e+02
1.250000000000000000e+02 7.000000000000000666e-02 1.683472377453847438e-02 1.502383845167302070e+02 2.680690415995898661e+02 1.731999999999999886e+02
1.250000000000000000e+02 7.000000000000000666e-02 1.098926149157362087e-01 2.888250400590193294e+02 1.321116107761815783e+02 1.731999999999999886e+02
1.250000000000000000e+02 7.000000000000000666e-02 2.843319234403631976e-02 2.176376679569354167e+02 4.716296330173778983e+02 1.731999999999999886e+02
1.250000000000000000e+02 7.000000000000000666e-02 1.660899774182504618e-02 2.157860721547709772e+02 8.162874066031814664e+02 1.731999999999999886e+02
1.250000000000000000e+02 7.000000000000000666e-02 8.072778181702583433e-02 2.163976224786517832e+02 7.678682238516992697e+01 1.731999999999999886e+02
1.250000000000000000e+02 7.000000000000000666e-02 9.786606186779434058e-02 2.506842168327012246e+02 8.560643632948921322e+01 1.731999999999999886e+02
1.250000000000000000e+02 7.000000000000000666e-02 1.805274707360909545e-02 1.694124772641825984e+02 3.631850986162809818e+02 1.731999999999999886e+02
1.250000000000000000e+02 7.000000000000000666e-02 4.750798253079276112e-02 2.660961665109705905e+02 4.731263510392668081e+02 1.731999999999999886e+02
1.250000000000000000e+02 7.000000000000000666e-02 3.455573609547944736e-02 1.882420336244684620e+02 2.325558586898965530e+02 1.731999999999999886e+02
1.250000000000000000e+02 7.000000000000000666e-02 6.084125549386181636e-02 2.709294500419575797e+02 3.616899716569062662e+02 1.731999999999999886e+02
1.250000000000000000e+02 7.000000000000000666e-02 6.389721682613756781e-02 2.584606729528669575e+02 2.866777637407643056e+02 1.731999999999999886e+02
1.250000000000000000e+02 7.000000000000000666e-02 1.183166403205858086e-01 2.934320064021594590e+02 9.354348059907985657e+01 1.731999999999999886e+02
1.250000000000000000e+02 7.000000000000000666e-02 2.117583089542404359e-02 1.733685033486896998e+02 3.048304986749952263e+02 1.731999999999999886e+02
1.250000000000000000e+02 7.000000000000000666e-02 2.315176123896225263e-02 2.215266761524163428e+02 6.130370483472828482e+02 1.731999999999999886e+02
1.250000000000000000e+02 7.000000000000000666e-02 3.176376498739295201e-02 2.829600431366601470e+02 9.470522116662993994e+02 1.731999999999999886e+02
1.250000000000000000e+02 7.000000000000000666e-02 1.107676554326286061e-01 2.832885685859695286e+02 1.038573450736608095e+02 1.731999999999999886e+02
1.250000000000000000e+02 7.000000000000000666e-02 6.860363782256069520e-02 2.992146849570010545e+02 4.213752634060205651e+02 1.731999999999999886e+02
1.250000000000000000e+02 7.000000000000000666e-02 1.623163295919490684e-02 2.002617820176033945e+02 6.537348840921071087e+02 1.731999999999999886e+02
1.250000000000000000e+02 7.000000000000000666e-02 8.144471711676964931e-02 2.854502690644499125e+02 2.816692429345666824e+02 1.731999999999999886e+02
1.250000000000000000e+02 7.000000000000000666e-02 7.720332383375108631e-02 2.758580707877425198e+02 2.579670118906524294e+02 1.731999999999999886e+02
1.250000000000000000e+02 7.000000000000000666e-02 3.078349922597486271e-02 1.664159969634893059e+02 1.823418085231903660e+02 1.731999999999999886e+02
1.250000000000000000e+02 7.000000000000000666e-02 1.105698928568762951e-01 2.811789246858155025e+02 5.505175573130893696e+01 1.731999999999999886e+02
1.250000000000000000e+02 7.000000000000000666e-02 3.329106646198871922e-02 1.870620549943646438e+02 2.303206119478274161e+02 1.731999999999999886e+02
1.250000000000000000e+02 7.000000000000000666e-02 4.256021392861288749e-02 2.589256005015616324e+02 4.971633850311447986e+02 1.731999999999999886e+02
1.250000000000000000e+02 7.000000000000000666e-02 2.904897788818696508e-02 2.645495107590837165e+02 8.437610945579372128e+02 1.731999999999999886e+02
1.250000000000000000e+02 7.000000000000000666e-02 9.371277426430468793e-02 2.532071790506203115e+02 9.808199017516945162e+01 1.731999999999999886e+02
1.250000000000000000e+02 7.000000000000000666e-02 4.925051943548854755e-02 2.444932281574010062e+02 3.341892172122139755e+02 1.731999999999999886e+02
