1.250000000000000000e+02 7.000000000000000666e-02 4.666505248430966035e-02 2.052057748000910351e+02 2.093887473995900450e+02 1.731999999999999886e+02
1.250000000000000000e+02 7.000000000000000666e-02 5.980186277041436849e-02 1.742640045107005733e+02 6.716903626879155809e+01 1.731999999999999886e+02
1.250000000000000000e+02 7.000000000000000666e-02 1.004178117295599360e-01 2.883179894051044698e+02 1.627581153475477151e+02 1.731999999999999886e+02
1.250000000000000000e+02 7.000000000000000666e-02 6.212689052155071640e-02 2.633740240296625075e+02 3.469637954410809471e+02 1.731999999999999886e+02
1.250000000000000000e+02 7.000000000000000666e-02 3.162213780412655856e-02 2.877131692125265090e+02 9.726399930704998269e+02 1.731999999999999886e+02
1.250000000000000000e+02 7.000000000000000666e-02 3.056472097883332698e-02 2.509926306210001030e+02 6.895547455698413160e+02 1.731999999999999886e+02
1.250000000000000000e+02 7.000000000000000666e-02 3.708575131557224208e-02 2.919801422940902285e+02 9.042826278729114620e+02 1.731999999999999886e+02
1.250000000000000000e+02 7.000000000000000666e-02 5.844772549050994415e-02 2.976964748152122411e+02 5.626830477694669526e+02 1.731999999999999886e+02
1.250000000000000000e+02 7.000000000000000666e-02 9.964763109776723915e-02 2.480083541924530834e+02 1.044372225015778533e+01 1.731999999999999886e+02
1.250000000000000000e+02 7.000000000000000666e-02 5.566166338351051512e-02 2.369048027542399382e+02 2.613484597890083023e+02 1.731999999999999886e+02
1.250000000000000000e+02 7.000000000000000666e-02 7.096556651389028525e-02 2.943374409096986710e+02 3.781498599273996319e+02 1.731999999999999886e+02
1.250000000000000000e+02 7.000000000000000666e-02 9.789710816107514979e-02 2.808449743008129644e+02 1.627672556302199496e+02 1.731999999999999886e+02
1.250000000000000000e+02 7.000000000000000666e-02 7.453662698292780331e-02 1.795800682341412084e+02 3.314302535059922405e+01 1.731999999999999886e+02
1.250000000000000000e+02 7.000000000000000666e-02 4.327534235845461458e-02 2.327942896644964605e+02 3.534795487990404013e+02 1.731999999999999886e+02
1.250000000000000000e+02 7.000000000000000666e-02 3.460468171866135090e-02 2.038084422338626496e+02 3.054623947220648006e+02 1.731999999999999886e+02
1.250000000000000000e+02 7.000000000000000666e-02 1.148904956076389344e-01 2.847568542489432275e+02 3.592592671703371821e+01 1.731999999999999886e+02
1.250000000000000000e+02 7.000000000000000666e-02 3.877777288376085818e-02 2.735800954224169459e+02 6.550855971520627463e+02 1.731999999999999886e+02
1.250000000000000000e+02 7.000000000000000666e-02 9.536686715355943700e-02 2.744736576870315616e+02 1.652663342547563161e+02 1.731999999999999886e+02
1.250000000000000000e+02 7.000000000000000666e-02 6.598151041690046570e-02 1.926564374032960245e+02 9.086099569690523481e+01 1.731999999999999886e+02
1.250000000000000000e+02 7.000000000000000666e-02 1.151534981241940647e-01 2.875230821866359747e+02 7.177786490536757924e+01 1.731999999999999886e+02
1.250000000000000000e+02 7.000000000000000666e-02 5.741625252854074685e-02 2.693056588195988752e+02 3.899735473688652974e+02 1.731999999999999886e+02
1.250000000000000000e+02 7.000000000000000666e-02 2.131076442043657732e-02 2.143181672382109468e+02 6.141037289365590368e+02 1.731999999999999886e+02
1.250000000000000000e+02 7.000000000000000666e-02 4.897165708505933635e-02 2.403073390032809016e+02 3.328758402235266090e+02 1.731999999999999886e+02
1.250000000000000000e+02 7.000000000000000666e-02 7.457458572543813891e-02 2.735383577337506722e+02 2.610092594553451022e+02 1.731999999999999886e+02
1.250000000000000000e+02 7.000000000000000666e-02 1.270942899353888489e-01 2.996397253703668753e+02 1.785242899721580301e+01 1.731999999999999886e+02
1.250000000000000000e+02 7.000000000000000666e-02 1.373334007579253731e-02 2.080091959592195394e+02 8.439492264422239032e+02 1.731999999999999886e+02
1.250000000000000000e+02 7.000000000000000666e-02 3.421102395469162449e-02 2.921227803949635700e+02 9.845996349017012790e+02 1.731999999999999886e+02
1.250000000000000000e+02 7.000000000000000666e-02 2.295098016822936376e-02 1.649079716212407618e+02 2.446527767516829499e+02 1.731999999999999886e+02
1.250000000000000000e+02 7.000000000000000666e-02 5.105803351064724244e-02 2.720463315576225796e+02 4.826298095569822522e+02 1.731999999999999886e+02
1.250000000000000000e+02 7.000000000000000666e-02 2.545923118376572369e-02 1.514750450979465484e+02 1.749526589031583796e+02 1.731999999999999886e+02
1.250000000000000000e+02 7.000000000000000666e-02 5.578784979480166245e-02 1.663513335892889131e+02 7.584810356903892625e+01 1.731999999999999886e+02
1.250000000000000000e+02 7.000000000000000666e-02 5.944034644389570993e-02 1.520790793472394000e+02 3.828106706213805666e+01 1.731999999999999886e+02
1.250000000000000000e+02 7.000000000000000666e-02 4.052893662854462065e-02 2.522726618301033454e+02 5.067189200201608514e+02 1.731999999999999886e+02
1.250000000000000000e+02 7.000000000000000666e-02 3.611976753217230329e-02 2.635732019888249624e+02 6.818060805663781139e+02 1.731999999999999886e+02
1.250000000000000000e+02 7.000000000000000666e-02 6.246905216906538383e-02 2.896192388261889619e+02 4.628131208496614590e+02 1.731999999999999886e+02
1.250000000000000000e+02 7.000000000000000666e-02 1.203420714377691769e-01 2.922112460403470209e+02 8.136412439984412970e+01 1.731999999999999886e+02
1.250000000000000000e+02 7.000000000000000666e-02 1.816574231768274678e-02 2.340610598558845084e+02 9.297399560345396594e+02 1.731999999999999886e+02
1.250000000000000000e+02 7.000000000000000666e-02 9.758923405395289463e-02 2.808204122036643184e+02 1.832714155239062563e+02 1.731999999999999886e+02
1.250000000000000000e+02 7.000000000000000666e-02 7.392012830106667320e-02 2.257552339066165246e+02 1.363403261255568282e+02 1.731999999999999886e+02
1.250000000000000000e+02 7.000000000000000666e-02 5.235823460907158139e-02 2.734246198982932583e+02 4.727560873462240352e+02 1.731999999999999886e+02
1.250000000000000000e+02 7.000000000000000666e-02 6.530989897066476202e-02 1.883222913817886024e+02 8.823337685643447514e+01 1.731999999999999886e+02
1.250000000000000000e+02 7.000000000000000666e-02 1.011647891372034064e-01 2.408645828211464845e+02 2.574840592503962000e+01 1.731999999999999886e+02
1.250000000000000000e+02 7.000000000000000666e-02 2.550055453825761723e-02 1.669460428210032319e+02 2.258947763944146345e+02 1.731999999999999886e+02
1.250000000000000000e+02 7.000000000000000666e-02 8.021146863633689394e-02 2.487916790043437345e+02 1.522868759291496872e+02 1.731999999999999886e+02
1.250000000000000000e+02 7.000000000000000666e-02 5.443586260570049129e-02 2.624654221254414210e+02 3.843721296051704712e+02 1.731999999999999886e+02
1.250000000000000000e+02 7.000000000000000666e-02 9.805339128915244173e-02 2.577099495952672896e+02 1.051697035048667175e+02 1.731999999999999886e+02
1.250000000000000000e+02 7.000000000000000666e-02 3.737648115260479992e-02 2.970355354991961576e+02 8.852645958500675079e+02 1.731999999999999886e+02
1.250000000000000000e+02 7.000000000000000666e-02 3.715924319653555324e-02 2.394625100848537045e+02 4.861868797473743484e+02 1.731999999999999886e+02
1.250000000000000000e+02 7.000000000000000666e-02 2.143994326954915333e-02 2.146198637082233063e+02 6.247631996319940981e+02 1.731999999999999886e+02
1.250000000000000000e+02 7.000000000000000666e-02 9.295719038285822633e-02 2.950104801113377562e+02 2.394147420696325241e+02 1.731999999999999886e+02
1.250000000000000000e+02 7.000000000000000666e-02 7.009070331764759298e-02 2.929948935903231586e+02 3.890498205301941539e+02 1.731999999999999886e+02
1.250000000000000000e+02 7.000000000000000666e-02 4.334848326663361812e-02 2.897528819504193507e+02 7.519669950204606721e+02 1.731999999999999886e+02
1.250000000000000000e+02 7.000000000000000666e-02 1.045027665431266795e-01 2.675013701537623660e+02 3.197797471520413026e+01 1.731999999999999886e+02
1.250000000000000000e+02 7.000000000000000666e-02 6.041838737058883441e-02 2.471412524632366683e+02 2.694825385173987797e+02 1.731999999999999886e+02
1.250000000000000000e+02 7.000000000000000666e-02 3.517913763811499755e-02 2.178192987666767806e+02 3.678507520082684437e+02 1.731999999999999886e+02
1.250000000000000000e+02 7.000000000000000666e-02 6.797354886273761221e-02 2.504308848702378327e+02 2.514152100793656928e+02 1.731999999999999886e+02
1.250000000000000000e+02 7.000000000000000666e-02 2.258167773223036107e-02 1.806135151060329349e+02 3.244189764499514013e+02 1.731999999999999886e+02
1.250000000000000000e+02 7.000000000000000666e-02 4.198441050074905312e-02 2.951748254374530234e+02 7.793226043414613287e+02 1.731999999999999886e+02
1.250000000000000000e+02 7.000000000000000666e-02 8.996338426015591805e-02 2.833772301117111283e+02 2.233184175624685395e+02 1.731999999999999886e+02
