1.250000000000000000e+02 7.000000000000000666e-02 2.345962779712605986e-02 2.179141866515016090e+02 5.506721508176224233e+02 1.731999999999999886e+02
1.250000000000000000e+02 7.000000000000000666e-02 8.335688284735169595e-02 2.694943745596094686e+02 1.914315033449964858e+02 1.731999999999999886e+02
1.250000000000000000e+02 7.000000000000000666e-02 9.158669752105040585e-02 2.583310419256828254e+02 1.078856281725019670e+02 1.731999999999999886e+02
1.250000000000000000e+02 7.000000000000000666e-02 1.049838018268303558e-01 2.803640864603734144e+02 1.188914362235995270e+02 1.731999999999999886e+02
1.250000000000000000e+02 7.000000000000000666e-02 8.807841022301412734e-03 1.824747234022771067e+02 8.956921712877407344e+02 1.731999999999999886e+02
1.250000000000000000e+02 7.000000000000000666e-02 8.982748088242303863e-02 2.727276731031977306e+02 1.777515087693120108e+02 1.731999999999999886e+02
1.250000000000000000e+02 7.000000000000000666e-02 1.027920600317192568e-01 2.857735993351880097e+02 1.534170919218240101e+02 1.731999999999999886e+02
1.250000000000000000e+02 7.000000000000000666e-02 1.269311477352390825e-02 2.083423966573105304e+02 9.195709765141983780e+02 1.731999999999999886e+02
1.250000000000000000e+02 7.000000000000000666e-02 6.197304081039868573e-02 2.905334279326884257e+02 4.844919061388508794e+02 1.731999999999999886e+02
1.250000000000000000e+02 7.000000000000000666e-02 1.067159956142840760e-01 2.624979327232417745e+02 1.703745315625103274e+01 1.731999999999999886e+02
1.250000000000000000e+02 7.000000000000000666e-02 4.196523721095369447e-02 1.967064642954809415e+02 2.123619819338599655e+02 1.731999999999999886e+02
1.250000000000000000e+02 7.000000000000000666e-02 1.249570947642982960e-01 2.940425888343856968e+02 3.105576976903648756e+01 1.731999999999999886e+02
1.250000000000000000e+02 7.000000000000000666e-02 1.037523885642864102e-01 2.739786907421682827e+02 1.274239909813660603e+02 1.731999999999999886e+02
1.250000000000000000e+02 7.000000000000000666e-02 8.943375044798136664e-02 2.798044069555652413e+02 1.928666764224350345e+02 1.731999999999999886e+02
1.250000000000000000e+02 7.000000000000000666e-02 5.602798455610114026e-02 2.101615803673416281e+02 1.673843244833628034e+02 1.731999999999999886e+02
1.250000000000000000e+02 7.000000000000000666e-02 4.647069971275692712e-02 2.540202270209238122e+02 4.178379619530005584e+02 1.731999999999999886e+02
1.250000000000000000e+02 7.000000000000000666e-02 1.166000566167781430e-02 2.011679797055748793e+02 9.245628239838902118e+02 1.731999999999999886e+02
1.250000000000000000e+02 7.000000000000000666e-02 8.596594354541420291e-02 2.134356461970966450e+02 1.591393404814606782e+01 1.731999999999999886e+02
1.250000000000000000e+02 7.000000000000000666e-02 7.126171090831145971e-02 1.813779519828580646e+02 5.415727042033246619e+01 1.731999999999999886e+02
1.250000000000000000e+02 7.000000000000000666e-02 9.741819402150914131e-02 2.859450867410261026e+02 1.987090021533444713e+02 1.731999999999999886e+02
1.250000000000000000e+02 7.000000000000000666e-02 8.241925564609083044e-02 2.981058648701861102e+02 3.288214650396212164e+02 1.731999999999999886e+02
1.250000000000000000e+02 7.000000000000000666e-02 2.249491123242872842e-02 2.295434903181938466e+02 7.132170574442518500e+02 1.731999999999999886e+02
1.250000000000000000e+02 7.000000000000000666e-02 4.673679420538434659e-02 2.422770501593815879e+02 3.466077513702167039e+02 1.731999999999999886e+02
1.250000000000000000e+02 7.000000000000000666e-02 1.038158779885160754e-01 2.726014843053682171e+02 7.687445055168150532e+01 1.731999999999999886e+02
1.250000000000000000e+02 7.000000000000000666e-02 4.124275630432119866e-02 2.428556486980227760e+02 4.157521558895574572e+02 1.731999999999999886e+02
1.250000000000000000e+02 7.000000000000000666e-02 1.979911766535673648e-02 2.206573088536872547e+02 6.907865980498316958e+02 1.731999999999999886e+02
1.250000000000000000e+02 7.000000000000000666e-02 9.014287804860833531e-02 2.740325325277802904e+02 1.930329026182739085e+02 1.731999999999999886e+02
1.250000000000000000e+02 7.000000000000000666e-02 5.487743026615969633e-02 2.787353298018260830e+02 4.863765505205541899e+02 1.731999999999999886e+02
1.250000000000000000e+02 7.000000000000000666e-02 4.120478004312769921e-02 1.810660804028339328e+02 1.557925957097106391e+02 1.731999999999999886e+02
1.250000000000000000e+02 7.000000000000000666e-02 1.101945283817512278e-01 2.959914170440112002e+02 1.279341132975399802e+02 1.731999999999999886e+02
1.250000000000000000e+02 7.000000000000000666e-02 4.138202163703008640e-02 2.136545662597099238e+02 2.927829499995593210e+02 1.731999999999999886e+02
1.250000000000000000e+02 7.000000000000000666e-02 5.716802379144426266e-02 2.393686854992047586e+02 2.718187817946346740e+02 1.731999999999999886e+02
1.250000000000000000e+02 7.000000000000000666e-02 4.614387053590569138e-02 1.981192792110679761e+02 1.815133565309636197e+02 1.731999999999999886e+02
1.250000000000000000e+02 7.000000000000000666e-02 8.374870002729084550e-02 2.779060433514412694e+02 2.505741904629651629e+02 1.731999999999999886e+02
1.250000000000000000e+02 7.000000000000000666e-02 2.460126767612937082e-02 2.449383365125472096e+02 7.734307968700120455e+02 1.731999999999999886e+02
1.250000000000000000e+02 7.000000000000000666e-02 3.648705077149606152e-02 2.990253275308187995e+02 9.319516478328794165e+02 1.731999999999999886e+02
1.250000000000000000e+02 7.000000000000000666e-02 2.636482142080753474e-02 1.919705007826646863e+02 3.511128832545636556e+02 1.731999999999999886e+02
1.250000000000000000e+02 7.000000000000000666e-02 8.012763769018796389e-02 2.091178698923174011e+02 6.334774790975538394e+01 1.731999999999999886e+02
1.250000000000000000e+02 7.000000000000000666e-02 3.904766814454049134e-02 2.725797698867424401e+02 6.875490350470197427e+02 1.731999999999999886e+02
1.250000000000000000e+02 7.000000000000000666e-02 4.030094493219798374e-02 2.376144180394325076e+02 4.156629150940672162e+02 1.731999999999999886e+02
1.250000000000000000e+02 7.000000000000000666e-02 8.697400565422755414e-02 2.990603259586599165e+02 2.983580759651962921e+02 1.731999999999999886e+02
1.250000000000000000e+02 7.000000000000000666e-02 4.917217761909657009e-02 2.066670923711236014e+02 1.971184459889597917e+02 1.731999999999999886e+02
1.250000000000000000e+02 7.000000000000000666e-02 5.440740742497940374e-02 2.942291531672807423e+02 5.824263799934454937e+02 1.731999999999999886e+02
1.250000000000000000e+02 7.000000000000000666e-02 4.614987203698443091e-02 2.807181586034366774e+02 5.861098172380376354e+02 1.731999999999999886e+02
1.250000000000000000e+02 7.000000000000000666e-02 2.536635957070627889e-02 1.504949395726697503e+02 1.690202513576783190e+02 1.731999999999999886e+02
1.250000000000000000e+02 7.000000000000000666e-02 1.035782339050874828e-01 2.929362710393804718e+02 1.605565584530209549e+02 1.731999999999999886e+02
1.250000000000000000e+02 7.000000000000000666e-02 4.004022853926936937e-02 2.476866399909037000e+02 4.589385193932445191e+02 1.731999999999999886e+02
1.250000000000000000e+02 7.000000000000000666e-02 3.763852955447656579e-02 2.558394044538774494e+02 5.663318773251394305e+02 1.731999999999999886e+02
1.250000000000000000e+02 7.000000000000000666e-02 7.774364282469231613e-02 1.859978185884308459e+02 3.391718381588772502e+01 1.731999999999999886e+02
1.250000000000000000e+02 7.000000000000000666e-02 6.336561789865249872e-02 2.952453419937606895e+02 4.601954275721344061e+02 1.731999999999999886e+02
1.250000000000000000e+02 7.000000000000000666e-02 7.815515250673445158e-02 2.646829134086691511e+02 2.178039292543140562e+02 1.731999999999999886e+02
1.250000000000000000e+02 7.000000000000000666e-02 3.650223038094868588e-02 2.286960664352613435e+02 4.102973615538965078e+02 1.731999999999999886e+02
1.250000000000000000e+02 7.000000000000000666e-02 8.277178473173381346e-02 2.331347865263870460e+02 1.184782967251546353e+02 1.731999999999999886e+02
1.250000000000000000e+02 7.000000000000000666e-02 1.058324245208115411e-01 2.683911286673934455e+02 9.133595205453981691e+01 1.731999999999999886e+02
1.250000000000000000e+02 7.000000000000000666e-02 1.147968730787455871e-01 2.913672935948176246e+02 8.038812743492567847e+01 1.731999999999999886e+02
1.250000000000000000e+02 7.000000000000000666e-02 5.390996168464241151e-02 2.799751216209202767e+02 5.132615725637492687e+02 1.731999999999999886e+02
1.250000000000000000e+02 7.000000000000000666e-02 5.823769549281230390e-02 2.823195255613075574e+02 4.437962839055354607e+02 1.731999999999999886e+02
