1.250000000000000000e+02 7.000000000000000666e-02 1.892103660720291167e-02 2.285879204305755934e+02 8.544412649495436654e+02 1.731999999999999886e+02
1.250000000000000000e+02 7.000000000000000666e-02 6.813217144289508698e-02 2.666472066162888268e+02 3.070142673157064337e+02 1.731999999999999886e+02
1.250000000000000000e+02 7.000000000000000666e-02 4.239811170631170578e-02 2.433000478812361962e+02 4.212830420507662552e+02 1.731999999999999886e+02
1.250000000000000000e+02 7.000000000000000666e-02 9.251042634079428839e-02 2.673147006852159961e+02 1.517812203629659962e+02 1.731999999999999886e+02
1.250000000000000000e+02 7.000000000000000666e-02 1.145928980137952413e-01 2.949652880443008485e+02 5.661827322169758503e+01 1.731999999999999886e+02
1.250000000000000000e+02 7.000000000000000666e-02 7.263465708240181284e-02 2.642243756577873341e+02 2.590260149830172054e+02 1.731999999999999886e+02
1.250000000000000000e+02 7.000000000000000666e-02 1.026143112543129038e-01 2.648883054687591994e+02 8.199945058545308996e+01 1.731999999999999886e+02
1.250000000000000000e+02 7.000000000000000666e-02 2.255609130166028042e-02 1.802897269220063379e+02 3.270421333292289319e+02 1.731999999999999886e+02
1.250000000000000000e+02 7.000000000000000666e-02 3.597073206730564549e-02 2.902236591832461272e+02 9.137885878888524758e+02 1.731999999999999886e+02
1.250000000000000000e+02 7.000000000000000666e-02 2.708033884112714257e-02 2.327013567483821248e+02 6.180742987241776518e+02 1.731999999999999886e+02
1.250000000000000000e+02 7.000000000000000666e-02 5.025480691163512065e-02 2.769811611234741804e+02 5.196195469102231073e+02 1.731999999999999886e+02
1.250000000000000000e+02 7.000000000000000666e-02 1.020704930973400509e-01 2.914332383466062879e+02 1.563287309908507154e+02 1.731999999999999886e+02
1.250000000000000000e+02 7.000000000000000666e-02 8.619517588235260652e-02 2.134927579123765611e+02 3.355475685426109322e+01 1.731999999999999886e+02
1.250000000000000000e+02 7.000000000000000666e-02 1.059296151539923514e-01 2.656909467381175318e+02 3.848046899037383639e+01 1.731999999999999886e+02
1.250000000000000000e+02 7.000000000000000666e-02 3.894466258256108759e-02 2.754543666349784985e+02 6.824332396672125469e+02 1.731999999999999886e+02
1.250000000000000000e+02 7.000000000000000666e-02 1.201092222693275896e-01 2.909658594789087829e+02 4.296192069028700899e+01 1.731999999999999886e+02
1.250000000000000000e+02 7.000000000000000666e-02 1.065905458442820281e-01 2.690817577575678570e+02 5.825559752131442792e+01 1.731999999999999886e+02
1.250000000000000000e+02 7.000000000000000666e-02 6.236097300028382862e-02 2.448645681133934886e+02 2.595533130155295680e+02 1.731999999999999886e+02
1.250000000000000000e+02 7.000000000000000666e-02 5.942832135766771412e-02 2.864988034021223484e+02 4.668453688459245541e+02 1.731999999999999886e+02
1.250000000000000000e+02 7.000000000000000666e-02 6.855689557400722334e-02 2.765030937628132506e+02 3.565472792508153930e+02 1.731999999999999886e+02
1.250000000000000000e+02 7.000000000000000666e-02 6.074989246033682400e-02 1.941693563538685510e+02 1.012797678875911487e+02 1.731999999999999886e+02
1.250000000000000000e+02 7.000000000000000666e-02 9.003480368324633110e-02 2.695459732795067112e+02 1.734705545358858672e+02 1.731999999999999886e+02
1.250000000000000000e+02 7.000000000000000666e-02 3.911696769492170600e-02 2.386562953362204667e+02 4.422295180418975065e+02 1.731999999999999886e+02
1.250000000000000000e+02 7.000000000000000666e-02 5.571685131788443879e-02 2.062290158809184959e+02 1.716568857159192021e+02 1.731999999999999886e+02
1.250000000000000000e+02 7.000000000000000666e-02 1.398465972169563552e-02 1.592029029368754891e+02 3.816687833752498022e+02 1.731999999999999886e+02
1.250000000000000000e+02 7.000000000000000666e-02 9.121923221773033108e-02 2.234028692127106410e+02 1.612446954805742649e+01 1.731999999999999886e+02
1.250000000000000000e+02 7.000000000000000666e-02 3.327547793636858459e-02 2.425248790709991624e+02 5.517087647348863584e+02 1.731999999999999886e+02
1.250000000000000000e+02 7.000000000000000666e-02 9.206342069587043764e-02 2.680694563608619774e+02 1.684517630785446158e+02 1.731999999999999886e+02
1.250000000000000000e+02 7.000000000000000666e-02 2.486346078950318547e-02 2.337501499434710013e+02 6.710134058275732514e+02 1.731999999999999886e+02
1.250000000000000000e+02 7.000000000000000666e-02 5.733446357513721087e-02 2.409490868234923653e+02 2.589274974511974392e+02 1.731999999999999886e+02
1.250000000000000000e+02 7.000000000000000666e-02 5.733336017429745829e-02 2.880441689478237208e+02 4.774222810459967263e+02 1.731999999999999886e+02
1.250000000000000000e+02 7.000000000000000666e-02 1.158591299057050439e-01 2.968427729547963736e+02 6.534663097733825055e+01 1.731999999999999886e+02
1.250000000000000000e+02 7.000000000000000666e-02 5.302436782678093125e-02 2.447170683840202798e+02 3.338731131544665800e+02 1.731999999999999886e+02
1.250000000000000000e+02 7.000000000000000666e-02 1.336028782812479290e-02 2.079334653088712628e+02 9.206756007134421225e+02 1.731999999999999886e+02
1.250000000000000000e+02 7.000000000000000666e-02 4.170827432711667060e-02 2.898670088048882008e+02 7.720414159648200894e+02 1.731999999999999886e+02
1.250000000000000000e+02 7.000000000000000666e-02 4.742730933652208880e-02 2.624450770541248517e+02 4.658355848496123031e+02 1.731999999999999886e+02
1.250000000000000000e+02 7.000000000000000666e-02 3.860373798630160891e-02 2.077339756091449203e+02 2.799889078780154250e+02 1.731999999999999886e+02
1.250000000000000000e+02 7.000000000000000666e-02 5.429542450752229688e-02 2.073186503485127332e+02 1.764744390282974962e+02 1.731999999999999886e+02
1.250000000000000000e+02 7.000000000000000666e-02 9.598401512350168696e-03 1.929530521983908216e+02 9.803366180144391819e+02 1.731999999999999886e+02
1.250000000000000000e+02 7.000000000000000666e-02 3.958194785148543005e-02 2.661462955161612172e+02 6.016377975772330728e+02 1.731999999999999886e+02
1.250000000000000000e+02 7.000000000000000666e-02 8.145544141199201338e-02 2.666856143351061519e+02 1.994887122672098769e+02 1.731999999999999886e+02
1.250000000000000000e+02 7.000000000000000666e-02 5.859712283279387701e-02 1.974087612242741443e+02 1.290739429865846262e+02 1.731999999999999886e+02
1.250000000000000000e+02 7.000000000000000666e-02 2.338154495259909746e-02 2.018550682690249118e+02 4.399375676427338817e+02 1.731999999999999886e+02
1.250000000000000000e+02 7.000000000000000666e-02 5.614325446460155522e-02 2.930510986334309678e+02 5.253986725898148507e+02 1.731999999999999886e+02
1.250000000000000000e+02 7.000000000000000666e-02 7.259198567090580090e-02 2.787062177311314031e+02 3.346721602335713328e+02 1.731999999999999886e+02
1.250000000000000000e+02 7.000000000000000666e-02 1.005015537843173129e-01 2.775216854785902569e+02 1.254733811570015973e+02 1.731999999999999886e+02
1.250000000000000000e+02 7.000000000000000666e-02 1.000799913941606833e-01 2.538914710238565249e+02 1.314531915495009784e+01 1.731999999999999886e+02
1.250000000000000000e+02 7.000000000000000666e-02 4.139182593933492249e-02 2.585973837602699632e+02 5.325829018818114946e+02 1.731999999999999886e+02
1.250000000000000000e+02 7.000000000000000666e-02 3.140370070596959495e-02 2.619866003794710423e+02 7.723103055134864690e+02 1.731999999999999886e+02
1.250000000000000000e+02 7.000000000000000666e-02 6.430893664718909108e-02 2.892653687869532178e+02 4.417223190358399165e+02 1.731999999999999886e+02
1.250000000000000000e+02 7.000000000000000666e-02 2.261365153957061933e-02 2.230742786527966359e+02 6.714876378210765324e+02 1.731999999999999886e+02
1.250000000000000000e+02 7.000000000000000666e-02 3.420821902021450173e-02 2.420644039402771455e+02 5.064379552906973458e+02 1.731999999999999886e+02
1.250000000000000000e+02 7.000000000000000666e-02 1.507358066238691577e-02 1.969518373886041047e+02 6.818808339850759239e+02 1.731999999999999886e+02
1.250000000000000000e+02 7.000000000000000666e-02 9.208391309214380982e-02 2.936747806699643206e+02 2.273725722445111046e+02 1.731999999999999886e+02
1.250000000000000000e+02 7.000000000000000666e-02 6.319680776994511529e-02 2.205892448666938321e+02 1.698255524646610581e+02 1.731999999999999886e+02
1.250000000000000000e+02 7.000000000000000666e-02 2.264607560516542981e-02 1.525956841642324946e+02 1.907332255398490304e+02 1.731999999999999886e+02
1.250000000000000000e+02 7.000000000000000666e-02 1.174202641752781183e-02 1.960944059680818157e+02 8.868689146734379847e+02 1.731999999999999886e+02
1.250000000000000000e+02 7.000000000000000666e-02 5.292479293190756329e-02 1.530617263392426537e+02 5.153391603997842907e+01 1.731999999999999886e+02
1.250000000000000000e+02 7.000000000000000666e-02 1.880288599405107591e-02 2.337914808674497067e+02 9.351035915090183153e+02 1.731999999999999886e+02
1.250000000000000000e+02 7.000000000000000666e-02 7.025890929323510420e-03 1.506640056736906104e+02 6.810673152401921016e+02 1.731999999999999886e+02
1.250000000000000000e+02 7.000000000000000666e-02 7.976011615133739296e-02 2.395190501010042397e+02 1.318310989256654011e+02 1.731999999999999886e+02
1.250000000000000000e+02 7.000000000000000666e-02 4.108740193231720517e-02 2.916021719457459085e+02 8.049773023743925933e+02 1.731999999999999886e+02
1.250000000000000000e+02 7.000000000000000666e-02 8.159733566491701728e-02 2.459942721675623432e+02 1.518383577427730700e+02 1.731999999999999886e+02
1.250000000000000000e+02 7.000000000000000666e-02 8.502362574476186874e-02 2.478579074562404116e+02 1.337389988744845368e+02 1.731999999999999886e+02
1.250000000000000000e+02 7.000000000000000666e-02 3.041293444760407791e-02 2.039776645875078316e+02 3.441244540362735052e+02 1.731999999999999886e+02
1.250000000000000000e+02 7.000000000000000666e-02 6.659924257848863494e-02 2.928893922099491647e+02 4.311933181714480838e+02 1.731999999999999886e+02
1.250000000000000000e+02 7.000000000000000666e-02 5.358066305216478004e-02 2.184918690736677149e+02 2.132883826649647006e+02 1.731999999999999886e+02
1.250000000000000000e+02 7.000000000000000666e-02 6.541058689960679851e-02 2.987669022686175140e+02 4.652629102271768033e+02 1.731999999999999886e+02
1.250000000000000000e+02 7.000000000000000666e-02 4.272858209902191673e-02 2.186595756436506690e+02 2.775620149465901818e+02 1.731999999999999886e+02
1.250000000000000000e+02 7.000000000000000666e-02 4.094308538770980582e-02 2.768482589539179912e+02 6.885495692777901695e+02 1.731999999999999886e+02
1.250000000000000000e+02 7.000000000000000666e-02 2.764174427970136211e-02 2.177770390895057631e+02 4.603041484385240096e+02 1.731999999999999886e+02
1.250000000000000000e+02 7.000000000000000666e-02 1.855632154933392619e-02 2.413475236733161751e+02 9.945986917189770793e+02 1.731999999999999886e+02
1.250000000000000000e+02 7.000000000000000666e-02 1.140927577255467507e-01 2.816755634685768541e+02 6.204265264374151201e+01 1.731999999999999886e+02
