1.250000000000000000e+02 7.000000000000000666e-02 8.605578244046178937e-02 2.616517148367104255e+02 1.732547070019737987e+02 1.731999999999999886e+02
1.250000000000000000e+02 7.000000000000000666e-02 1.171649161479499796e-01 2.972638035253520457e+02 3.401735354588390692e+01 1.731999999999999886e+02
1.250000000000000000e+02 7.000000000000000666e-02 4.383565374583666546e-02 2.846288805578581105e+02 6.548062021593533473e+02 1.731999999999999886e+02
1.250000000000000000e+02 7.000000000000000666e-02 7.560741491850681006e-02 2.736393312545517347e+02 2.809048348344034025e+02 1.731999999999999886e+02
1.250000000000000000e+02 7.000000000000000666e-02 8.937391143518071124e-02 2.134002447026835227e+02 1.934020486374593517e+01 1.731999999999999886e+02
1.250000000000000000e+02 7.000000000000000666e-02 9.123226561760068576e-02 2.764592566218776142e+02 2.064501019248444322e+02 1.731999999999999886e+02
1.250000000000000000e+02 7.000000000000000666e-02 1.154555683085547318e-02 1.973951149917987493e+02 8.994303308441765239e+02 1.731999999999999886e+02
1.250000000000000000e+02 7.000000000000000666e-02 2.450066619256732053e-02 2.023320220050631235e+02 4.229059634029253516e+02 1.731999999999999886e+02
1.250000000000000000e+02 7.000000000000000666e-02 7.337415924219689578e-02 2.638215227499991329e+02 2.431610846177421195e+02 1.731999999999999886e+02
1.250000000000000000e+02 7.000000000000000666e-02 1.673113561689369352e-02 2.242472130355425008e+02 8.709926351401721831e+02 1.731999999999999886e+02
1.250000000000000000e+02 7.000000000000000666e-02 1.058552311412024466e-01 2.771864607829839997e+02 8.322240755972495663e+01 1.731999999999999886e+02
1.250000000000000000e+02 7.000000000000000666e-02 8.013671827144151771e-02 2.809616114160162397e+02 2.634626311888422379e+02 1.731999999999999886e+02
1.250000000000000000e+02 7.000000000000000666e-02 9.143153500773605960e-03 1.616030626060481268e+02 6.107102687889565686e+02 1.731999999999999886e+02
1.250000000000000000e+02 7.000000000000000666e-02 3.234714852448783429e-02 1.860520339180663996e+02 2.532434981129537448e+02 1.731999999999999886e+02
1.250000000000000000e+02 7.000000000000000666e-02 9.866145859975314347e-02 2.605397985272238657e+02 1.059052768202671615e+02 1.731999999999999886e+02
1.250000000000000000e+02 7.000000000000000666e-02 3.571749299074605810e-02 2.559610373560924756e+02 5.772365472328064016e+02 1.731999999999999886e+02
1.250000000000000000e+02 7.000000000000000666e-02 4.776352879898805581e-02 2.372946750094766344e+02 3.319783602516736210e+02 1.731999999999999886e+02
1.250000000000000000e+02 7.000000000000000666e-02 1.036329294256444905e-01 2.934945434844936472e+02 1.437836461644529038e+02 1.731999999999999886e+02
1.250000000000000000e+02 7.000000000000000666e-02 4.101412432532722252e-02 1.767297518483932492e+02 1.518153011650100837e+02 1.731999999999999886e+02
1.250000000000000000e+02 7.000000000000000666e-02 9.850334208712446804e-02 2.633391403686677563e+02 9.239856351656345623e+01 1.731999999999999886e+02
1.250000000000000000e+02 7.000000000000000666e-02 2.865870557933883345e-02 1.686502652475564901e+02 2.029906353436205109e+02 1.731999999999999886e+02
1.250000000000000000e+02 7.000000000000000666e-02 4.794865530547161303e-02 2.870609860358584342e+02 6.233635193181581826e+02 1.731999999999999886e+02
1.250000000000000000e+02 7.000000000000000666e-02 4.023286680588210318e-02 2.475194337965708371e+02 4.506003844829138529e+02 1.731999999999999886e+02
1.250000000000000000e+02 7.000000000000000666e-02 7.881710016437031008e-02 2.535176496764640603e+02 1.793619160094002893e+02 1.731999999999999886e+02
1.250000000000000000e+02 7.000000000000000666e-02 4.282134147883398523e-02 2.746947641440065695e+02 6.345822987039847476e+02 1.731999999999999886e+02
1.250000000000000000e+02 7.000000000000000666e-02 8.109796305460553745e-02 2.552676518690875014e+02 1.576112214252268586e+02 1.731999999999999886e+02
1.250000000000000000e+02 7.000000000000000666e-02 9.573927656817410314e-02 2.809063486517410979e+02 1.790066541696608056e+02 1.731999999999999886e+02
1.250000000000000000e+02 7.000000000000000666e-02 5.694543479979719686e-02 2.997532705051487483e+02 6.032578492738792875e+02 1.731999999999999886e+02
1.250000000000000000e+02 7.000000000000000666e-02 2.928819225074649410e-02 2.729010738826003148e+02 9.390661452083263612e+02 1.731999999999999886e+02
1.250000000000000000e+02 7.000000000000000666e-02 4.371604488602475608e-02 1.943371710748974124e+02 1.996409800688287248e+02 1.731999999999999886e+02
1.250000000000000000e+02 7.000000000000000666e-02 6.667619368701514782e-02 2.569171133568804066e+02 2.644365392427400820e+02 1.731999999999999886e+02
1.250000000000000000e+02 7.000000000000000666e-02 1.130134911860858696e-02 1.987508614979111030e+02 9.393322702686365346e+02 1.731999999999999886e+02
1.250000000000000000e+02 7.000000000000000666e-02 2.536677316429740425e-02 1.745633752477498604e+02 2.733255150388674792e+02 1.731999999999999886e+02
1.250000000000000000e+02 7.000000000000000666e-02 7.542683850016364266e-02 2.086007531288838095e+02 8.818502091545322230e+01 1.731999999999999886e+02
1.250000000000000000e+02 7.000000000000000666e-02 7.367403122523716319e-02 2.787046059386954084e+02 3.040983260387478708e+02 1.731999999999999886e+02
1.250000000000000000e+02 7.000000000000000666e-02 4.549930651486805422e-02 1.741206186662383857e+02 1.211853709649137727e+02 1.731999999999999886e+02
1.250000000000000000e+02 7.000000000000000666e-02 4.296037606762605210e-02 1.620014800122548024e+02 1.044877207375553496e+02 1.731999999999999886e+02
1.250000000000000000e+02 7.000000000000000666e-02 8.053261724671549604e-02 2.316541336081779434e+02 1.114145212726292584e+02 1.731999999999999886e+02
1.250000000000000000e+02 7.000000000000000666e-02 8.239458696644286206e-02 2.035244158576538780e+02 4.142984966047529838e+01 1.731999999999999886e+02
1.250000000000000000e+02 7.000000000000000666e-02 1.291260427895153488e-02 1.847166085564023490e+02 6.284723269541998434e+02 1.731999999999999886e+02
1.250000000000000000e+02 7.000000000000000666e-02 3.552867317164110084e-02 2.737305560261796131e+02 7.337243040782110484e+02 1.731999999999999886e+02
1.250000000000000000e+02 7.000000000000000666e-02 1.142479163832176153e-01 2.865722871437105823e+02 3.338178093140638225e+01 1.731999999999999886e+02
1.250000000000000000e+02 7.000000000000000666e-02 3.720883828832115270e-02 1.994513001865012711e+02 2.539828069410242222e+02 1.731999999999999886e+02
1.250000000000000000e+02 7.000000000000000666e-02 8.031675977221779117e-02 2.817174686820550278e+02 2.947480799774588149e+02 1.731999999999999886e+02
1.250000000000000000e+02 7.000000000000000666e-02 9.408825108281355931e-02 2.654334492749497940e+02 1.545835506422363039e+02 1.731999999999999886e+02
1.250000000000000000e+02 7.000000000000000666e-02 9.883025116903412788e-02 2.378473827334630926e+02 3.284918950891002964e+01 1.731999999999999886e+02
1.250000000000000000e+02 7.000000000000000666e-02 4.243320372255861977e-02 2.905544550601986202e+02 7.232706131842541026e+02 1.731999999999999886e+02
1.250000000000000000e+02 7.000000000000000666e-02 1.081947616141098606e-01 2.685322812627206304e+02 4.613531422794756764e+01 1.731999999999999886e+02
1.250000000000000000e+02 7.000000000000000666e-02 6.770717860789195186e-02 2.940601795077844258e+02 4.249242579105506366e+02 1.731999999999999886e+02
1.250000000000000000e+02 7.000000000000000666e-02 4.683793546841177186e-02 2.552841124230218952e+02 4.140764151492633118e+02 1.731999999999999886e+02
1.250000000000000000e+02 7.000000000000000666e-02 8.012748660917574928e-02 2.384969085326276002e+02 1.168205784477160307e+02 1.731999999999999886e+02
