1.250000000000000000e+02 7.000000000000000666e-02 6.699205969832545959e-02 1.730090679922091965e+02 4.535168325413714285e+01 1.731999999999999886e+02
1.250000000000000000e+02 7.000000000000000666e-02 8.044614120605809993e-02 2.295401769690508331e+02 9.564476592148338341e+01 1.731999999999999886e+02
1.250000000000000000e+02 7.000000000000000666e-02 1.187533030781533494e-01 2.888877991964887997e+02 6.269691282731037063e+01 1.731999999999999886e+02
1.250000000000000000e+02 7.000000000000000666e-02 4.192908767601309650e-02 2.823452145460584575e+02 7.007382324322815066e+02 1.731999999999999886e+02
1.250000000000000000e+02 7.000000000000000666e-02 8.502437438071568099e-02 2.308556308108621806e+02 9.769248148992312508e+01 1.731999999999999886e+02
1.250000000000000000e+02 7.000000000000000666e-02 2.294397512657513419e-02 1.983392420459475716e+02 4.458459230072207333e+02 1.731999999999999886e+02
1.250000000000000000e+02 7.000000000000000666e-02 6.046329392079546894e-02 2.311210312347016611e+02 2.150105216019674685e+02 1.731999999999999886e+02
1.250000000000000000e+02 7.000000000000000666e-02 4.017131454091394521e-02 1.832242561488257024e+02 1.716135936122551868e+02 1.731999999999999886e+02
1.250000000000000000e+02 7.000000000000000666e-02 7.273814341788270577e-02 2.070673170907792837e+02 9.576174186544221811e+01 1.731999999999999886e+02
1.250000000000000000e+02 7.000000000000000666e-02 6.768540772542901152e-02 2.033164687924866030e+02 9.196713842846133957e+01 1.731999999999999886e+02
1.250000000000000000e+02 7.000000000000000666e-02 8.443598186040650322e-02 2.985230475722335655e+02 3.073022100574033857e+02 1.731999999999999886e+02
1.250000000000000000e+02 7.000000000000000666e-02 3.708665375985067958e-02 2.889202207112632550e+02 8.415570079515696307e+02 1.731999999999999886e+02
1.250000000000000000e+02 7.000000000000000666e-02 1.692863805809541669e-02 2.205409308518398177e+02 8.154829326841322654e+02 1.731999999999999886e+02
1.250000000000000000e+02 7.000000000000000666e-02 2.681367516083493774e-02 2.463530176280673913e+02 7.390175644157264969e+02 1.731999999999999886e+02
1.250000000000000000e+02 7.000000000000000666e-02 3.744838382235119584e-02 2.469287207653126188e+02 5.264801967911607790e+02 1.731999999999999886e+02
1.250000000000000000e+02 7.000000000000000666e-02 2.888267640061163016e-02 2.690142172505456415e+02 9.253627532953527179e+02 1.731999999999999886e+02
1.250000000000000000e+02 7.000000000000000666e-02 9.608002474784201052e-02 2.446660479498587222e+02 5.532766983715114861e+01 1.731999999999999886e+02
1.250000000000000000e+02 7.000000000000000666e-02 4.983760819344944248e-02 2.343745365694165343e+02 2.915936732119699855e+02 1.731999999999999886e+02
1.250000000000000000e+02 7.000000000000000666e-02 3.035694354996464756e-02 1.662303520998688953e+02 1.888177325849518411e+02 1.731999999999999886e+02
1.250000000000000000e+02 7.000000000000000666e-02 7.487471600819346762e-02 2.617860598213431444e+02 2.316594320261313271e+02 1.731999999999999886e+02
1.250000000000000000e+02 7.000000000000000666e-02 6.838643618090543830e-02 2.113129550320612680e+02 1.264106374269059074e+02 1.731999999999999886e+02
1.250000000000000000e+02 7.000000000000000666e-02 9.875426161438799477e-02 2.536594063699800472e+02 3.973546561067998084e+01 1.731999999999999886e+02
1.250000000000000000e+02 7.000000000000000666e-02 7.158506435470311791e-02 2.818903602279951883e+02 3.187659674698104482e+02 1.731999999999999886e+02
1.250000000000000000e+02 7.000000000000000666e-02 4.657250150447134196e-02 2.154136333446728599e+02 2.414693784134778696e+02 1.731999999999999886e+02
1.250000000000000000e+02 7.000000000000000666e-02 6.489205792056410016e-02 2.302519994909322918e+02 1.838330747317927774e+02 1.731999999999999886e+02
1.250000000000000000e+02 7.000000000000000666e-02 7.333722682250154445e-02 2.994104577018681539e+02 3.843814725208766845e+02 1.731999999999999886e+02
1.250000000000000000e+02 7.000000000000000666e-02 6.367110312934760874e-02 1.529878021835938853e+02 2.699304385117419613e+01 1.731999999999999886e+02
1.250000000000000000e+02 7.000000000000000666e-02 3.510863054239372200e-02 2.000378196844555418e+02 2.845158467075744397e+02 1.731999999999999886e+02
1.250000000000000000e+02 7.000000000000000666e-02 1.609742469779890106e-02 2.007703834309977822e+02 6.431024627300653265e+02 1.731999999999999886e+02
1.250000000000000000e+02 7.000000000000000666e-02 2.976259755649481725e-02 2.733425756927741759e+02 9.003517515020957944e+02 1.731999999999999886e+02
1.250000000000000000e+02 7.000000000000000666e-02 8.543625103204215143e-02 2.309364892378439436e+02 8.786289617963673493e+01 1.731999999999999886e+02
1.250000000000000000e+02 7.000000000000000666e-02 9.238195555493053726e-03 1.759584297799430317e+02 7.581300748764223272e+02 1.731999999999999886e+02
1.250000000000000000e+02 7.000000000000000666e-02 2.906557796464040097e-02 2.028203148464710637e+02 3.592026046571207303e+02 1.731999999999999886e+02
1.250000000000000000e+02 7.000000000000000666e-02 2.383618004694924158e-02 2.531752895009812505e+02 9.175378270169990174e+02 1.731999999999999886e+02
1.250000000000000000e+02 7.000000000000000666e-02 8.588595455037230375e-02 2.297003287200759587e+02 9.312559907818500449e+01 1.731999999999999886e+02
1.250000000000000000e+02 7.000000000000000666e-02 9.761081712303067148e-02 2.693533683266937260e+02 1.241638466632702631e+02 1.731999999999999886e+02
1.250000000000000000e+02 7.000000000000000666e-02 2.098312161463913167e-02 1.606834659964791285e+02 2.572220534792220974e+02 1.731999999999999886e+02
1.250000000000000000e+02 7.000000000000000666e-02 6.239166243884433638e-02 2.713517780641566333e+02 3.573180644886200525e+02 1.731999999999999886e+02
1.250000000000000000e+02 7.000000000000000666e-02 6.454842237160110519e-02 2.653452028354155345e+02 3.284263776137973991e+02 1.731999999999999886e+02
1.250000000000000000e+02 7.000000000000000666e-02 3.724604592579385670e-02 1.953634413850513738e+02 2.321937204225527864e+02 1.731999999999999886e+02
1.250000000000000000e+02 7.000000000000000666e-02 4.255881593126777801e-02 2.881041002050192219e+02 7.264050195918644022e+02 1.731999999999999886e+02
1.250000000000000000e+02 7.000000000000000666e-02 8.915311643641393724e-02 2.417799754661445490e+02 9.676753569513489595e+01 1.731999999999999886e+02
1.250000000000000000e+02 7.000000000000000666e-02 8.983945571196830238e-02 2.703210766931812827e+02 1.871415084130809703e+02 1.731999999999999886e+02
1.250000000000000000e+02 7.000000000000000666e-02 6.766260333315045339e-02 1.957486028957406177e+02 8.101667061828985084e+01 1.731999999999999886e+02
1.250000000000000000e+02 7.000000000000000666e-02 6.942288303607885291e-02 2.917349901461017225e+02 3.771390616075550497e+02 1.731999999999999886e+02
1.250000000000000000e+02 7.000000000000000666e-02 3.878235733233682814e-02 2.680288580319067364e+02 6.237725123642708240e+02 1.731999999999999886e+02
1.250000000000000000e+02 7.000000000000000666e-02 9.495063813624521343e-02 2.794888642881603573e+02 1.655771645896602138e+02 1.731999999999999886e+02
1.250000000000000000e+02 7.000000000000000666e-02 9.022104875113591549e-02 2.822427384558956760e+02 2.183136707041972215e+02 1.731999999999999886e+02
1.250000000000000000e+02 7.000000000000000666e-02 8.682986859850298778e-02 2.336571871769973257e+02 8.100278511028513151e+01 1.731999999999999886e+02
1.250000000000000000e+02 7.000000000000000666e-02 4.003796480155148718e-02 2.057969108047042539e+02 2.465702865723996808e+02 1.731999999999999886e+02
1.250000000000000000e+02 7.000000000000000666e-02 1.196773197252860715e-01 2.943668517266120261e+02 7.714154222432239294e+01 1.731999999999999886e+02
1.250000000000000000e+02 7.000000000000000666e-02 1.178784962074728021e-01 2.960161299899035612e+02 1.136852889741213772e+02 1.731999999999999886e+02
1.250000000000000000e+02 7.000000000000000666e-02 3.850880631472409360e-02 2.331445195856383918e+02 4.227941828937289301e+02 1.731999999999999886e+02
1.250000000000000000e+02 7.000000000000000666e-02 2.867697768701303260e-02 2.702068138787972202e+02 9.302756805496925381e+02 1.731999999999999886e+02
1.250000000000000000e+02 7.000000000000000666e-02 5.815958241804532886e-02 1.930107709675452270e+02 1.066707948295147190e+02 1.731999999999999886e+02
1.250000000000000000e+02 7.000000000000000666e-02 8.447872793234158240e-02 2.772221195236274980e+02 2.264741246570040971e+02 1.731999999999999886e+02
1.250000000000000000e+02 7.000000000000000666e-02 1.155787460885803614e-01 2.774298561513655841e+02 2.055123004907969175e+01 1.731999999999999886e+02
1.250000000000000000e+02 7.000000000000000666e-02 5.236412452137124973e-02 2.579909146199679526e+02 3.799375690988089218e+02 1.731999999999999886e+02
1.250000000000000000e+02 7.000000000000000666e-02 1.087901924907478113e-01 2.703499852710477853e+02 2.860726433536605029e+01 1.731999999999999886e+02
1.250000000000000000e+02 7.000000000000000666e-02 1.858949934370918849e-02 2.144028432420075490e+02 6.883343478574754499e+02 1.731999999999999886e+02
